date_now: 2023-12-14 13:21:52
date_now_epoch: 1702556512828
date_now_day: 14
date_now_month: 12
date_now_year: 2023
date_start: 2023-12-14 00:00:00
date_end: 2023-12-14 23:59:59
price_low: 7.63000
price_high: 13.07400
price_median: 11.69150
price_average: 10.71238
price_current: 12.37500
price_unit: Cent/kWh
price_threshold_00: 7.63000
price_threshold_01: 7.71500
price_threshold_02: 7.71900
price_threshold_03: 7.73400
price_threshold_04: 7.91400
price_threshold_05: 8.25700
price_threshold_06: 8.55700
price_threshold_07: 9.44600
price_threshold_08: 9.62000
price_threshold_09: 9.84800
price_threshold_10: 10.28100
price_threshold_11: 11.42700
price_threshold_12: 11.95600
price_threshold_13: 11.96700
price_threshold_14: 12.37500
price_threshold_15: 12.41300
price_threshold_16: 12.49600
price_threshold_17: 12.61500
price_threshold_18: 12.61600
price_threshold_19: 12.72100
price_threshold_20: 12.79300
price_threshold_21: 12.85800
price_threshold_22: 13.06500
price_threshold_23: 13.07400
data_price_hour_rel_-13_amount: 7.73400
data_price_hour_abs_00_amount: 7.73400
data_price_hour_rel_-12_amount: 7.63000
data_price_hour_abs_01_amount: 7.63000
data_price_hour_rel_-11_amount: 7.71500
data_price_hour_abs_02_amount: 7.71500
data_price_hour_rel_-10_amount: 7.71900
data_price_hour_abs_03_amount: 7.71900
data_price_hour_rel_-09_amount: 7.91400
data_price_hour_abs_04_amount: 7.91400
data_price_hour_rel_-08_amount: 8.25700
data_price_hour_abs_05_amount: 8.25700
data_price_hour_rel_-07_amount: 9.84800
data_price_hour_abs_06_amount: 9.84800
data_price_hour_rel_-06_amount: 11.96700
data_price_hour_abs_07_amount: 11.96700
data_price_hour_rel_-05_amount: 13.06500
data_price_hour_abs_08_amount: 13.06500
data_price_hour_rel_-04_amount: 12.49600
data_price_hour_abs_09_amount: 12.49600
data_price_hour_rel_-03_amount: 12.61500
data_price_hour_abs_10_amount: 12.61500
data_price_hour_rel_-02_amount: 12.72100
data_price_hour_abs_11_amount: 12.72100
data_price_hour_rel_-01_amount: 11.95600
data_price_hour_abs_12_amount: 11.95600
data_price_hour_rel_+00_amount: 12.37500
data_price_hour_abs_13_amount: 12.37500
data_price_hour_rel_+01_amount: 12.41300
data_price_hour_abs_14_amount: 12.41300
data_price_hour_rel_+02_amount: 13.07400
data_price_hour_abs_15_amount: 13.07400
data_price_hour_rel_+03_amount: 12.85800
data_price_hour_abs_16_amount: 12.85800
data_price_hour_rel_+04_amount: 12.79300
data_price_hour_abs_17_amount: 12.79300
data_price_hour_rel_+05_amount: 12.61600
data_price_hour_abs_18_amount: 12.61600
data_price_hour_rel_+06_amount: 11.42700
data_price_hour_abs_19_amount: 11.42700
data_price_hour_rel_+07_amount: 10.28100
data_price_hour_abs_20_amount: 10.28100
data_price_hour_rel_+08_amount: 9.62000
data_price_hour_abs_21_amount: 9.62000
data_price_hour_rel_+09_amount: 9.44600
data_price_hour_abs_22_amount: 9.44600
data_price_hour_rel_+10_amount: 8.55700
data_price_hour_abs_23_amount: 8.55700