date_now: 2023-10-16 14:22:42
date_now_epoch: 1697458962316
date_now_day: 16
date_now_month: 10
date_now_year: 2023
date_start: 2023-10-16 00:00:00
date_end: 2023-10-16 23:59:59
price_low: 9.44300
price_high: 24.00000
price_median: 12.05900
price_average: 13.36988
price_current: 10.94900
price_unit: Cent/kWh
price_threshold_00: 9.44300
price_threshold_01: 9.66300
price_threshold_02: 9.70300
price_threshold_03: 9.82700
price_threshold_04: 9.83700
price_threshold_05: 10.36200
price_threshold_06: 10.62500
price_threshold_07: 10.94900
price_threshold_08: 11.37900
price_threshold_09: 11.67500
price_threshold_10: 11.68200
price_threshold_11: 11.92200
price_threshold_12: 12.19600
price_threshold_13: 13.52000
price_threshold_14: 13.89600
price_threshold_15: 13.95600
price_threshold_16: 14.50100
price_threshold_17: 15.44900
price_threshold_18: 15.93700
price_threshold_19: 15.99400
price_threshold_20: 16.57200
price_threshold_21: 16.68300
price_threshold_22: 21.10600
price_threshold_23: 24.00000
data_price_hour_rel_-14_amount: 10.36200
data_price_hour_abs_00_amount: 10.36200
data_price_hour_rel_-13_amount: 9.70300
data_price_hour_abs_01_amount: 9.70300
data_price_hour_rel_-12_amount: 9.83700
data_price_hour_abs_02_amount: 9.83700
data_price_hour_rel_-11_amount: 9.66300
data_price_hour_abs_03_amount: 9.66300
data_price_hour_rel_-10_amount: 9.44300
data_price_hour_abs_04_amount: 9.44300
data_price_hour_rel_-09_amount: 9.82700
data_price_hour_abs_05_amount: 9.82700
data_price_hour_rel_-08_amount: 13.95600
data_price_hour_abs_06_amount: 13.95600
data_price_hour_rel_-07_amount: 15.93700
data_price_hour_abs_07_amount: 15.93700
data_price_hour_rel_-06_amount: 16.57200
data_price_hour_abs_08_amount: 16.57200
data_price_hour_rel_-05_amount: 15.44900
data_price_hour_abs_09_amount: 15.44900
data_price_hour_rel_-04_amount: 12.19600
data_price_hour_abs_10_amount: 12.19600
data_price_hour_rel_-03_amount: 11.68200
data_price_hour_abs_11_amount: 11.68200
data_price_hour_rel_-02_amount: 11.37900
data_price_hour_abs_12_amount: 11.37900
data_price_hour_rel_-01_amount: 10.62500
data_price_hour_abs_13_amount: 10.62500
data_price_hour_rel_+00_amount: 10.94900
data_price_hour_abs_14_amount: 10.94900
data_price_hour_rel_+01_amount: 11.67500
data_price_hour_abs_15_amount: 11.67500
data_price_hour_rel_+02_amount: 13.89600
data_price_hour_abs_16_amount: 13.89600
data_price_hour_rel_+03_amount: 16.68300
data_price_hour_abs_17_amount: 16.68300
data_price_hour_rel_+04_amount: 21.10600
data_price_hour_abs_18_amount: 21.10600
data_price_hour_rel_+05_amount: 24.00000
data_price_hour_abs_19_amount: 24.00000
data_price_hour_rel_+06_amount: 15.99400
data_price_hour_abs_20_amount: 15.99400
data_price_hour_rel_+07_amount: 14.50100
data_price_hour_abs_21_amount: 14.50100
data_price_hour_rel_+08_amount: 13.52000
data_price_hour_abs_22_amount: 13.52000
data_price_hour_rel_+09_amount: 11.92200
data_price_hour_abs_23_amount: 11.92200