date_now: 2023-11-12 13:19:34
date_now_epoch: 1699791574359
date_now_day: 12
date_now_month: 11
date_now_year: 2023
date_start: 2023-11-12 00:00:00
date_end: 2023-11-12 23:59:59
price_low: 8.33500
price_high: 13.82700
price_median: 8.88150
price_average: 9.79921
price_current: 8.90200
price_unit: Cent/kWh
price_threshold_00: 8.33500
price_threshold_01: 8.41300
price_threshold_02: 8.52500
price_threshold_03: 8.53600
price_threshold_04: 8.62400
price_threshold_05: 8.66100
price_threshold_06: 8.66700
price_threshold_07: 8.68800
price_threshold_08: 8.76200
price_threshold_09: 8.80200
price_threshold_10: 8.80900
price_threshold_11: 8.86100
price_threshold_12: 8.90200
price_threshold_13: 8.95400
price_threshold_14: 8.97500
price_threshold_15: 9.37500
price_threshold_16: 10.01400
price_threshold_17: 10.73300
price_threshold_18: 10.95200
price_threshold_19: 11.68000
price_threshold_20: 12.38100
price_threshold_21: 12.54100
price_threshold_22: 13.16400
price_threshold_23: 13.82700
data_price_hour_rel_-13_amount: 8.95400
data_price_hour_abs_00_amount: 8.95400
data_price_hour_rel_-12_amount: 8.53600
data_price_hour_abs_01_amount: 8.53600
data_price_hour_rel_-11_amount: 8.52500
data_price_hour_abs_02_amount: 8.52500
data_price_hour_rel_-10_amount: 8.33500
data_price_hour_abs_03_amount: 8.33500
data_price_hour_rel_-09_amount: 8.41300
data_price_hour_abs_04_amount: 8.41300
data_price_hour_rel_-08_amount: 8.68800
data_price_hour_abs_05_amount: 8.68800
data_price_hour_rel_-07_amount: 8.62400
data_price_hour_abs_06_amount: 8.62400
data_price_hour_rel_-06_amount: 8.66100
data_price_hour_abs_07_amount: 8.66100
data_price_hour_rel_-05_amount: 8.76200
data_price_hour_abs_08_amount: 8.76200
data_price_hour_rel_-04_amount: 8.97500
data_price_hour_abs_09_amount: 8.97500
data_price_hour_rel_-03_amount: 8.86100
data_price_hour_abs_10_amount: 8.86100
data_price_hour_rel_-02_amount: 8.66700
data_price_hour_abs_11_amount: 8.66700
data_price_hour_rel_-01_amount: 8.80900
data_price_hour_abs_12_amount: 8.80900
data_price_hour_rel_+00_amount: 8.90200
data_price_hour_abs_13_amount: 8.90200
data_price_hour_rel_+01_amount: 9.37500
data_price_hour_abs_14_amount: 9.37500
data_price_hour_rel_+02_amount: 10.95200
data_price_hour_abs_15_amount: 10.95200
data_price_hour_rel_+03_amount: 12.38100
data_price_hour_abs_16_amount: 12.38100
data_price_hour_rel_+04_amount: 13.82700
data_price_hour_abs_17_amount: 13.82700
data_price_hour_rel_+05_amount: 13.16400
data_price_hour_abs_18_amount: 13.16400
data_price_hour_rel_+06_amount: 12.54100
data_price_hour_abs_19_amount: 12.54100
data_price_hour_rel_+07_amount: 11.68000
data_price_hour_abs_20_amount: 11.68000
data_price_hour_rel_+08_amount: 10.73300
data_price_hour_abs_21_amount: 10.73300
data_price_hour_rel_+09_amount: 10.01400
data_price_hour_abs_22_amount: 10.01400
data_price_hour_rel_+10_amount: 8.80200
data_price_hour_abs_23_amount: 8.80200