date_now: 2023-11-14 13:21:29
date_now_epoch: 1699964489201
date_now_day: 14
date_now_month: 11
date_now_year: 2023
date_start: 2023-11-14 00:00:00
date_end: 2023-11-14 23:59:59
price_low: -0.00800
price_high: 11.98100
price_median: 7.73850
price_average: 6.55079
price_current: 7.50900
price_unit: Cent/kWh
price_threshold_00: -0.00800
price_threshold_01: -0.00400
price_threshold_02: -0.00100
price_threshold_03: 0.10400
price_threshold_04: 0.10500
price_threshold_05: 1.00700
price_threshold_06: 4.66000
price_threshold_07: 7.26200
price_threshold_08: 7.28200
price_threshold_09: 7.50600
price_threshold_10: 7.50900
price_threshold_11: 7.69100
price_threshold_12: 7.78600
price_threshold_13: 8.10100
price_threshold_14: 8.21700
price_threshold_15: 8.55000
price_threshold_16: 8.91100
price_threshold_17: 8.97400
price_threshold_18: 9.00600
price_threshold_19: 9.08000
price_threshold_20: 10.04300
price_threshold_21: 11.69600
price_threshold_22: 11.76100
price_threshold_23: 11.98100
data_price_hour_rel_-13_amount: 1.00700
data_price_hour_abs_00_amount: 1.00700
data_price_hour_rel_-12_amount: 0.10500
data_price_hour_abs_01_amount: 0.10500
data_price_hour_rel_-11_amount: -0.00100
data_price_hour_abs_02_amount: -0.00100
data_price_hour_rel_-10_amount: -0.00800
data_price_hour_abs_03_amount: -0.00800
data_price_hour_rel_-09_amount: -0.00400
data_price_hour_abs_04_amount: -0.00400
data_price_hour_rel_-08_amount: 0.10400
data_price_hour_abs_05_amount: 0.10400
data_price_hour_rel_-07_amount: 4.66000
data_price_hour_abs_06_amount: 4.66000
data_price_hour_rel_-06_amount: 7.69100
data_price_hour_abs_07_amount: 7.69100
data_price_hour_rel_-05_amount: 8.21700
data_price_hour_abs_08_amount: 8.21700
data_price_hour_rel_-04_amount: 7.78600
data_price_hour_abs_09_amount: 7.78600
data_price_hour_rel_-03_amount: 7.26200
data_price_hour_abs_10_amount: 7.26200
data_price_hour_rel_-02_amount: 7.28200
data_price_hour_abs_11_amount: 7.28200
data_price_hour_rel_-01_amount: 7.50600
data_price_hour_abs_12_amount: 7.50600
data_price_hour_rel_+00_amount: 7.50900
data_price_hour_abs_13_amount: 7.50900
data_price_hour_rel_+01_amount: 8.10100
data_price_hour_abs_14_amount: 8.10100
data_price_hour_rel_+02_amount: 9.00600
data_price_hour_abs_15_amount: 9.00600
data_price_hour_rel_+03_amount: 9.08000
data_price_hour_abs_16_amount: 9.08000
data_price_hour_rel_+04_amount: 11.76100
data_price_hour_abs_17_amount: 11.76100
data_price_hour_rel_+05_amount: 11.98100
data_price_hour_abs_18_amount: 11.98100
data_price_hour_rel_+06_amount: 11.69600
data_price_hour_abs_19_amount: 11.69600
data_price_hour_rel_+07_amount: 10.04300
data_price_hour_abs_20_amount: 10.04300
data_price_hour_rel_+08_amount: 8.97400
data_price_hour_abs_21_amount: 8.97400
data_price_hour_rel_+09_amount: 8.91100
data_price_hour_abs_22_amount: 8.91100
data_price_hour_rel_+10_amount: 8.55000
data_price_hour_abs_23_amount: 8.55000