date_now: 2023-11-19 13:19:46
date_now_epoch: 1700396386484
date_now_day: 19
date_now_month: 11
date_now_year: 2023
date_start: 2023-11-19 00:00:00
date_end: 2023-11-19 23:59:59
price_low: 0.00700
price_high: 10.45500
price_median: 1.50200
price_average: 3.81958
price_current: 0.10000
price_unit: Cent/kWh
price_threshold_00: 0.00700
price_threshold_01: 0.00900
price_threshold_02: 0.01300
price_threshold_03: 0.10000
price_threshold_04: 0.23300
price_threshold_05: 0.41000
price_threshold_06: 0.55900
price_threshold_07: 0.56700
price_threshold_08: 1.16700
price_threshold_09: 1.25900
price_threshold_10: 1.26600
price_threshold_11: 1.44900
price_threshold_12: 1.55500
price_threshold_13: 1.88200
price_threshold_14: 1.91300
price_threshold_15: 6.73100
price_threshold_16: 8.00500
price_threshold_17: 8.09800
price_threshold_18: 8.43800
price_threshold_19: 8.80500
price_threshold_20: 8.86500
price_threshold_21: 9.50200
price_threshold_22: 10.38200
price_threshold_23: 10.45500
data_price_hour_rel_-13_amount: 1.91300
data_price_hour_abs_00_amount: 1.91300
data_price_hour_rel_-12_amount: 0.56700
data_price_hour_abs_01_amount: 0.56700
data_price_hour_rel_-11_amount: 0.41000
data_price_hour_abs_02_amount: 0.41000
data_price_hour_rel_-10_amount: 0.01300
data_price_hour_abs_03_amount: 0.01300
data_price_hour_rel_-09_amount: 0.00700
data_price_hour_abs_04_amount: 0.00700
data_price_hour_rel_-08_amount: 0.00900
data_price_hour_abs_05_amount: 0.00900
data_price_hour_rel_-07_amount: 0.23300
data_price_hour_abs_06_amount: 0.23300
data_price_hour_rel_-06_amount: 0.55900
data_price_hour_abs_07_amount: 0.55900
data_price_hour_rel_-05_amount: 1.44900
data_price_hour_abs_08_amount: 1.44900
data_price_hour_rel_-04_amount: 1.88200
data_price_hour_abs_09_amount: 1.88200
data_price_hour_rel_-03_amount: 1.25900
data_price_hour_abs_10_amount: 1.25900
data_price_hour_rel_-02_amount: 1.26600
data_price_hour_abs_11_amount: 1.26600
data_price_hour_rel_-01_amount: 1.16700
data_price_hour_abs_12_amount: 1.16700
data_price_hour_rel_+00_amount: 0.10000
data_price_hour_abs_13_amount: 0.10000
data_price_hour_rel_+01_amount: 1.55500
data_price_hour_abs_14_amount: 1.55500
data_price_hour_rel_+02_amount: 6.73100
data_price_hour_abs_15_amount: 6.73100
data_price_hour_rel_+03_amount: 8.09800
data_price_hour_abs_16_amount: 8.09800
data_price_hour_rel_+04_amount: 9.50200
data_price_hour_abs_17_amount: 9.50200
data_price_hour_rel_+05_amount: 10.45500
data_price_hour_abs_18_amount: 10.45500
data_price_hour_rel_+06_amount: 10.38200
data_price_hour_abs_19_amount: 10.38200
data_price_hour_rel_+07_amount: 8.86500
data_price_hour_abs_20_amount: 8.86500
data_price_hour_rel_+08_amount: 8.43800
data_price_hour_abs_21_amount: 8.43800
data_price_hour_rel_+09_amount: 8.80500
data_price_hour_abs_22_amount: 8.80500
data_price_hour_rel_+10_amount: 8.00500
data_price_hour_abs_23_amount: 8.00500