date_now: 2023-12-28 13:20:25
date_now_epoch: 1703766025226
date_now_day: 28
date_now_month: 12
date_now_year: 2023
date_start: 2023-12-28 00:00:00
date_end: 2023-12-28 23:59:59
price_low: -0.14300
price_high: 4.68300
price_median: 1.41650
price_average: 1.66700
price_current: 0.57600
price_unit: Cent/kWh
price_threshold_00: -0.14300
price_threshold_01: -0.14200
price_threshold_02: -0.13900
price_threshold_03: -0.07800
price_threshold_04: -0.02700
price_threshold_05: -0.00200
price_threshold_06: 0.00200
price_threshold_07: 0.10000
price_threshold_08: 0.57600
price_threshold_09: 0.92700
price_threshold_10: 1.37500
price_threshold_11: 1.39500
price_threshold_12: 1.43800
price_threshold_13: 1.56600
price_threshold_14: 1.60600
price_threshold_15: 1.77200
price_threshold_16: 1.99800
price_threshold_17: 2.92700
price_threshold_18: 3.82000
price_threshold_19: 3.85500
price_threshold_20: 3.87500
price_threshold_21: 4.03400
price_threshold_22: 4.59000
price_threshold_23: 4.68300
data_price_hour_rel_-13_amount: -0.00200
data_price_hour_abs_00_amount: -0.00200
data_price_hour_rel_-12_amount: -0.07800
data_price_hour_abs_01_amount: -0.07800
data_price_hour_rel_-11_amount: -0.14300
data_price_hour_abs_02_amount: -0.14300
data_price_hour_rel_-10_amount: -0.13900
data_price_hour_abs_03_amount: -0.13900
data_price_hour_rel_-09_amount: -0.14200
data_price_hour_abs_04_amount: -0.14200
data_price_hour_rel_-08_amount: -0.02700
data_price_hour_abs_05_amount: -0.02700
data_price_hour_rel_-07_amount: 0.00200
data_price_hour_abs_06_amount: 0.00200
data_price_hour_rel_-06_amount: 1.60600
data_price_hour_abs_07_amount: 1.60600
data_price_hour_rel_-05_amount: 3.82000
data_price_hour_abs_08_amount: 3.82000
data_price_hour_rel_-04_amount: 3.87500
data_price_hour_abs_09_amount: 3.87500
data_price_hour_rel_-03_amount: 2.92700
data_price_hour_abs_10_amount: 2.92700
data_price_hour_rel_-02_amount: 1.39500
data_price_hour_abs_11_amount: 1.39500
data_price_hour_rel_-01_amount: 0.92700
data_price_hour_abs_12_amount: 0.92700
data_price_hour_rel_+00_amount: 0.57600
data_price_hour_abs_13_amount: 0.57600
data_price_hour_rel_+01_amount: 1.43800
data_price_hour_abs_14_amount: 1.43800
data_price_hour_rel_+02_amount: 1.56600
data_price_hour_abs_15_amount: 1.56600
data_price_hour_rel_+03_amount: 4.03400
data_price_hour_abs_16_amount: 4.03400
data_price_hour_rel_+04_amount: 4.68300
data_price_hour_abs_17_amount: 4.68300
data_price_hour_rel_+05_amount: 4.59000
data_price_hour_abs_18_amount: 4.59000
data_price_hour_rel_+06_amount: 3.85500
data_price_hour_abs_19_amount: 3.85500
data_price_hour_rel_+07_amount: 1.99800
data_price_hour_abs_20_amount: 1.99800
data_price_hour_rel_+08_amount: 1.37500
data_price_hour_abs_21_amount: 1.37500
data_price_hour_rel_+09_amount: 1.77200
data_price_hour_abs_22_amount: 1.77200
data_price_hour_rel_+10_amount: 0.10000
data_price_hour_abs_23_amount: 0.10000