date_now: 2023-12-10 13:19:41
date_now_epoch: 1702210781583
date_now_day: 10
date_now_month: 12
date_now_year: 2023
date_start: 2023-12-10 00:00:00
date_end: 2023-12-10 23:59:59
price_low: 0.59900
price_high: 8.54200
price_median: 6.72750
price_average: 5.58725
price_current: 6.71000
price_unit: Cent/kWh
price_threshold_00: 0.59900
price_threshold_01: 1.00000
price_threshold_02: 1.32100
price_threshold_03: 1.80900
price_threshold_04: 2.15100
price_threshold_05: 2.39700
price_threshold_06: 3.36900
price_threshold_07: 4.18500
price_threshold_08: 6.08600
price_threshold_09: 6.57800
price_threshold_10: 6.71000
price_threshold_11: 6.72000
price_threshold_12: 6.73500
price_threshold_13: 6.91600
price_threshold_14: 6.96700
price_threshold_15: 6.96800
price_threshold_16: 7.58400
price_threshold_17: 7.71400
price_threshold_18: 7.80200
price_threshold_19: 7.80500
price_threshold_20: 8.03000
price_threshold_21: 8.03000
price_threshold_22: 8.07600
price_threshold_23: 8.54200
data_price_hour_rel_-13_amount: 3.36900
data_price_hour_abs_00_amount: 3.36900
data_price_hour_rel_-12_amount: 2.15100
data_price_hour_abs_01_amount: 2.15100
data_price_hour_rel_-11_amount: 1.32100
data_price_hour_abs_02_amount: 1.32100
data_price_hour_rel_-10_amount: 0.59900
data_price_hour_abs_03_amount: 0.59900
data_price_hour_rel_-09_amount: 1.00000
data_price_hour_abs_04_amount: 1.00000
data_price_hour_rel_-08_amount: 1.80900
data_price_hour_abs_05_amount: 1.80900
data_price_hour_rel_-07_amount: 2.39700
data_price_hour_abs_06_amount: 2.39700
data_price_hour_rel_-06_amount: 4.18500
data_price_hour_abs_07_amount: 4.18500
data_price_hour_rel_-05_amount: 6.08600
data_price_hour_abs_08_amount: 6.08600
data_price_hour_rel_-04_amount: 6.57800
data_price_hour_abs_09_amount: 6.57800
data_price_hour_rel_-03_amount: 6.73500
data_price_hour_abs_10_amount: 6.73500
data_price_hour_rel_-02_amount: 6.96800
data_price_hour_abs_11_amount: 6.96800
data_price_hour_rel_-01_amount: 6.72000
data_price_hour_abs_12_amount: 6.72000
data_price_hour_rel_+00_amount: 6.71000
data_price_hour_abs_13_amount: 6.71000
data_price_hour_rel_+01_amount: 6.96700
data_price_hour_abs_14_amount: 6.96700
data_price_hour_rel_+02_amount: 7.58400
data_price_hour_abs_15_amount: 7.58400
data_price_hour_rel_+03_amount: 8.03000
data_price_hour_abs_16_amount: 8.03000
data_price_hour_rel_+04_amount: 8.03000
data_price_hour_abs_17_amount: 8.03000
data_price_hour_rel_+05_amount: 8.54200
data_price_hour_abs_18_amount: 8.54200
data_price_hour_rel_+06_amount: 8.07600
data_price_hour_abs_19_amount: 8.07600
data_price_hour_rel_+07_amount: 7.80500
data_price_hour_abs_20_amount: 7.80500
data_price_hour_rel_+08_amount: 7.71400
data_price_hour_abs_21_amount: 7.71400
data_price_hour_rel_+09_amount: 7.80200
data_price_hour_abs_22_amount: 7.80200
data_price_hour_rel_+10_amount: 6.91600
data_price_hour_abs_23_amount: 6.91600