date_now: 2023-10-26 14:21:03
date_now_epoch: 1698322863771
date_now_day: 26
date_now_month: 10
date_now_year: 2023
date_start: 2023-10-26 00:00:00
date_end: 2023-10-26 23:59:59
price_low: 8.70400
price_high: 15.09900
price_median: 12.00500
price_average: 12.13454
price_current: 11.96000
price_unit: Cent/kWh
price_threshold_00: 8.70400
price_threshold_01: 8.74900
price_threshold_02: 8.94800
price_threshold_03: 8.99100
price_threshold_04: 8.99200
price_threshold_05: 10.00000
price_threshold_06: 10.48500
price_threshold_07: 11.70600
price_threshold_08: 11.70800
price_threshold_09: 11.90600
price_threshold_10: 11.96000
price_threshold_11: 12.00100
price_threshold_12: 12.00900
price_threshold_13: 13.07200
price_threshold_14: 13.11100
price_threshold_15: 13.11400
price_threshold_16: 13.36600
price_threshold_17: 14.00000
price_threshold_18: 14.29100
price_threshold_19: 14.38500
price_threshold_20: 14.63700
price_threshold_21: 14.90000
price_threshold_22: 15.09500
price_threshold_23: 15.09900
data_price_hour_rel_-14_amount: 8.94800
data_price_hour_abs_00_amount: 8.94800
data_price_hour_rel_-13_amount: 8.99100
data_price_hour_abs_01_amount: 8.99100
data_price_hour_rel_-12_amount: 8.74900
data_price_hour_abs_02_amount: 8.74900
data_price_hour_rel_-11_amount: 8.70400
data_price_hour_abs_03_amount: 8.70400
data_price_hour_rel_-10_amount: 8.99200
data_price_hour_abs_04_amount: 8.99200
data_price_hour_rel_-09_amount: 10.00000
data_price_hour_abs_05_amount: 10.00000
data_price_hour_rel_-08_amount: 11.70800
data_price_hour_abs_06_amount: 11.70800
data_price_hour_rel_-07_amount: 13.36600
data_price_hour_abs_07_amount: 13.36600
data_price_hour_rel_-06_amount: 14.38500
data_price_hour_abs_08_amount: 14.38500
data_price_hour_rel_-05_amount: 14.90000
data_price_hour_abs_09_amount: 14.90000
data_price_hour_rel_-04_amount: 14.63700
data_price_hour_abs_10_amount: 14.63700
data_price_hour_rel_-03_amount: 14.00000
data_price_hour_abs_11_amount: 14.00000
data_price_hour_rel_-02_amount: 13.11100
data_price_hour_abs_12_amount: 13.11100
data_price_hour_rel_-01_amount: 12.00900
data_price_hour_abs_13_amount: 12.00900
data_price_hour_rel_+00_amount: 11.96000
data_price_hour_abs_14_amount: 11.96000
data_price_hour_rel_+01_amount: 12.00100
data_price_hour_abs_15_amount: 12.00100
data_price_hour_rel_+02_amount: 13.11400
data_price_hour_abs_16_amount: 13.11400
data_price_hour_rel_+03_amount: 14.29100
data_price_hour_abs_17_amount: 14.29100
data_price_hour_rel_+04_amount: 15.09500
data_price_hour_abs_18_amount: 15.09500
data_price_hour_rel_+05_amount: 15.09900
data_price_hour_abs_19_amount: 15.09900
data_price_hour_rel_+06_amount: 13.07200
data_price_hour_abs_20_amount: 13.07200
data_price_hour_rel_+07_amount: 11.90600
data_price_hour_abs_21_amount: 11.90600
data_price_hour_rel_+08_amount: 11.70600
data_price_hour_abs_22_amount: 11.70600
data_price_hour_rel_+09_amount: 10.48500
data_price_hour_abs_23_amount: 10.48500