date_now: 2023-11-03 13:21:22
date_now_epoch: 1699014082561
date_now_day: 3
date_now_month: 11
date_now_year: 2023
date_start: 2023-11-03 00:00:00
date_end: 2023-11-03 23:59:59
price_low: 0.57300
price_high: 9.50200
price_median: 6.31950
price_average: 5.65729
price_current: 6.07100
price_unit: Cent/kWh
price_threshold_00: 0.57300
price_threshold_01: 0.97300
price_threshold_02: 1.00000
price_threshold_03: 1.14700
price_threshold_04: 1.51700
price_threshold_05: 2.06300
price_threshold_06: 2.36000
price_threshold_07: 4.55300
price_threshold_08: 5.31300
price_threshold_09: 6.07100
price_threshold_10: 6.15800
price_threshold_11: 6.16700
price_threshold_12: 6.47200
price_threshold_13: 6.90200
price_threshold_14: 6.90700
price_threshold_15: 7.13600
price_threshold_16: 8.19500
price_threshold_17: 8.27900
price_threshold_18: 8.80000
price_threshold_19: 8.82300
price_threshold_20: 8.92500
price_threshold_21: 8.95900
price_threshold_22: 8.98000
price_threshold_23: 9.50200
data_price_hour_rel_-13_amount: 1.51700
data_price_hour_abs_00_amount: 1.51700
data_price_hour_rel_-12_amount: 1.14700
data_price_hour_abs_01_amount: 1.14700
data_price_hour_rel_-11_amount: 1.00000
data_price_hour_abs_02_amount: 1.00000
data_price_hour_rel_-10_amount: 0.57300
data_price_hour_abs_03_amount: 0.57300
data_price_hour_rel_-09_amount: 0.97300
data_price_hour_abs_04_amount: 0.97300
data_price_hour_rel_-08_amount: 2.36000
data_price_hour_abs_05_amount: 2.36000
data_price_hour_rel_-07_amount: 6.15800
data_price_hour_abs_06_amount: 6.15800
data_price_hour_rel_-06_amount: 8.98000
data_price_hour_abs_07_amount: 8.98000
data_price_hour_rel_-05_amount: 9.50200
data_price_hour_abs_08_amount: 9.50200
data_price_hour_rel_-04_amount: 8.95900
data_price_hour_abs_09_amount: 8.95900
data_price_hour_rel_-03_amount: 8.27900
data_price_hour_abs_10_amount: 8.27900
data_price_hour_rel_-02_amount: 7.13600
data_price_hour_abs_11_amount: 7.13600
data_price_hour_rel_-01_amount: 6.16700
data_price_hour_abs_12_amount: 6.16700
data_price_hour_rel_+00_amount: 6.07100
data_price_hour_abs_13_amount: 6.07100
data_price_hour_rel_+01_amount: 6.47200
data_price_hour_abs_14_amount: 6.47200
data_price_hour_rel_+02_amount: 6.90200
data_price_hour_abs_15_amount: 6.90200
data_price_hour_rel_+03_amount: 8.19500
data_price_hour_abs_16_amount: 8.19500
data_price_hour_rel_+04_amount: 8.80000
data_price_hour_abs_17_amount: 8.80000
data_price_hour_rel_+05_amount: 8.92500
data_price_hour_abs_18_amount: 8.92500
data_price_hour_rel_+06_amount: 8.82300
data_price_hour_abs_19_amount: 8.82300
data_price_hour_rel_+07_amount: 6.90700
data_price_hour_abs_20_amount: 6.90700
data_price_hour_rel_+08_amount: 5.31300
data_price_hour_abs_21_amount: 5.31300
data_price_hour_rel_+09_amount: 4.55300
data_price_hour_abs_22_amount: 4.55300
data_price_hour_rel_+10_amount: 2.06300
data_price_hour_abs_23_amount: 2.06300