date_now: 2023-11-13 13:21:44
date_now_epoch: 1699878104436
date_now_day: 13
date_now_month: 11
date_now_year: 2023
date_start: 2023-11-13 00:00:00
date_end: 2023-11-13 23:59:59
price_low: 1.01000
price_high: 15.17900
price_median: 8.82900
price_average: 9.48942
price_current: 11.33700
price_unit: Cent/kWh
price_threshold_00: 1.01000
price_threshold_01: 5.10700
price_threshold_02: 6.13600
price_threshold_03: 7.49400
price_threshold_04: 8.11800
price_threshold_05: 8.12700
price_threshold_06: 8.22700
price_threshold_07: 8.57300
price_threshold_08: 8.68200
price_threshold_09: 8.70000
price_threshold_10: 8.72500
price_threshold_11: 8.73100
price_threshold_12: 8.92700
price_threshold_13: 9.12600
price_threshold_14: 9.32600
price_threshold_15: 9.64400
price_threshold_16: 11.33700
price_threshold_17: 12.13400
price_threshold_18: 12.17800
price_threshold_19: 12.30100
price_threshold_20: 12.45000
price_threshold_21: 13.30500
price_threshold_22: 14.20900
price_threshold_23: 15.17900
data_price_hour_rel_-13_amount: 9.12600
data_price_hour_abs_00_amount: 9.12600
data_price_hour_rel_-12_amount: 8.68200
data_price_hour_abs_01_amount: 8.68200
data_price_hour_rel_-11_amount: 8.70000
data_price_hour_abs_02_amount: 8.70000
data_price_hour_rel_-10_amount: 8.72500
data_price_hour_abs_03_amount: 8.72500
data_price_hour_rel_-09_amount: 8.92700
data_price_hour_abs_04_amount: 8.92700
data_price_hour_rel_-08_amount: 9.32600
data_price_hour_abs_05_amount: 9.32600
data_price_hour_rel_-07_amount: 12.45000
data_price_hour_abs_06_amount: 12.45000
data_price_hour_rel_-06_amount: 14.20900
data_price_hour_abs_07_amount: 14.20900
data_price_hour_rel_-05_amount: 15.17900
data_price_hour_abs_08_amount: 15.17900
data_price_hour_rel_-04_amount: 13.30500
data_price_hour_abs_09_amount: 13.30500
data_price_hour_rel_-03_amount: 12.17800
data_price_hour_abs_10_amount: 12.17800
data_price_hour_rel_-02_amount: 12.30100
data_price_hour_abs_11_amount: 12.30100
data_price_hour_rel_-01_amount: 12.13400
data_price_hour_abs_12_amount: 12.13400
data_price_hour_rel_+00_amount: 11.33700
data_price_hour_abs_13_amount: 11.33700
data_price_hour_rel_+01_amount: 9.64400
data_price_hour_abs_14_amount: 9.64400
data_price_hour_rel_+02_amount: 8.73100
data_price_hour_abs_15_amount: 8.73100
data_price_hour_rel_+03_amount: 8.11800
data_price_hour_abs_16_amount: 8.11800
data_price_hour_rel_+04_amount: 8.22700
data_price_hour_abs_17_amount: 8.22700
data_price_hour_rel_+05_amount: 8.57300
data_price_hour_abs_18_amount: 8.57300
data_price_hour_rel_+06_amount: 8.12700
data_price_hour_abs_19_amount: 8.12700
data_price_hour_rel_+07_amount: 7.49400
data_price_hour_abs_20_amount: 7.49400
data_price_hour_rel_+08_amount: 6.13600
data_price_hour_abs_21_amount: 6.13600
data_price_hour_rel_+09_amount: 5.10700
data_price_hour_abs_22_amount: 5.10700
data_price_hour_rel_+10_amount: 1.01000
data_price_hour_abs_23_amount: 1.01000