date_now: 2023-11-18 13:19:27
date_now_epoch: 1700309967617
date_now_day: 18
date_now_month: 11
date_now_year: 2023
date_start: 2023-11-18 00:00:00
date_end: 2023-11-18 23:59:59
price_low: 5.81100
price_high: 11.05600
price_median: 9.48400
price_average: 9.13967
price_current: 9.49800
price_unit: Cent/kWh
price_threshold_00: 5.81100
price_threshold_01: 7.37600
price_threshold_02: 7.79800
price_threshold_03: 8.24800
price_threshold_04: 8.24800
price_threshold_05: 8.31000
price_threshold_06: 8.59600
price_threshold_07: 8.61900
price_threshold_08: 9.06100
price_threshold_09: 9.12400
price_threshold_10: 9.20800
price_threshold_11: 9.47000
price_threshold_12: 9.49800
price_threshold_13: 9.52000
price_threshold_14: 9.59800
price_threshold_15: 9.60800
price_threshold_16: 9.70600
price_threshold_17: 9.73600
price_threshold_18: 9.73800
price_threshold_19: 9.76100
price_threshold_20: 10.02100
price_threshold_21: 10.50700
price_threshold_22: 10.73400
price_threshold_23: 11.05600
data_price_hour_rel_-13_amount: 11.05600
data_price_hour_abs_00_amount: 11.05600
data_price_hour_rel_-12_amount: 9.73800
data_price_hour_abs_01_amount: 9.73800
data_price_hour_rel_-11_amount: 9.06100
data_price_hour_abs_02_amount: 9.06100
data_price_hour_rel_-10_amount: 8.59600
data_price_hour_abs_03_amount: 8.59600
data_price_hour_rel_-09_amount: 8.24800
data_price_hour_abs_04_amount: 8.24800
data_price_hour_rel_-08_amount: 8.24800
data_price_hour_abs_05_amount: 8.24800
data_price_hour_rel_-07_amount: 8.61900
data_price_hour_abs_06_amount: 8.61900
data_price_hour_rel_-06_amount: 9.20800
data_price_hour_abs_07_amount: 9.20800
data_price_hour_rel_-05_amount: 10.02100
data_price_hour_abs_08_amount: 10.02100
data_price_hour_rel_-04_amount: 9.73600
data_price_hour_abs_09_amount: 9.73600
data_price_hour_rel_-03_amount: 9.60800
data_price_hour_abs_10_amount: 9.60800
data_price_hour_rel_-02_amount: 9.52000
data_price_hour_abs_11_amount: 9.52000
data_price_hour_rel_-01_amount: 9.47000
data_price_hour_abs_12_amount: 9.47000
data_price_hour_rel_+00_amount: 9.49800
data_price_hour_abs_13_amount: 9.49800
data_price_hour_rel_+01_amount: 9.70600
data_price_hour_abs_14_amount: 9.70600
data_price_hour_rel_+02_amount: 9.76100
data_price_hour_abs_15_amount: 9.76100
data_price_hour_rel_+03_amount: 9.59800
data_price_hour_abs_16_amount: 9.59800
data_price_hour_rel_+04_amount: 10.50700
data_price_hour_abs_17_amount: 10.50700
data_price_hour_rel_+05_amount: 10.73400
data_price_hour_abs_18_amount: 10.73400
data_price_hour_rel_+06_amount: 9.12400
data_price_hour_abs_19_amount: 9.12400
data_price_hour_rel_+07_amount: 8.31000
data_price_hour_abs_20_amount: 8.31000
data_price_hour_rel_+08_amount: 7.79800
data_price_hour_abs_21_amount: 7.79800
data_price_hour_rel_+09_amount: 7.37600
data_price_hour_abs_22_amount: 7.37600
data_price_hour_rel_+10_amount: 5.81100
data_price_hour_abs_23_amount: 5.81100