date_now: 2023-11-26 13:19:39
date_now_epoch: 1701001179466
date_now_day: 26
date_now_month: 11
date_now_year: 2023
date_start: 2023-11-26 00:00:00
date_end: 2023-11-26 23:59:59
price_low: 9.72000
price_high: 14.96700
price_median: 11.40350
price_average: 11.63508
price_current: 11.00200
price_unit: Cent/kWh
price_threshold_00: 9.72000
price_threshold_01: 9.78000
price_threshold_02: 9.98300
price_threshold_03: 10.01100
price_threshold_04: 10.24400
price_threshold_05: 10.26700
price_threshold_06: 10.50500
price_threshold_07: 10.57700
price_threshold_08: 11.00200
price_threshold_09: 11.11000
price_threshold_10: 11.26900
price_threshold_11: 11.33700
price_threshold_12: 11.47000
price_threshold_13: 11.51000
price_threshold_14: 11.52900
price_threshold_15: 11.73000
price_threshold_16: 11.89900
price_threshold_17: 12.24100
price_threshold_18: 12.32600
price_threshold_19: 13.41500
price_threshold_20: 13.59100
price_threshold_21: 14.37800
price_threshold_22: 14.38100
price_threshold_23: 14.96700
data_price_hour_rel_-13_amount: 11.11000
data_price_hour_abs_00_amount: 11.11000
data_price_hour_rel_-12_amount: 10.57700
data_price_hour_abs_01_amount: 10.57700
data_price_hour_rel_-11_amount: 10.26700
data_price_hour_abs_02_amount: 10.26700
data_price_hour_rel_-10_amount: 10.01100
data_price_hour_abs_03_amount: 10.01100
data_price_hour_rel_-09_amount: 9.72000
data_price_hour_abs_04_amount: 9.72000
data_price_hour_rel_-08_amount: 9.78000
data_price_hour_abs_05_amount: 9.78000
data_price_hour_rel_-07_amount: 9.98300
data_price_hour_abs_06_amount: 9.98300
data_price_hour_rel_-06_amount: 10.50500
data_price_hour_abs_07_amount: 10.50500
data_price_hour_rel_-05_amount: 11.26900
data_price_hour_abs_08_amount: 11.26900
data_price_hour_rel_-04_amount: 11.73000
data_price_hour_abs_09_amount: 11.73000
data_price_hour_rel_-03_amount: 11.52900
data_price_hour_abs_10_amount: 11.52900
data_price_hour_rel_-02_amount: 11.47000
data_price_hour_abs_11_amount: 11.47000
data_price_hour_rel_-01_amount: 11.33700
data_price_hour_abs_12_amount: 11.33700
data_price_hour_rel_+00_amount: 11.00200
data_price_hour_abs_13_amount: 11.00200
data_price_hour_rel_+01_amount: 11.51000
data_price_hour_abs_14_amount: 11.51000
data_price_hour_rel_+02_amount: 12.32600
data_price_hour_abs_15_amount: 12.32600
data_price_hour_rel_+03_amount: 13.41500
data_price_hour_abs_16_amount: 13.41500
data_price_hour_rel_+04_amount: 14.38100
data_price_hour_abs_17_amount: 14.38100
data_price_hour_rel_+05_amount: 14.96700
data_price_hour_abs_18_amount: 14.96700
data_price_hour_rel_+06_amount: 14.37800
data_price_hour_abs_19_amount: 14.37800
data_price_hour_rel_+07_amount: 13.59100
data_price_hour_abs_20_amount: 13.59100
data_price_hour_rel_+08_amount: 12.24100
data_price_hour_abs_21_amount: 12.24100
data_price_hour_rel_+09_amount: 11.89900
data_price_hour_abs_22_amount: 11.89900
data_price_hour_rel_+10_amount: 10.24400
data_price_hour_abs_23_amount: 10.24400