date_now: 2023-10-07 14:19:19
date_now_epoch: 1696681159590
date_now_day: 7
date_now_month: 10
date_now_year: 2023
date_start: 2023-10-07 00:00:00
date_end: 2023-10-07 23:59:59
price_low: 0.00400
price_high: 10.89100
price_median: 4.96300
price_average: 4.49542
price_current: 0.10000
price_unit: Cent/kWh
price_threshold_00: 0.00400
price_threshold_01: 0.00500
price_threshold_02: 0.01000
price_threshold_03: 0.02200
price_threshold_04: 0.06700
price_threshold_05: 0.10000
price_threshold_06: 0.60700
price_threshold_07: 1.03800
price_threshold_08: 1.96200
price_threshold_09: 2.13800
price_threshold_10: 2.20100
price_threshold_11: 4.68200
price_threshold_12: 5.24400
price_threshold_13: 6.15900
price_threshold_14: 6.71700
price_threshold_15: 6.87100
price_threshold_16: 7.08200
price_threshold_17: 7.20000
price_threshold_18: 7.61900
price_threshold_19: 8.39900
price_threshold_20: 8.64400
price_threshold_21: 10.00000
price_threshold_22: 10.22800
price_threshold_23: 10.89100
data_price_hour_rel_-14_amount: 0.00500
data_price_hour_abs_00_amount: 0.00500
data_price_hour_rel_-13_amount: 0.00400
data_price_hour_abs_01_amount: 0.00400
data_price_hour_rel_-12_amount: 0.01000
data_price_hour_abs_02_amount: 0.01000
data_price_hour_rel_-11_amount: 0.06700
data_price_hour_abs_03_amount: 0.06700
data_price_hour_rel_-10_amount: 0.60700
data_price_hour_abs_04_amount: 0.60700
data_price_hour_rel_-09_amount: 2.13800
data_price_hour_abs_05_amount: 2.13800
data_price_hour_rel_-08_amount: 5.24400
data_price_hour_abs_06_amount: 5.24400
data_price_hour_rel_-07_amount: 6.71700
data_price_hour_abs_07_amount: 6.71700
data_price_hour_rel_-06_amount: 7.08200
data_price_hour_abs_08_amount: 7.08200
data_price_hour_rel_-05_amount: 6.87100
data_price_hour_abs_09_amount: 6.87100
data_price_hour_rel_-04_amount: 4.68200
data_price_hour_abs_10_amount: 4.68200
data_price_hour_rel_-03_amount: 1.96200
data_price_hour_abs_11_amount: 1.96200
data_price_hour_rel_-02_amount: 1.03800
data_price_hour_abs_12_amount: 1.03800
data_price_hour_rel_-01_amount: 0.02200
data_price_hour_abs_13_amount: 0.02200
data_price_hour_rel_+00_amount: 0.10000
data_price_hour_abs_14_amount: 0.10000
data_price_hour_rel_+01_amount: 2.20100
data_price_hour_abs_15_amount: 2.20100
data_price_hour_rel_+02_amount: 6.15900
data_price_hour_abs_16_amount: 6.15900
data_price_hour_rel_+03_amount: 8.64400
data_price_hour_abs_17_amount: 8.64400
data_price_hour_rel_+04_amount: 10.22800
data_price_hour_abs_18_amount: 10.22800
data_price_hour_rel_+05_amount: 10.89100
data_price_hour_abs_19_amount: 10.89100
data_price_hour_rel_+06_amount: 10.00000
data_price_hour_abs_20_amount: 10.00000
data_price_hour_rel_+07_amount: 8.39900
data_price_hour_abs_21_amount: 8.39900
data_price_hour_rel_+08_amount: 7.61900
data_price_hour_abs_22_amount: 7.61900
data_price_hour_rel_+09_amount: 7.20000
data_price_hour_abs_23_amount: 7.20000