date_now: 2023-11-21 13:22:26
date_now_epoch: 1700569346104
date_now_day: 21
date_now_month: 11
date_now_year: 2023
date_start: 2023-11-21 00:00:00
date_end: 2023-11-21 23:59:59
price_low: 9.11700
price_high: 14.69700
price_median: 13.36250
price_average: 12.32983
price_current: 13.97800
price_unit: Cent/kWh
price_threshold_00: 9.11700
price_threshold_01: 9.60400
price_threshold_02: 9.61200
price_threshold_03: 9.80400
price_threshold_04: 9.82000
price_threshold_05: 10.11100
price_threshold_06: 10.27500
price_threshold_07: 11.05200
price_threshold_08: 11.09100
price_threshold_09: 12.01500
price_threshold_10: 12.47900
price_threshold_11: 13.23500
price_threshold_12: 13.49000
price_threshold_13: 13.50000
price_threshold_14: 13.60800
price_threshold_15: 13.71900
price_threshold_16: 13.83700
price_threshold_17: 13.97800
price_threshold_18: 13.97900
price_threshold_19: 14.03400
price_threshold_20: 14.20800
price_threshold_21: 14.25900
price_threshold_22: 14.39200
price_threshold_23: 14.69700
data_price_hour_rel_-13_amount: 10.27500
data_price_hour_abs_00_amount: 10.27500
data_price_hour_rel_-12_amount: 9.82000
data_price_hour_abs_01_amount: 9.82000
data_price_hour_rel_-11_amount: 9.61200
data_price_hour_abs_02_amount: 9.61200
data_price_hour_rel_-10_amount: 9.11700
data_price_hour_abs_03_amount: 9.11700
data_price_hour_rel_-09_amount: 9.60400
data_price_hour_abs_04_amount: 9.60400
data_price_hour_rel_-08_amount: 10.11100
data_price_hour_abs_05_amount: 10.11100
data_price_hour_rel_-07_amount: 12.01500
data_price_hour_abs_06_amount: 12.01500
data_price_hour_rel_-06_amount: 13.60800
data_price_hour_abs_07_amount: 13.60800
data_price_hour_rel_-05_amount: 14.25900
data_price_hour_abs_08_amount: 14.25900
data_price_hour_rel_-04_amount: 13.71900
data_price_hour_abs_09_amount: 13.71900
data_price_hour_rel_-03_amount: 13.50000
data_price_hour_abs_10_amount: 13.50000
data_price_hour_rel_-02_amount: 13.49000
data_price_hour_abs_11_amount: 13.49000
data_price_hour_rel_-01_amount: 13.97900
data_price_hour_abs_12_amount: 13.97900
data_price_hour_rel_+00_amount: 13.97800
data_price_hour_abs_13_amount: 13.97800
data_price_hour_rel_+01_amount: 13.83700
data_price_hour_abs_14_amount: 13.83700
data_price_hour_rel_+02_amount: 14.03400
data_price_hour_abs_15_amount: 14.03400
data_price_hour_rel_+03_amount: 14.39200
data_price_hour_abs_16_amount: 14.39200
data_price_hour_rel_+04_amount: 14.69700
data_price_hour_abs_17_amount: 14.69700
data_price_hour_rel_+05_amount: 14.20800
data_price_hour_abs_18_amount: 14.20800
data_price_hour_rel_+06_amount: 13.23500
data_price_hour_abs_19_amount: 13.23500
data_price_hour_rel_+07_amount: 12.47900
data_price_hour_abs_20_amount: 12.47900
data_price_hour_rel_+08_amount: 11.05200
data_price_hour_abs_21_amount: 11.05200
data_price_hour_rel_+09_amount: 11.09100
data_price_hour_abs_22_amount: 11.09100
data_price_hour_rel_+10_amount: 9.80400
data_price_hour_abs_23_amount: 9.80400