date_now: 2023-12-22 13:20:31
date_now_epoch: 1703247631020
date_now_day: 22
date_now_month: 12
date_now_year: 2023
date_start: 2023-12-22 00:00:00
date_end: 2023-12-22 23:59:59
price_low: -0.02500
price_high: 5.03600
price_median: 2.63400
price_average: 2.26558
price_current: 2.53000
price_unit: Cent/kWh
price_threshold_00: -0.02500
price_threshold_01: -0.01800
price_threshold_02: -0.01000
price_threshold_03: -0.00800
price_threshold_04: -0.00700
price_threshold_05: 0.00100
price_threshold_06: 0.08100
price_threshold_07: 1.20000
price_threshold_08: 2.46600
price_threshold_09: 2.53000
price_threshold_10: 2.55300
price_threshold_11: 2.62300
price_threshold_12: 2.64500
price_threshold_13: 2.67300
price_threshold_14: 2.88600
price_threshold_15: 3.04100
price_threshold_16: 3.16800
price_threshold_17: 3.41700
price_threshold_18: 3.56400
price_threshold_19: 3.97300
price_threshold_20: 4.04900
price_threshold_21: 4.24100
price_threshold_22: 4.29500
price_threshold_23: 5.03600
data_price_hour_rel_-13_amount: 0.00100
data_price_hour_abs_00_amount: 0.00100
data_price_hour_rel_-12_amount: -0.01000
data_price_hour_abs_01_amount: -0.01000
data_price_hour_rel_-11_amount: -0.00700
data_price_hour_abs_02_amount: -0.00700
data_price_hour_rel_-10_amount: -0.01800
data_price_hour_abs_03_amount: -0.01800
data_price_hour_rel_-09_amount: -0.02500
data_price_hour_abs_04_amount: -0.02500
data_price_hour_rel_-08_amount: -0.00800
data_price_hour_abs_05_amount: -0.00800
data_price_hour_rel_-07_amount: 0.08100
data_price_hour_abs_06_amount: 0.08100
data_price_hour_rel_-06_amount: 3.16800
data_price_hour_abs_07_amount: 3.16800
data_price_hour_rel_-05_amount: 3.97300
data_price_hour_abs_08_amount: 3.97300
data_price_hour_rel_-04_amount: 3.56400
data_price_hour_abs_09_amount: 3.56400
data_price_hour_rel_-03_amount: 2.64500
data_price_hour_abs_10_amount: 2.64500
data_price_hour_rel_-02_amount: 2.62300
data_price_hour_abs_11_amount: 2.62300
data_price_hour_rel_-01_amount: 2.67300
data_price_hour_abs_12_amount: 2.67300
data_price_hour_rel_+00_amount: 2.53000
data_price_hour_abs_13_amount: 2.53000
data_price_hour_rel_+01_amount: 2.88600
data_price_hour_abs_14_amount: 2.88600
data_price_hour_rel_+02_amount: 3.41700
data_price_hour_abs_15_amount: 3.41700
data_price_hour_rel_+03_amount: 4.24100
data_price_hour_abs_16_amount: 4.24100
data_price_hour_rel_+04_amount: 4.29500
data_price_hour_abs_17_amount: 4.29500
data_price_hour_rel_+05_amount: 5.03600
data_price_hour_abs_18_amount: 5.03600
data_price_hour_rel_+06_amount: 4.04900
data_price_hour_abs_19_amount: 4.04900
data_price_hour_rel_+07_amount: 2.46600
data_price_hour_abs_20_amount: 2.46600
data_price_hour_rel_+08_amount: 2.55300
data_price_hour_abs_21_amount: 2.55300
data_price_hour_rel_+09_amount: 3.04100
data_price_hour_abs_22_amount: 3.04100
data_price_hour_rel_+10_amount: 1.20000
data_price_hour_abs_23_amount: 1.20000