date_now: 2023-11-15 13:21:53
date_now_epoch: 1700050913524
date_now_day: 15
date_now_month: 11
date_now_year: 2023
date_start: 2023-11-15 00:00:00
date_end: 2023-11-15 23:59:59
price_low: 7.06900
price_high: 12.99000
price_median: 10.20850
price_average: 10.24079
price_current: 10.10900
price_unit: Cent/kWh
price_threshold_00: 7.06900
price_threshold_01: 7.29000
price_threshold_02: 7.44500
price_threshold_03: 7.64200
price_threshold_04: 8.11000
price_threshold_05: 8.22800
price_threshold_06: 8.42100
price_threshold_07: 9.16600
price_threshold_08: 9.73600
price_threshold_09: 9.75000
price_threshold_10: 9.98400
price_threshold_11: 10.10900
price_threshold_12: 10.30800
price_threshold_13: 10.62700
price_threshold_14: 11.01000
price_threshold_15: 11.27800
price_threshold_16: 12.10800
price_threshold_17: 12.12100
price_threshold_18: 12.12900
price_threshold_19: 12.29600
price_threshold_20: 12.31900
price_threshold_21: 12.78400
price_threshold_22: 12.85900
price_threshold_23: 12.99000
data_price_hour_rel_-13_amount: 8.11000
data_price_hour_abs_00_amount: 8.11000
data_price_hour_rel_-12_amount: 7.64200
data_price_hour_abs_01_amount: 7.64200
data_price_hour_rel_-11_amount: 7.29000
data_price_hour_abs_02_amount: 7.29000
data_price_hour_rel_-10_amount: 7.06900
data_price_hour_abs_03_amount: 7.06900
data_price_hour_rel_-09_amount: 7.44500
data_price_hour_abs_04_amount: 7.44500
data_price_hour_rel_-08_amount: 8.22800
data_price_hour_abs_05_amount: 8.22800
data_price_hour_rel_-07_amount: 10.30800
data_price_hour_abs_06_amount: 10.30800
data_price_hour_rel_-06_amount: 12.31900
data_price_hour_abs_07_amount: 12.31900
data_price_hour_rel_-05_amount: 12.85900
data_price_hour_abs_08_amount: 12.85900
data_price_hour_rel_-04_amount: 12.12900
data_price_hour_abs_09_amount: 12.12900
data_price_hour_rel_-03_amount: 11.27800
data_price_hour_abs_10_amount: 11.27800
data_price_hour_rel_-02_amount: 9.98400
data_price_hour_abs_11_amount: 9.98400
data_price_hour_rel_-01_amount: 9.73600
data_price_hour_abs_12_amount: 9.73600
data_price_hour_rel_+00_amount: 10.10900
data_price_hour_abs_13_amount: 10.10900
data_price_hour_rel_+01_amount: 10.62700
data_price_hour_abs_14_amount: 10.62700
data_price_hour_rel_+02_amount: 12.12100
data_price_hour_abs_15_amount: 12.12100
data_price_hour_rel_+03_amount: 12.29600
data_price_hour_abs_16_amount: 12.29600
data_price_hour_rel_+04_amount: 12.78400
data_price_hour_abs_17_amount: 12.78400
data_price_hour_rel_+05_amount: 12.99000
data_price_hour_abs_18_amount: 12.99000
data_price_hour_rel_+06_amount: 12.10800
data_price_hour_abs_19_amount: 12.10800
data_price_hour_rel_+07_amount: 11.01000
data_price_hour_abs_20_amount: 11.01000
data_price_hour_rel_+08_amount: 9.75000
data_price_hour_abs_21_amount: 9.75000
data_price_hour_rel_+09_amount: 9.16600
data_price_hour_abs_22_amount: 9.16600
data_price_hour_rel_+10_amount: 8.42100
data_price_hour_abs_23_amount: 8.42100