date_now: 2023-10-31 13:21:10
date_now_epoch: 1698754870357
date_now_day: 31
date_now_month: 10
date_now_year: 2023
date_start: 2023-10-31 00:00:00
date_end: 2023-10-31 23:59:59
price_low: 6.19700
price_high: 17.20400
price_median: 10.17200
price_average: 10.49500
price_current: 9.77700
price_unit: Cent/kWh
price_threshold_00: 6.19700
price_threshold_01: 6.48000
price_threshold_02: 6.97700
price_threshold_03: 7.19600
price_threshold_04: 7.92000
price_threshold_05: 8.60500
price_threshold_06: 8.84800
price_threshold_07: 9.30000
price_threshold_08: 9.53700
price_threshold_09: 9.77700
price_threshold_10: 10.05000
price_threshold_11: 10.14900
price_threshold_12: 10.19500
price_threshold_13: 10.49200
price_threshold_14: 10.49700
price_threshold_15: 10.73900
price_threshold_16: 10.80200
price_threshold_17: 11.59200
price_threshold_18: 11.75100
price_threshold_19: 12.58800
price_threshold_20: 13.51100
price_threshold_21: 15.29200
price_threshold_22: 16.18100
price_threshold_23: 17.20400
data_price_hour_rel_-13_amount: 8.60500
data_price_hour_abs_00_amount: 8.60500
data_price_hour_rel_-12_amount: 7.92000
data_price_hour_abs_01_amount: 7.92000
data_price_hour_rel_-11_amount: 7.19600
data_price_hour_abs_02_amount: 7.19600
data_price_hour_rel_-10_amount: 6.48000
data_price_hour_abs_03_amount: 6.48000
data_price_hour_rel_-09_amount: 6.19700
data_price_hour_abs_04_amount: 6.19700
data_price_hour_rel_-08_amount: 6.97700
data_price_hour_abs_05_amount: 6.97700
data_price_hour_rel_-07_amount: 8.84800
data_price_hour_abs_06_amount: 8.84800
data_price_hour_rel_-06_amount: 10.73900
data_price_hour_abs_07_amount: 10.73900
data_price_hour_rel_-05_amount: 10.80200
data_price_hour_abs_08_amount: 10.80200
data_price_hour_rel_-04_amount: 10.05000
data_price_hour_abs_09_amount: 10.05000
data_price_hour_rel_-03_amount: 9.30000
data_price_hour_abs_10_amount: 9.30000
data_price_hour_rel_-02_amount: 10.19500
data_price_hour_abs_11_amount: 10.19500
data_price_hour_rel_-01_amount: 10.14900
data_price_hour_abs_12_amount: 10.14900
data_price_hour_rel_+00_amount: 9.77700
data_price_hour_abs_13_amount: 9.77700
data_price_hour_rel_+01_amount: 10.49700
data_price_hour_abs_14_amount: 10.49700
data_price_hour_rel_+02_amount: 11.75100
data_price_hour_abs_15_amount: 11.75100
data_price_hour_rel_+03_amount: 13.51100
data_price_hour_abs_16_amount: 13.51100
data_price_hour_rel_+04_amount: 16.18100
data_price_hour_abs_17_amount: 16.18100
data_price_hour_rel_+05_amount: 17.20400
data_price_hour_abs_18_amount: 17.20400
data_price_hour_rel_+06_amount: 15.29200
data_price_hour_abs_19_amount: 15.29200
data_price_hour_rel_+07_amount: 12.58800
data_price_hour_abs_20_amount: 12.58800
data_price_hour_rel_+08_amount: 11.59200
data_price_hour_abs_21_amount: 11.59200
data_price_hour_rel_+09_amount: 10.49200
data_price_hour_abs_22_amount: 10.49200
data_price_hour_rel_+10_amount: 9.53700
data_price_hour_abs_23_amount: 9.53700