date_now: 2023-12-21 13:21:05
date_now_epoch: 1703161265903
date_now_day: 21
date_now_month: 12
date_now_year: 2023
date_start: 2023-12-21 00:00:00
date_end: 2023-12-21 23:59:59
price_low: 0.00700
price_high: 4.89600
price_median: 2.55650
price_average: 2.52804
price_current: 1.15600
price_unit: Cent/kWh
price_threshold_00: 0.00700
price_threshold_01: 0.03300
price_threshold_02: 0.34800
price_threshold_03: 0.60500
price_threshold_04: 1.05300
price_threshold_05: 1.15600
price_threshold_06: 1.68000
price_threshold_07: 1.69500
price_threshold_08: 2.09000
price_threshold_09: 2.35100
price_threshold_10: 2.38500
price_threshold_11: 2.50800
price_threshold_12: 2.60500
price_threshold_13: 2.87700
price_threshold_14: 3.01600
price_threshold_15: 3.31500
price_threshold_16: 3.42900
price_threshold_17: 3.50800
price_threshold_18: 3.72400
price_threshold_19: 3.93400
price_threshold_20: 4.09700
price_threshold_21: 4.51200
price_threshold_22: 4.84900
price_threshold_23: 4.89600
data_price_hour_rel_-13_amount: 3.01600
data_price_hour_abs_00_amount: 3.01600
data_price_hour_rel_-12_amount: 2.50800
data_price_hour_abs_01_amount: 2.50800
data_price_hour_rel_-11_amount: 2.09000
data_price_hour_abs_02_amount: 2.09000
data_price_hour_rel_-10_amount: 0.34800
data_price_hour_abs_03_amount: 0.34800
data_price_hour_rel_-09_amount: 0.00700
data_price_hour_abs_04_amount: 0.00700
data_price_hour_rel_-08_amount: 0.03300
data_price_hour_abs_05_amount: 0.03300
data_price_hour_rel_-07_amount: 2.38500
data_price_hour_abs_06_amount: 2.38500
data_price_hour_rel_-06_amount: 4.51200
data_price_hour_abs_07_amount: 4.51200
data_price_hour_rel_-05_amount: 4.89600
data_price_hour_abs_08_amount: 4.89600
data_price_hour_rel_-04_amount: 3.72400
data_price_hour_abs_09_amount: 3.72400
data_price_hour_rel_-03_amount: 3.42900
data_price_hour_abs_10_amount: 3.42900
data_price_hour_rel_-02_amount: 2.60500
data_price_hour_abs_11_amount: 2.60500
data_price_hour_rel_-01_amount: 2.35100
data_price_hour_abs_12_amount: 2.35100
data_price_hour_rel_+00_amount: 1.15600
data_price_hour_abs_13_amount: 1.15600
data_price_hour_rel_+01_amount: 1.05300
data_price_hour_abs_14_amount: 1.05300
data_price_hour_rel_+02_amount: 1.68000
data_price_hour_abs_15_amount: 1.68000
data_price_hour_rel_+03_amount: 1.69500
data_price_hour_abs_16_amount: 1.69500
data_price_hour_rel_+04_amount: 3.50800
data_price_hour_abs_17_amount: 3.50800
data_price_hour_rel_+05_amount: 3.93400
data_price_hour_abs_18_amount: 3.93400
data_price_hour_rel_+06_amount: 4.84900
data_price_hour_abs_19_amount: 4.84900
data_price_hour_rel_+07_amount: 4.09700
data_price_hour_abs_20_amount: 4.09700
data_price_hour_rel_+08_amount: 3.31500
data_price_hour_abs_21_amount: 3.31500
data_price_hour_rel_+09_amount: 2.87700
data_price_hour_abs_22_amount: 2.87700
data_price_hour_rel_+10_amount: 0.60500
data_price_hour_abs_23_amount: 0.60500