date_now: 2023-10-11 14:22:11
date_now_epoch: 1697026931474
date_now_day: 11
date_now_month: 10
date_now_year: 2023
date_start: 2023-10-11 00:00:00
date_end: 2023-10-11 23:59:59
price_low: -0.00600
price_high: 13.21400
price_median: 6.05150
price_average: 5.97950
price_current: -0.00400
price_unit: Cent/kWh
price_threshold_00: -0.00600
price_threshold_01: -0.00400
price_threshold_02: 0.00000
price_threshold_03: 0.00600
price_threshold_04: 0.10500
price_threshold_05: 0.23100
price_threshold_06: 0.32600
price_threshold_07: 0.78500
price_threshold_08: 1.00000
price_threshold_09: 2.60600
price_threshold_10: 5.00100
price_threshold_11: 5.77800
price_threshold_12: 6.32500
price_threshold_13: 8.01300
price_threshold_14: 8.99200
price_threshold_15: 9.88600
price_threshold_16: 10.19500
price_threshold_17: 10.22300
price_threshold_18: 10.29400
price_threshold_19: 12.25500
price_threshold_20: 12.71600
price_threshold_21: 12.77900
price_threshold_22: 12.78800
price_threshold_23: 13.21400
data_price_hour_rel_-14_amount: 6.32500
data_price_hour_abs_00_amount: 6.32500
data_price_hour_rel_-13_amount: 2.60600
data_price_hour_abs_01_amount: 2.60600
data_price_hour_rel_-12_amount: 0.78500
data_price_hour_abs_02_amount: 0.78500
data_price_hour_rel_-11_amount: 0.23100
data_price_hour_abs_03_amount: 0.23100
data_price_hour_rel_-10_amount: 0.32600
data_price_hour_abs_04_amount: 0.32600
data_price_hour_rel_-09_amount: 1.00000
data_price_hour_abs_05_amount: 1.00000
data_price_hour_rel_-08_amount: 8.01300
data_price_hour_abs_06_amount: 8.01300
data_price_hour_rel_-07_amount: 12.71600
data_price_hour_abs_07_amount: 12.71600
data_price_hour_rel_-06_amount: 12.78800
data_price_hour_abs_08_amount: 12.78800
data_price_hour_rel_-05_amount: 10.29400
data_price_hour_abs_09_amount: 10.29400
data_price_hour_rel_-04_amount: 5.00100
data_price_hour_abs_10_amount: 5.00100
data_price_hour_rel_-03_amount: 0.10500
data_price_hour_abs_11_amount: 0.10500
data_price_hour_rel_-02_amount: 0.00000
data_price_hour_abs_12_amount: 0.00000
data_price_hour_rel_-01_amount: -0.00600
data_price_hour_abs_13_amount: -0.00600
data_price_hour_rel_+00_amount: -0.00400
data_price_hour_abs_14_amount: -0.00400
data_price_hour_rel_+01_amount: 0.00600
data_price_hour_abs_15_amount: 0.00600
data_price_hour_rel_+02_amount: 5.77800
data_price_hour_abs_16_amount: 5.77800
data_price_hour_rel_+03_amount: 10.22300
data_price_hour_abs_17_amount: 10.22300
data_price_hour_rel_+04_amount: 12.77900
data_price_hour_abs_18_amount: 12.77900
data_price_hour_rel_+05_amount: 13.21400
data_price_hour_abs_19_amount: 13.21400
data_price_hour_rel_+06_amount: 12.25500
data_price_hour_abs_20_amount: 12.25500
data_price_hour_rel_+07_amount: 10.19500
data_price_hour_abs_21_amount: 10.19500
data_price_hour_rel_+08_amount: 9.88600
data_price_hour_abs_22_amount: 9.88600
data_price_hour_rel_+09_amount: 8.99200
data_price_hour_abs_23_amount: 8.99200