date_now: 2023-12-05 13:21:54
date_now_epoch: 1701778914313
date_now_day: 5
date_now_month: 12
date_now_year: 2023
date_start: 2023-12-05 00:00:00
date_end: 2023-12-05 23:59:59
price_low: 8.36200
price_high: 14.74700
price_median: 11.84350
price_average: 11.43925
price_current: 11.85300
price_unit: Cent/kWh
price_threshold_00: 8.36200
price_threshold_01: 8.47100
price_threshold_02: 8.57300
price_threshold_03: 8.80100
price_threshold_04: 9.08500
price_threshold_05: 9.10200
price_threshold_06: 10.32800
price_threshold_07: 10.80000
price_threshold_08: 11.15500
price_threshold_09: 11.43200
price_threshold_10: 11.78300
price_threshold_11: 11.83400
price_threshold_12: 11.85300
price_threshold_13: 12.05500
price_threshold_14: 12.12700
price_threshold_15: 12.22800
price_threshold_16: 12.25900
price_threshold_17: 12.28800
price_threshold_18: 12.72600
price_threshold_19: 12.86300
price_threshold_20: 12.92400
price_threshold_21: 14.15600
price_threshold_22: 14.59000
price_threshold_23: 14.74700
data_price_hour_rel_-13_amount: 9.08500
data_price_hour_abs_00_amount: 9.08500
data_price_hour_rel_-12_amount: 8.80100
data_price_hour_abs_01_amount: 8.80100
data_price_hour_rel_-11_amount: 8.57300
data_price_hour_abs_02_amount: 8.57300
data_price_hour_rel_-10_amount: 8.36200
data_price_hour_abs_03_amount: 8.36200
data_price_hour_rel_-09_amount: 8.47100
data_price_hour_abs_04_amount: 8.47100
data_price_hour_rel_-08_amount: 9.10200
data_price_hour_abs_05_amount: 9.10200
data_price_hour_rel_-07_amount: 10.80000
data_price_hour_abs_06_amount: 10.80000
data_price_hour_rel_-06_amount: 11.43200
data_price_hour_abs_07_amount: 11.43200
data_price_hour_rel_-05_amount: 12.22800
data_price_hour_abs_08_amount: 12.22800
data_price_hour_rel_-04_amount: 12.28800
data_price_hour_abs_09_amount: 12.28800
data_price_hour_rel_-03_amount: 12.05500
data_price_hour_abs_10_amount: 12.05500
data_price_hour_rel_-02_amount: 12.12700
data_price_hour_abs_11_amount: 12.12700
data_price_hour_rel_-01_amount: 11.83400
data_price_hour_abs_12_amount: 11.83400
data_price_hour_rel_+00_amount: 11.85300
data_price_hour_abs_13_amount: 11.85300
data_price_hour_rel_+01_amount: 12.72600
data_price_hour_abs_14_amount: 12.72600
data_price_hour_rel_+02_amount: 12.25900
data_price_hour_abs_15_amount: 12.25900
data_price_hour_rel_+03_amount: 12.92400
data_price_hour_abs_16_amount: 12.92400
data_price_hour_rel_+04_amount: 14.59000
data_price_hour_abs_17_amount: 14.59000
data_price_hour_rel_+05_amount: 14.74700
data_price_hour_abs_18_amount: 14.74700
data_price_hour_rel_+06_amount: 14.15600
data_price_hour_abs_19_amount: 14.15600
data_price_hour_rel_+07_amount: 12.86300
data_price_hour_abs_20_amount: 12.86300
data_price_hour_rel_+08_amount: 11.78300
data_price_hour_abs_21_amount: 11.78300
data_price_hour_rel_+09_amount: 11.15500
data_price_hour_abs_22_amount: 11.15500
data_price_hour_rel_+10_amount: 10.32800
data_price_hour_abs_23_amount: 10.32800