date_now: 2023-11-28 13:21:58
date_now_epoch: 1701174118809
date_now_day: 28
date_now_month: 11
date_now_year: 2023
date_start: 2023-11-28 00:00:00
date_end: 2023-11-28 23:59:59
price_low: 6.45000
price_high: 18.99800
price_median: 13.13150
price_average: 12.19412
price_current: 13.77200
price_unit: Cent/kWh
price_threshold_00: 6.45000
price_threshold_01: 6.74700
price_threshold_02: 6.82900
price_threshold_03: 7.04900
price_threshold_04: 7.77400
price_threshold_05: 8.00600
price_threshold_06: 8.93400
price_threshold_07: 10.94100
price_threshold_08: 11.64200
price_threshold_09: 11.68400
price_threshold_10: 12.54500
price_threshold_11: 12.70300
price_threshold_12: 13.56000
price_threshold_13: 13.77200
price_threshold_14: 13.80800
price_threshold_15: 13.85000
price_threshold_16: 13.91200
price_threshold_17: 13.93000
price_threshold_18: 14.40400
price_threshold_19: 15.00000
price_threshold_20: 16.02000
price_threshold_21: 16.40100
price_threshold_22: 17.70000
price_threshold_23: 18.99800
data_price_hour_rel_-13_amount: 7.77400
data_price_hour_abs_00_amount: 7.77400
data_price_hour_rel_-12_amount: 7.04900
data_price_hour_abs_01_amount: 7.04900
data_price_hour_rel_-11_amount: 6.74700
data_price_hour_abs_02_amount: 6.74700
data_price_hour_rel_-10_amount: 6.45000
data_price_hour_abs_03_amount: 6.45000
data_price_hour_rel_-09_amount: 6.82900
data_price_hour_abs_04_amount: 6.82900
data_price_hour_rel_-08_amount: 8.00600
data_price_hour_abs_05_amount: 8.00600
data_price_hour_rel_-07_amount: 8.93400
data_price_hour_abs_06_amount: 8.93400
data_price_hour_rel_-06_amount: 11.64200
data_price_hour_abs_07_amount: 11.64200
data_price_hour_rel_-05_amount: 12.70300
data_price_hour_abs_08_amount: 12.70300
data_price_hour_rel_-04_amount: 13.80800
data_price_hour_abs_09_amount: 13.80800
data_price_hour_rel_-03_amount: 13.93000
data_price_hour_abs_10_amount: 13.93000
data_price_hour_rel_-02_amount: 13.85000
data_price_hour_abs_11_amount: 13.85000
data_price_hour_rel_-01_amount: 13.56000
data_price_hour_abs_12_amount: 13.56000
data_price_hour_rel_+00_amount: 13.77200
data_price_hour_abs_13_amount: 13.77200
data_price_hour_rel_+01_amount: 14.40400
data_price_hour_abs_14_amount: 14.40400
data_price_hour_rel_+02_amount: 15.00000
data_price_hour_abs_15_amount: 15.00000
data_price_hour_rel_+03_amount: 16.40100
data_price_hour_abs_16_amount: 16.40100
data_price_hour_rel_+04_amount: 18.99800
data_price_hour_abs_17_amount: 18.99800
data_price_hour_rel_+05_amount: 17.70000
data_price_hour_abs_18_amount: 17.70000
data_price_hour_rel_+06_amount: 16.02000
data_price_hour_abs_19_amount: 16.02000
data_price_hour_rel_+07_amount: 13.91200
data_price_hour_abs_20_amount: 13.91200
data_price_hour_rel_+08_amount: 12.54500
data_price_hour_abs_21_amount: 12.54500
data_price_hour_rel_+09_amount: 11.68400
data_price_hour_abs_22_amount: 11.68400
data_price_hour_rel_+10_amount: 10.94100
data_price_hour_abs_23_amount: 10.94100