date_now: 2023-12-02 13:19:24
date_now_epoch: 1701519564680
date_now_day: 2
date_now_month: 12
date_now_year: 2023
date_start: 2023-12-02 00:00:00
date_end: 2023-12-02 23:59:59
price_low: 9.78300
price_high: 14.49600
price_median: 11.66750
price_average: 11.64050
price_current: 11.45800
price_unit: Cent/kWh
price_threshold_00: 9.78300
price_threshold_01: 9.79600
price_threshold_02: 9.88900
price_threshold_03: 9.89300
price_threshold_04: 10.12500
price_threshold_05: 10.26900
price_threshold_06: 10.48800
price_threshold_07: 10.52200
price_threshold_08: 10.60100
price_threshold_09: 10.98800
price_threshold_10: 11.45800
price_threshold_11: 11.48300
price_threshold_12: 11.85200
price_threshold_13: 12.03400
price_threshold_14: 12.15800
price_threshold_15: 12.25200
price_threshold_16: 12.35000
price_threshold_17: 12.72200
price_threshold_18: 12.79900
price_threshold_19: 12.95600
price_threshold_20: 12.97900
price_threshold_21: 13.07500
price_threshold_22: 14.40400
price_threshold_23: 14.49600
data_price_hour_rel_-13_amount: 10.52200
data_price_hour_abs_00_amount: 10.52200
data_price_hour_rel_-12_amount: 10.26900
data_price_hour_abs_01_amount: 10.26900
data_price_hour_rel_-11_amount: 10.12500
data_price_hour_abs_02_amount: 10.12500
data_price_hour_rel_-10_amount: 9.88900
data_price_hour_abs_03_amount: 9.88900
data_price_hour_rel_-09_amount: 9.79600
data_price_hour_abs_04_amount: 9.79600
data_price_hour_rel_-08_amount: 9.78300
data_price_hour_abs_05_amount: 9.78300
data_price_hour_rel_-07_amount: 9.89300
data_price_hour_abs_06_amount: 9.89300
data_price_hour_rel_-06_amount: 10.48800
data_price_hour_abs_07_amount: 10.48800
data_price_hour_rel_-05_amount: 12.03400
data_price_hour_abs_08_amount: 12.03400
data_price_hour_rel_-04_amount: 12.79900
data_price_hour_abs_09_amount: 12.79900
data_price_hour_rel_-03_amount: 13.07500
data_price_hour_abs_10_amount: 13.07500
data_price_hour_rel_-02_amount: 12.72200
data_price_hour_abs_11_amount: 12.72200
data_price_hour_rel_-01_amount: 12.15800
data_price_hour_abs_12_amount: 12.15800
data_price_hour_rel_+00_amount: 11.45800
data_price_hour_abs_13_amount: 11.45800
data_price_hour_rel_+01_amount: 11.85200
data_price_hour_abs_14_amount: 11.85200
data_price_hour_rel_+02_amount: 12.35000
data_price_hour_abs_15_amount: 12.35000
data_price_hour_rel_+03_amount: 12.97900
data_price_hour_abs_16_amount: 12.97900
data_price_hour_rel_+04_amount: 14.40400
data_price_hour_abs_17_amount: 14.40400
data_price_hour_rel_+05_amount: 14.49600
data_price_hour_abs_18_amount: 14.49600
data_price_hour_rel_+06_amount: 12.95600
data_price_hour_abs_19_amount: 12.95600
data_price_hour_rel_+07_amount: 12.25200
data_price_hour_abs_20_amount: 12.25200
data_price_hour_rel_+08_amount: 11.48300
data_price_hour_abs_21_amount: 11.48300
data_price_hour_rel_+09_amount: 10.98800
data_price_hour_abs_22_amount: 10.98800
data_price_hour_rel_+10_amount: 10.60100
data_price_hour_abs_23_amount: 10.60100