date_now: 2023-10-05 14:22:40
date_now_epoch: 1696508560919
date_now_day: 5
date_now_month: 10
date_now_year: 2023
date_start: 2023-10-05 00:00:00
date_end: 2023-10-05 23:59:59
price_low: 6.14000
price_high: 25.02800
price_median: 8.89500
price_average: 10.16092
price_current: 8.00300
price_unit: Cent/kWh
price_threshold_00: 6.14000
price_threshold_01: 6.89100
price_threshold_02: 7.02700
price_threshold_03: 7.65900
price_threshold_04: 7.68100
price_threshold_05: 7.84600
price_threshold_06: 7.90000
price_threshold_07: 8.00300
price_threshold_08: 8.09000
price_threshold_09: 8.26700
price_threshold_10: 8.35400
price_threshold_11: 8.73300
price_threshold_12: 9.05700
price_threshold_13: 9.45800
price_threshold_14: 9.68100
price_threshold_15: 10.09800
price_threshold_16: 10.71100
price_threshold_17: 10.74600
price_threshold_18: 10.99300
price_threshold_19: 11.71000
price_threshold_20: 12.18500
price_threshold_21: 13.94000
price_threshold_22: 17.66400
price_threshold_23: 25.02800
data_price_hour_rel_-14_amount: 8.26700
data_price_hour_abs_00_amount: 8.26700
data_price_hour_rel_-13_amount: 7.68100
data_price_hour_abs_01_amount: 7.68100
data_price_hour_rel_-12_amount: 7.02700
data_price_hour_abs_02_amount: 7.02700
data_price_hour_rel_-11_amount: 6.14000
data_price_hour_abs_03_amount: 6.14000
data_price_hour_rel_-10_amount: 6.89100
data_price_hour_abs_04_amount: 6.89100
data_price_hour_rel_-09_amount: 7.84600
data_price_hour_abs_05_amount: 7.84600
data_price_hour_rel_-08_amount: 9.05700
data_price_hour_abs_06_amount: 9.05700
data_price_hour_rel_-07_amount: 10.74600
data_price_hour_abs_07_amount: 10.74600
data_price_hour_rel_-06_amount: 12.18500
data_price_hour_abs_08_amount: 12.18500
data_price_hour_rel_-05_amount: 10.71100
data_price_hour_abs_09_amount: 10.71100
data_price_hour_rel_-04_amount: 8.73300
data_price_hour_abs_10_amount: 8.73300
data_price_hour_rel_-03_amount: 8.09000
data_price_hour_abs_11_amount: 8.09000
data_price_hour_rel_-02_amount: 7.90000
data_price_hour_abs_12_amount: 7.90000
data_price_hour_rel_-01_amount: 7.65900
data_price_hour_abs_13_amount: 7.65900
data_price_hour_rel_+00_amount: 8.00300
data_price_hour_abs_14_amount: 8.00300
data_price_hour_rel_+01_amount: 8.35400
data_price_hour_abs_15_amount: 8.35400
data_price_hour_rel_+02_amount: 9.68100
data_price_hour_abs_16_amount: 9.68100
data_price_hour_rel_+03_amount: 11.71000
data_price_hour_abs_17_amount: 11.71000
data_price_hour_rel_+04_amount: 17.66400
data_price_hour_abs_18_amount: 17.66400
data_price_hour_rel_+05_amount: 25.02800
data_price_hour_abs_19_amount: 25.02800
data_price_hour_rel_+06_amount: 13.94000
data_price_hour_abs_20_amount: 13.94000
data_price_hour_rel_+07_amount: 10.99300
data_price_hour_abs_21_amount: 10.99300
data_price_hour_rel_+08_amount: 10.09800
data_price_hour_abs_22_amount: 10.09800
data_price_hour_rel_+09_amount: 9.45800
data_price_hour_abs_23_amount: 9.45800