date_now: 2023-10-27 14:20:39
date_now_epoch: 1698409239653
date_now_day: 27
date_now_month: 10
date_now_year: 2023
date_start: 2023-10-27 00:00:00
date_end: 2023-10-27 23:59:59
price_low: 9.37000
price_high: 15.45500
price_median: 11.53450
price_average: 11.83500
price_current: 10.15700
price_unit: Cent/kWh
price_threshold_00: 9.37000
price_threshold_01: 9.50000
price_threshold_02: 9.51100
price_threshold_03: 9.68400
price_threshold_04: 9.73300
price_threshold_05: 9.91500
price_threshold_06: 10.00500
price_threshold_07: 10.15700
price_threshold_08: 10.45600
price_threshold_09: 10.45800
price_threshold_10: 10.76800
price_threshold_11: 10.98000
price_threshold_12: 12.08900
price_threshold_13: 12.23900
price_threshold_14: 12.26100
price_threshold_15: 12.64100
price_threshold_16: 12.83600
price_threshold_17: 13.82900
price_threshold_18: 13.98200
price_threshold_19: 14.05400
price_threshold_20: 14.32800
price_threshold_21: 14.51900
price_threshold_22: 15.27000
price_threshold_23: 15.45500
data_price_hour_rel_-14_amount: 10.45600
data_price_hour_abs_00_amount: 10.45600
data_price_hour_rel_-13_amount: 9.73300
data_price_hour_abs_01_amount: 9.73300
data_price_hour_rel_-12_amount: 9.51100
data_price_hour_abs_02_amount: 9.51100
data_price_hour_rel_-11_amount: 9.50000
data_price_hour_abs_03_amount: 9.50000
data_price_hour_rel_-10_amount: 9.91500
data_price_hour_abs_04_amount: 9.91500
data_price_hour_rel_-09_amount: 10.45800
data_price_hour_abs_05_amount: 10.45800
data_price_hour_rel_-08_amount: 12.26100
data_price_hour_abs_06_amount: 12.26100
data_price_hour_rel_-07_amount: 14.32800
data_price_hour_abs_07_amount: 14.32800
data_price_hour_rel_-06_amount: 15.45500
data_price_hour_abs_08_amount: 15.45500
data_price_hour_rel_-05_amount: 15.27000
data_price_hour_abs_09_amount: 15.27000
data_price_hour_rel_-04_amount: 14.51900
data_price_hour_abs_10_amount: 14.51900
data_price_hour_rel_-03_amount: 13.82900
data_price_hour_abs_11_amount: 13.82900
data_price_hour_rel_-02_amount: 12.23900
data_price_hour_abs_12_amount: 12.23900
data_price_hour_rel_-01_amount: 10.98000
data_price_hour_abs_13_amount: 10.98000
data_price_hour_rel_+00_amount: 10.15700
data_price_hour_abs_14_amount: 10.15700
data_price_hour_rel_+01_amount: 10.76800
data_price_hour_abs_15_amount: 10.76800
data_price_hour_rel_+02_amount: 12.64100
data_price_hour_abs_16_amount: 12.64100
data_price_hour_rel_+03_amount: 12.83600
data_price_hour_abs_17_amount: 12.83600
data_price_hour_rel_+04_amount: 13.98200
data_price_hour_abs_18_amount: 13.98200
data_price_hour_rel_+05_amount: 14.05400
data_price_hour_abs_19_amount: 14.05400
data_price_hour_rel_+06_amount: 12.08900
data_price_hour_abs_20_amount: 12.08900
data_price_hour_rel_+07_amount: 10.00500
data_price_hour_abs_21_amount: 10.00500
data_price_hour_rel_+08_amount: 9.68400
data_price_hour_abs_22_amount: 9.68400
data_price_hour_rel_+09_amount: 9.37000
data_price_hour_abs_23_amount: 9.37000