date_now: 2023-11-09 13:21:07
date_now_epoch: 1699532467651
date_now_day: 9
date_now_month: 11
date_now_year: 2023
date_start: 2023-11-09 00:00:00
date_end: 2023-11-09 23:59:59
price_low: 6.83300
price_high: 13.18000
price_median: 9.55050
price_average: 9.72179
price_current: 9.23200
price_unit: Cent/kWh
price_threshold_00: 6.83300
price_threshold_01: 7.00400
price_threshold_02: 7.19300
price_threshold_03: 7.28000
price_threshold_04: 7.43600
price_threshold_05: 7.44400
price_threshold_06: 8.27800
price_threshold_07: 8.36300
price_threshold_08: 8.40400
price_threshold_09: 9.01600
price_threshold_10: 9.23200
price_threshold_11: 9.50000
price_threshold_12: 9.60100
price_threshold_13: 10.00800
price_threshold_14: 10.06100
price_threshold_15: 10.96100
price_threshold_16: 10.96900
price_threshold_17: 11.21200
price_threshold_18: 11.66100
price_threshold_19: 12.00600
price_threshold_20: 12.12200
price_threshold_21: 12.70100
price_threshold_22: 12.85800
price_threshold_23: 13.18000
data_price_hour_rel_-13_amount: 7.19300
data_price_hour_abs_00_amount: 7.19300
data_price_hour_rel_-12_amount: 6.83300
data_price_hour_abs_01_amount: 6.83300
data_price_hour_rel_-11_amount: 7.00400
data_price_hour_abs_02_amount: 7.00400
data_price_hour_rel_-10_amount: 7.28000
data_price_hour_abs_03_amount: 7.28000
data_price_hour_rel_-09_amount: 7.44400
data_price_hour_abs_04_amount: 7.44400
data_price_hour_rel_-08_amount: 8.36300
data_price_hour_abs_05_amount: 8.36300
data_price_hour_rel_-07_amount: 10.96100
data_price_hour_abs_06_amount: 10.96100
data_price_hour_rel_-06_amount: 12.00600
data_price_hour_abs_07_amount: 12.00600
data_price_hour_rel_-05_amount: 12.12200
data_price_hour_abs_08_amount: 12.12200
data_price_hour_rel_-04_amount: 10.96900
data_price_hour_abs_09_amount: 10.96900
data_price_hour_rel_-03_amount: 10.00800
data_price_hour_abs_10_amount: 10.00800
data_price_hour_rel_-02_amount: 9.50000
data_price_hour_abs_11_amount: 9.50000
data_price_hour_rel_-01_amount: 9.01600
data_price_hour_abs_12_amount: 9.01600
data_price_hour_rel_+00_amount: 9.23200
data_price_hour_abs_13_amount: 9.23200
data_price_hour_rel_+01_amount: 10.06100
data_price_hour_abs_14_amount: 10.06100
data_price_hour_rel_+02_amount: 11.66100
data_price_hour_abs_15_amount: 11.66100
data_price_hour_rel_+03_amount: 12.70100
data_price_hour_abs_16_amount: 12.70100
data_price_hour_rel_+04_amount: 13.18000
data_price_hour_abs_17_amount: 13.18000
data_price_hour_rel_+05_amount: 12.85800
data_price_hour_abs_18_amount: 12.85800
data_price_hour_rel_+06_amount: 11.21200
data_price_hour_abs_19_amount: 11.21200
data_price_hour_rel_+07_amount: 9.60100
data_price_hour_abs_20_amount: 9.60100
data_price_hour_rel_+08_amount: 8.27800
data_price_hour_abs_21_amount: 8.27800
data_price_hour_rel_+09_amount: 8.40400
data_price_hour_abs_22_amount: 8.40400
data_price_hour_rel_+10_amount: 7.43600
data_price_hour_abs_23_amount: 7.43600