date_now: 2023-12-01 13:21:55
date_now_epoch: 1701433315394
date_now_day: 1
date_now_month: 12
date_now_year: 2023
date_start: 2023-12-01 00:00:00
date_end: 2023-12-01 23:59:59
price_low: 9.58800
price_high: 23.06900
price_median: 16.03350
price_average: 15.63963
price_current: 17.51900
price_unit: Cent/kWh
price_threshold_00: 9.58800
price_threshold_01: 9.60700
price_threshold_02: 9.91000
price_threshold_03: 10.23100
price_threshold_04: 10.26300
price_threshold_05: 10.69100
price_threshold_06: 10.81300
price_threshold_07: 11.84000
price_threshold_08: 12.00300
price_threshold_09: 12.51300
price_threshold_10: 14.23700
price_threshold_11: 15.21100
price_threshold_12: 16.85600
price_threshold_13: 17.43200
price_threshold_14: 17.51900
price_threshold_15: 18.44000
price_threshold_16: 19.70900
price_threshold_17: 19.91600
price_threshold_18: 20.00500
price_threshold_19: 20.34600
price_threshold_20: 21.35200
price_threshold_21: 21.53700
price_threshold_22: 22.26300
price_threshold_23: 23.06900
data_price_hour_rel_-13_amount: 10.69100
data_price_hour_abs_00_amount: 10.69100
data_price_hour_rel_-12_amount: 10.26300
data_price_hour_abs_01_amount: 10.26300
data_price_hour_rel_-11_amount: 9.91000
data_price_hour_abs_02_amount: 9.91000
data_price_hour_rel_-10_amount: 9.58800
data_price_hour_abs_03_amount: 9.58800
data_price_hour_rel_-09_amount: 9.60700
data_price_hour_abs_04_amount: 9.60700
data_price_hour_rel_-08_amount: 10.23100
data_price_hour_abs_05_amount: 10.23100
data_price_hour_rel_-07_amount: 12.00300
data_price_hour_abs_06_amount: 12.00300
data_price_hour_rel_-06_amount: 15.21100
data_price_hour_abs_07_amount: 15.21100
data_price_hour_rel_-05_amount: 20.34600
data_price_hour_abs_08_amount: 20.34600
data_price_hour_rel_-04_amount: 22.26300
data_price_hour_abs_09_amount: 22.26300
data_price_hour_rel_-03_amount: 21.53700
data_price_hour_abs_10_amount: 21.53700
data_price_hour_rel_-02_amount: 21.35200
data_price_hour_abs_11_amount: 21.35200
data_price_hour_rel_-01_amount: 19.70900
data_price_hour_abs_12_amount: 19.70900
data_price_hour_rel_+00_amount: 17.51900
data_price_hour_abs_13_amount: 17.51900
data_price_hour_rel_+01_amount: 17.43200
data_price_hour_abs_14_amount: 17.43200
data_price_hour_rel_+02_amount: 18.44000
data_price_hour_abs_15_amount: 18.44000
data_price_hour_rel_+03_amount: 20.00500
data_price_hour_abs_16_amount: 20.00500
data_price_hour_rel_+04_amount: 23.06900
data_price_hour_abs_17_amount: 23.06900
data_price_hour_rel_+05_amount: 19.91600
data_price_hour_abs_18_amount: 19.91600
data_price_hour_rel_+06_amount: 16.85600
data_price_hour_abs_19_amount: 16.85600
data_price_hour_rel_+07_amount: 14.23700
data_price_hour_abs_20_amount: 14.23700
data_price_hour_rel_+08_amount: 12.51300
data_price_hour_abs_21_amount: 12.51300
data_price_hour_rel_+09_amount: 11.84000
data_price_hour_abs_22_amount: 11.84000
data_price_hour_rel_+10_amount: 10.81300
data_price_hour_abs_23_amount: 10.81300