date_now: 2023-11-22 13:22:22
date_now_epoch: 1700655742373
date_now_day: 22
date_now_month: 11
date_now_year: 2023
date_start: 2023-11-22 00:00:00
date_end: 2023-11-22 23:59:59
price_low: 7.47900
price_high: 15.16400
price_median: 10.45250
price_average: 10.96879
price_current: 10.24400
price_unit: Cent/kWh
price_threshold_00: 7.47900
price_threshold_01: 8.96700
price_threshold_02: 9.02100
price_threshold_03: 9.20000
price_threshold_04: 9.24900
price_threshold_05: 9.48700
price_threshold_06: 9.50100
price_threshold_07: 9.50100
price_threshold_08: 9.56900
price_threshold_09: 9.80000
price_threshold_10: 10.24400
price_threshold_11: 10.36300
price_threshold_12: 10.54200
price_threshold_13: 11.50300
price_threshold_14: 11.59900
price_threshold_15: 11.87600
price_threshold_16: 11.98400
price_threshold_17: 12.01700
price_threshold_18: 12.70000
price_threshold_19: 12.98900
price_threshold_20: 13.13300
price_threshold_21: 13.29000
price_threshold_22: 14.07300
price_threshold_23: 15.16400
data_price_hour_rel_-13_amount: 9.80000
data_price_hour_abs_00_amount: 9.80000
data_price_hour_rel_-12_amount: 9.50100
data_price_hour_abs_01_amount: 9.50100
data_price_hour_rel_-11_amount: 9.50100
data_price_hour_abs_02_amount: 9.50100
data_price_hour_rel_-10_amount: 9.20000
data_price_hour_abs_03_amount: 9.20000
data_price_hour_rel_-09_amount: 9.24900
data_price_hour_abs_04_amount: 9.24900
data_price_hour_rel_-08_amount: 9.48700
data_price_hour_abs_05_amount: 9.48700
data_price_hour_rel_-07_amount: 12.01700
data_price_hour_abs_06_amount: 12.01700
data_price_hour_rel_-06_amount: 14.07300
data_price_hour_abs_07_amount: 14.07300
data_price_hour_rel_-05_amount: 15.16400
data_price_hour_abs_08_amount: 15.16400
data_price_hour_rel_-04_amount: 13.13300
data_price_hour_abs_09_amount: 13.13300
data_price_hour_rel_-03_amount: 11.50300
data_price_hour_abs_10_amount: 11.50300
data_price_hour_rel_-02_amount: 10.36300
data_price_hour_abs_11_amount: 10.36300
data_price_hour_rel_-01_amount: 9.56900
data_price_hour_abs_12_amount: 9.56900
data_price_hour_rel_+00_amount: 10.24400
data_price_hour_abs_13_amount: 10.24400
data_price_hour_rel_+01_amount: 11.59900
data_price_hour_abs_14_amount: 11.59900
data_price_hour_rel_+02_amount: 11.98400
data_price_hour_abs_15_amount: 11.98400
data_price_hour_rel_+03_amount: 12.70000
data_price_hour_abs_16_amount: 12.70000
data_price_hour_rel_+04_amount: 13.29000
data_price_hour_abs_17_amount: 13.29000
data_price_hour_rel_+05_amount: 12.98900
data_price_hour_abs_18_amount: 12.98900
data_price_hour_rel_+06_amount: 11.87600
data_price_hour_abs_19_amount: 11.87600
data_price_hour_rel_+07_amount: 10.54200
data_price_hour_abs_20_amount: 10.54200
data_price_hour_rel_+08_amount: 8.96700
data_price_hour_abs_21_amount: 8.96700
data_price_hour_rel_+09_amount: 9.02100
data_price_hour_abs_22_amount: 9.02100
data_price_hour_rel_+10_amount: 7.47900
data_price_hour_abs_23_amount: 7.47900