date_now: 2023-11-08 13:20:48
date_now_epoch: 1699446048337
date_now_day: 8
date_now_month: 11
date_now_year: 2023
date_start: 2023-11-08 00:00:00
date_end: 2023-11-08 23:59:59
price_low: 6.19800
price_high: 12.70900
price_median: 8.38250
price_average: 8.97238
price_current: 7.60800
price_unit: Cent/kWh
price_threshold_00: 6.19800
price_threshold_01: 6.67300
price_threshold_02: 6.67600
price_threshold_03: 6.77000
price_threshold_04: 7.06000
price_threshold_05: 7.42200
price_threshold_06: 7.50100
price_threshold_07: 7.57100
price_threshold_08: 7.60800
price_threshold_09: 7.88500
price_threshold_10: 8.29900
price_threshold_11: 8.31500
price_threshold_12: 8.45000
price_threshold_13: 8.47600
price_threshold_14: 9.28500
price_threshold_15: 9.35700
price_threshold_16: 10.54200
price_threshold_17: 10.76200
price_threshold_18: 10.95100
price_threshold_19: 11.14700
price_threshold_20: 11.68100
price_threshold_21: 11.90400
price_threshold_22: 12.09500
price_threshold_23: 12.70900
data_price_hour_rel_-13_amount: 7.06000
data_price_hour_abs_00_amount: 7.06000
data_price_hour_rel_-12_amount: 7.42200
data_price_hour_abs_01_amount: 7.42200
data_price_hour_rel_-11_amount: 6.67300
data_price_hour_abs_02_amount: 6.67300
data_price_hour_rel_-10_amount: 6.19800
data_price_hour_abs_03_amount: 6.19800
data_price_hour_rel_-09_amount: 6.67600
data_price_hour_abs_04_amount: 6.67600
data_price_hour_rel_-08_amount: 7.50100
data_price_hour_abs_05_amount: 7.50100
data_price_hour_rel_-07_amount: 8.45000
data_price_hour_abs_06_amount: 8.45000
data_price_hour_rel_-06_amount: 10.76200
data_price_hour_abs_07_amount: 10.76200
data_price_hour_rel_-05_amount: 11.14700
data_price_hour_abs_08_amount: 11.14700
data_price_hour_rel_-04_amount: 9.35700
data_price_hour_abs_09_amount: 9.35700
data_price_hour_rel_-03_amount: 8.47600
data_price_hour_abs_10_amount: 8.47600
data_price_hour_rel_-02_amount: 7.88500
data_price_hour_abs_11_amount: 7.88500
data_price_hour_rel_-01_amount: 7.57100
data_price_hour_abs_12_amount: 7.57100
data_price_hour_rel_+00_amount: 7.60800
data_price_hour_abs_13_amount: 7.60800
data_price_hour_rel_+01_amount: 8.31500
data_price_hour_abs_14_amount: 8.31500
data_price_hour_rel_+02_amount: 10.54200
data_price_hour_abs_15_amount: 10.54200
data_price_hour_rel_+03_amount: 11.68100
data_price_hour_abs_16_amount: 11.68100
data_price_hour_rel_+04_amount: 11.90400
data_price_hour_abs_17_amount: 11.90400
data_price_hour_rel_+05_amount: 12.70900
data_price_hour_abs_18_amount: 12.70900
data_price_hour_rel_+06_amount: 12.09500
data_price_hour_abs_19_amount: 12.09500
data_price_hour_rel_+07_amount: 10.95100
data_price_hour_abs_20_amount: 10.95100
data_price_hour_rel_+08_amount: 9.28500
data_price_hour_abs_21_amount: 9.28500
data_price_hour_rel_+09_amount: 8.29900
data_price_hour_abs_22_amount: 8.29900
data_price_hour_rel_+10_amount: 6.77000
data_price_hour_abs_23_amount: 6.77000