date_now: 2023-12-17 13:19:51
date_now_epoch: 1702815591717
date_now_day: 17
date_now_month: 12
date_now_year: 2023
date_start: 2023-12-17 00:00:00
date_end: 2023-12-17 23:59:59
price_low: 2.63700
price_high: 7.66100
price_median: 4.84050
price_average: 5.07171
price_current: 4.00400
price_unit: Cent/kWh
price_threshold_00: 2.63700
price_threshold_01: 2.86900
price_threshold_02: 2.98700
price_threshold_03: 3.90300
price_threshold_04: 4.00400
price_threshold_05: 4.28000
price_threshold_06: 4.29600
price_threshold_07: 4.37100
price_threshold_08: 4.53100
price_threshold_09: 4.53400
price_threshold_10: 4.58500
price_threshold_11: 4.78100
price_threshold_12: 4.90000
price_threshold_13: 5.44300
price_threshold_14: 5.67400
price_threshold_15: 5.76700
price_threshold_16: 5.89500
price_threshold_17: 5.91700
price_threshold_18: 5.97300
price_threshold_19: 5.97900
price_threshold_20: 6.29900
price_threshold_21: 7.06700
price_threshold_22: 7.36800
price_threshold_23: 7.66100
data_price_hour_rel_-13_amount: 4.53400
data_price_hour_abs_00_amount: 4.53400
data_price_hour_rel_-12_amount: 4.28000
data_price_hour_abs_01_amount: 4.28000
data_price_hour_rel_-11_amount: 4.29600
data_price_hour_abs_02_amount: 4.29600
data_price_hour_rel_-10_amount: 2.86900
data_price_hour_abs_03_amount: 2.86900
data_price_hour_rel_-09_amount: 2.63700
data_price_hour_abs_04_amount: 2.63700
data_price_hour_rel_-08_amount: 2.98700
data_price_hour_abs_05_amount: 2.98700
data_price_hour_rel_-07_amount: 3.90300
data_price_hour_abs_06_amount: 3.90300
data_price_hour_rel_-06_amount: 4.53100
data_price_hour_abs_07_amount: 4.53100
data_price_hour_rel_-05_amount: 5.76700
data_price_hour_abs_08_amount: 5.76700
data_price_hour_rel_-04_amount: 5.91700
data_price_hour_abs_09_amount: 5.91700
data_price_hour_rel_-03_amount: 5.44300
data_price_hour_abs_10_amount: 5.44300
data_price_hour_rel_-02_amount: 4.90000
data_price_hour_abs_11_amount: 4.90000
data_price_hour_rel_-01_amount: 4.37100
data_price_hour_abs_12_amount: 4.37100
data_price_hour_rel_+00_amount: 4.00400
data_price_hour_abs_13_amount: 4.00400
data_price_hour_rel_+01_amount: 4.58500
data_price_hour_abs_14_amount: 4.58500
data_price_hour_rel_+02_amount: 5.67400
data_price_hour_abs_15_amount: 5.67400
data_price_hour_rel_+03_amount: 6.29900
data_price_hour_abs_16_amount: 6.29900
data_price_hour_rel_+04_amount: 7.66100
data_price_hour_abs_17_amount: 7.66100
data_price_hour_rel_+05_amount: 7.36800
data_price_hour_abs_18_amount: 7.36800
data_price_hour_rel_+06_amount: 7.06700
data_price_hour_abs_19_amount: 7.06700
data_price_hour_rel_+07_amount: 5.97900
data_price_hour_abs_20_amount: 5.97900
data_price_hour_rel_+08_amount: 5.89500
data_price_hour_abs_21_amount: 5.89500
data_price_hour_rel_+09_amount: 5.97300
data_price_hour_abs_22_amount: 5.97300
data_price_hour_rel_+10_amount: 4.78100
data_price_hour_abs_23_amount: 4.78100