date_now: 2023-12-09 13:19:50
date_now_epoch: 1702124390888
date_now_day: 9
date_now_month: 12
date_now_year: 2023
date_start: 2023-12-09 00:00:00
date_end: 2023-12-09 23:59:59
price_low: 4.61800
price_high: 9.50000
price_median: 7.97850
price_average: 7.84146
price_current: 9.06700
price_unit: Cent/kWh
price_threshold_00: 4.61800
price_threshold_01: 5.68400
price_threshold_02: 6.04100
price_threshold_03: 6.44600
price_threshold_04: 6.94500
price_threshold_05: 7.05600
price_threshold_06: 7.30100
price_threshold_07: 7.30700
price_threshold_08: 7.60400
price_threshold_09: 7.74300
price_threshold_10: 7.90400
price_threshold_11: 7.94900
price_threshold_12: 8.00800
price_threshold_13: 8.24000
price_threshold_14: 8.35000
price_threshold_15: 8.49300
price_threshold_16: 8.51000
price_threshold_17: 8.56300
price_threshold_18: 9.06700
price_threshold_19: 9.10100
price_threshold_20: 9.15100
price_threshold_21: 9.19400
price_threshold_22: 9.42000
price_threshold_23: 9.50000
data_price_hour_rel_-13_amount: 9.50000
data_price_hour_abs_00_amount: 9.50000
data_price_hour_rel_-12_amount: 8.51000
data_price_hour_abs_01_amount: 8.51000
data_price_hour_rel_-11_amount: 7.94900
data_price_hour_abs_02_amount: 7.94900
data_price_hour_rel_-10_amount: 7.30700
data_price_hour_abs_03_amount: 7.30700
data_price_hour_rel_-09_amount: 7.05600
data_price_hour_abs_04_amount: 7.05600
data_price_hour_rel_-08_amount: 7.30100
data_price_hour_abs_05_amount: 7.30100
data_price_hour_rel_-07_amount: 7.60400
data_price_hour_abs_06_amount: 7.60400
data_price_hour_rel_-06_amount: 8.24000
data_price_hour_abs_07_amount: 8.24000
data_price_hour_rel_-05_amount: 8.49300
data_price_hour_abs_08_amount: 8.49300
data_price_hour_rel_-04_amount: 9.15100
data_price_hour_abs_09_amount: 9.15100
data_price_hour_rel_-03_amount: 9.10100
data_price_hour_abs_10_amount: 9.10100
data_price_hour_rel_-02_amount: 9.19400
data_price_hour_abs_11_amount: 9.19400
data_price_hour_rel_-01_amount: 9.42000
data_price_hour_abs_12_amount: 9.42000
data_price_hour_rel_+00_amount: 9.06700
data_price_hour_abs_13_amount: 9.06700
data_price_hour_rel_+01_amount: 8.56300
data_price_hour_abs_14_amount: 8.56300
data_price_hour_rel_+02_amount: 8.35000
data_price_hour_abs_15_amount: 8.35000
data_price_hour_rel_+03_amount: 8.00800
data_price_hour_abs_16_amount: 8.00800
data_price_hour_rel_+04_amount: 7.90400
data_price_hour_abs_17_amount: 7.90400
data_price_hour_rel_+05_amount: 7.74300
data_price_hour_abs_18_amount: 7.74300
data_price_hour_rel_+06_amount: 6.94500
data_price_hour_abs_19_amount: 6.94500
data_price_hour_rel_+07_amount: 6.44600
data_price_hour_abs_20_amount: 6.44600
data_price_hour_rel_+08_amount: 6.04100
data_price_hour_abs_21_amount: 6.04100
data_price_hour_rel_+09_amount: 5.68400
data_price_hour_abs_22_amount: 5.68400
data_price_hour_rel_+10_amount: 4.61800
data_price_hour_abs_23_amount: 4.61800