date_now: 2023-12-13 13:21:45
date_now_epoch: 1702470105684
date_now_day: 13
date_now_month: 12
date_now_year: 2023
date_start: 2023-12-13 00:00:00
date_end: 2023-12-13 23:59:59
price_low: 7.14300
price_high: 11.01500
price_median: 9.82450
price_average: 9.30408
price_current: 10.27000
price_unit: Cent/kWh
price_threshold_00: 7.14300
price_threshold_01: 7.29600
price_threshold_02: 7.30200
price_threshold_03: 7.37000
price_threshold_04: 7.53600
price_threshold_05: 7.54500
price_threshold_06: 8.31000
price_threshold_07: 8.42500
price_threshold_08: 9.08800
price_threshold_09: 9.23500
price_threshold_10: 9.65800
price_threshold_11: 9.76600
price_threshold_12: 9.88300
price_threshold_13: 10.00000
price_threshold_14: 10.03000
price_threshold_15: 10.24100
price_threshold_16: 10.24100
price_threshold_17: 10.27000
price_threshold_18: 10.37300
price_threshold_19: 10.43700
price_threshold_20: 10.58900
price_threshold_21: 10.60500
price_threshold_22: 10.94000
price_threshold_23: 11.01500
data_price_hour_rel_-13_amount: 7.53600
data_price_hour_abs_00_amount: 7.53600
data_price_hour_rel_-12_amount: 7.29600
data_price_hour_abs_01_amount: 7.29600
data_price_hour_rel_-11_amount: 7.37000
data_price_hour_abs_02_amount: 7.37000
data_price_hour_rel_-10_amount: 7.14300
data_price_hour_abs_03_amount: 7.14300
data_price_hour_rel_-09_amount: 7.30200
data_price_hour_abs_04_amount: 7.30200
data_price_hour_rel_-08_amount: 7.54500
data_price_hour_abs_05_amount: 7.54500
data_price_hour_rel_-07_amount: 8.31000
data_price_hour_abs_06_amount: 8.31000
data_price_hour_rel_-06_amount: 10.24100
data_price_hour_abs_07_amount: 10.24100
data_price_hour_rel_-05_amount: 9.88300
data_price_hour_abs_08_amount: 9.88300
data_price_hour_rel_-04_amount: 10.37300
data_price_hour_abs_09_amount: 10.37300
data_price_hour_rel_-03_amount: 10.03000
data_price_hour_abs_10_amount: 10.03000
data_price_hour_rel_-02_amount: 10.00000
data_price_hour_abs_11_amount: 10.00000
data_price_hour_rel_-01_amount: 9.76600
data_price_hour_abs_12_amount: 9.76600
data_price_hour_rel_+00_amount: 10.27000
data_price_hour_abs_13_amount: 10.27000
data_price_hour_rel_+01_amount: 10.43700
data_price_hour_abs_14_amount: 10.43700
data_price_hour_rel_+02_amount: 10.94000
data_price_hour_abs_15_amount: 10.94000
data_price_hour_rel_+03_amount: 10.60500
data_price_hour_abs_16_amount: 10.60500
data_price_hour_rel_+04_amount: 11.01500
data_price_hour_abs_17_amount: 11.01500
data_price_hour_rel_+05_amount: 10.58900
data_price_hour_abs_18_amount: 10.58900
data_price_hour_rel_+06_amount: 10.24100
data_price_hour_abs_19_amount: 10.24100
data_price_hour_rel_+07_amount: 9.65800
data_price_hour_abs_20_amount: 9.65800
data_price_hour_rel_+08_amount: 9.08800
data_price_hour_abs_21_amount: 9.08800
data_price_hour_rel_+09_amount: 9.23500
data_price_hour_abs_22_amount: 9.23500
data_price_hour_rel_+10_amount: 8.42500
data_price_hour_abs_23_amount: 8.42500