date_now: 2023-10-17 14:22:08
date_now_epoch: 1697545328652
date_now_day: 17
date_now_month: 10
date_now_year: 2023
date_start: 2023-10-17 00:00:00
date_end: 2023-10-17 23:59:59
price_low: 9.84000
price_high: 19.10800
price_median: 12.68050
price_average: 13.01242
price_current: 9.84000
price_unit: Cent/kWh
price_threshold_00: 9.84000
price_threshold_01: 10.00800
price_threshold_02: 10.44200
price_threshold_03: 10.55000
price_threshold_04: 10.79500
price_threshold_05: 10.83800
price_threshold_06: 10.89100
price_threshold_07: 11.05700
price_threshold_08: 11.36700
price_threshold_09: 11.40400
price_threshold_10: 12.19600
price_threshold_11: 12.60300
price_threshold_12: 12.75800
price_threshold_13: 12.84200
price_threshold_14: 12.99700
price_threshold_15: 13.29000
price_threshold_16: 13.49800
price_threshold_17: 15.02500
price_threshold_18: 15.31200
price_threshold_19: 15.94000
price_threshold_20: 16.44500
price_threshold_21: 16.50000
price_threshold_22: 16.59200
price_threshold_23: 19.10800
data_price_hour_rel_-14_amount: 12.75800
data_price_hour_abs_00_amount: 12.75800
data_price_hour_rel_-13_amount: 11.40400
data_price_hour_abs_01_amount: 11.40400
data_price_hour_rel_-12_amount: 10.83800
data_price_hour_abs_02_amount: 10.83800
data_price_hour_rel_-11_amount: 10.55000
data_price_hour_abs_03_amount: 10.55000
data_price_hour_rel_-10_amount: 11.05700
data_price_hour_abs_04_amount: 11.05700
data_price_hour_rel_-09_amount: 12.19600
data_price_hour_abs_05_amount: 12.19600
data_price_hour_rel_-08_amount: 15.02500
data_price_hour_abs_06_amount: 15.02500
data_price_hour_rel_-07_amount: 16.50000
data_price_hour_abs_07_amount: 16.50000
data_price_hour_rel_-06_amount: 19.10800
data_price_hour_abs_08_amount: 19.10800
data_price_hour_rel_-05_amount: 15.94000
data_price_hour_abs_09_amount: 15.94000
data_price_hour_rel_-04_amount: 13.49800
data_price_hour_abs_10_amount: 13.49800
data_price_hour_rel_-03_amount: 11.36700
data_price_hour_abs_11_amount: 11.36700
data_price_hour_rel_-02_amount: 10.89100
data_price_hour_abs_12_amount: 10.89100
data_price_hour_rel_-01_amount: 10.00800
data_price_hour_abs_13_amount: 10.00800
data_price_hour_rel_+00_amount: 9.84000
data_price_hour_abs_14_amount: 9.84000
data_price_hour_rel_+01_amount: 10.79500
data_price_hour_abs_15_amount: 10.79500
data_price_hour_rel_+02_amount: 12.84200
data_price_hour_abs_16_amount: 12.84200
data_price_hour_rel_+03_amount: 15.31200
data_price_hour_abs_17_amount: 15.31200
data_price_hour_rel_+04_amount: 16.59200
data_price_hour_abs_18_amount: 16.59200
data_price_hour_rel_+05_amount: 16.44500
data_price_hour_abs_19_amount: 16.44500
data_price_hour_rel_+06_amount: 12.99700
data_price_hour_abs_20_amount: 12.99700
data_price_hour_rel_+07_amount: 13.29000
data_price_hour_abs_21_amount: 13.29000
data_price_hour_rel_+08_amount: 12.60300
data_price_hour_abs_22_amount: 12.60300
data_price_hour_rel_+09_amount: 10.44200
data_price_hour_abs_23_amount: 10.44200