date_now: 2023-11-25 13:19:29
date_now_epoch: 1700914769667
date_now_day: 25
date_now_month: 11
date_now_year: 2023
date_start: 2023-11-25 00:00:00
date_end: 2023-11-25 23:59:59
price_low: 6.99900
price_high: 12.72000
price_median: 8.96300
price_average: 9.45967
price_current: 8.30700
price_unit: Cent/kWh
price_threshold_00: 6.99900
price_threshold_01: 7.16100
price_threshold_02: 7.20700
price_threshold_03: 7.40300
price_threshold_04: 7.41900
price_threshold_05: 7.80700
price_threshold_06: 7.98100
price_threshold_07: 8.30700
price_threshold_08: 8.48200
price_threshold_09: 8.70600
price_threshold_10: 8.70800
price_threshold_11: 8.91700
price_threshold_12: 9.00900
price_threshold_13: 9.17400
price_threshold_14: 9.42900
price_threshold_15: 9.56600
price_threshold_16: 10.30000
price_threshold_17: 11.48300
price_threshold_18: 11.49100
price_threshold_19: 11.53000
price_threshold_20: 12.11300
price_threshold_21: 12.41000
price_threshold_22: 12.71000
price_threshold_23: 12.72000
data_price_hour_rel_-13_amount: 7.80700
data_price_hour_abs_00_amount: 7.80700
data_price_hour_rel_-12_amount: 7.40300
data_price_hour_abs_01_amount: 7.40300
data_price_hour_rel_-11_amount: 7.20700
data_price_hour_abs_02_amount: 7.20700
data_price_hour_rel_-10_amount: 7.16100
data_price_hour_abs_03_amount: 7.16100
data_price_hour_rel_-09_amount: 6.99900
data_price_hour_abs_04_amount: 6.99900
data_price_hour_rel_-08_amount: 7.41900
data_price_hour_abs_05_amount: 7.41900
data_price_hour_rel_-07_amount: 7.98100
data_price_hour_abs_06_amount: 7.98100
data_price_hour_rel_-06_amount: 8.70800
data_price_hour_abs_07_amount: 8.70800
data_price_hour_rel_-05_amount: 9.42900
data_price_hour_abs_08_amount: 9.42900
data_price_hour_rel_-04_amount: 9.17400
data_price_hour_abs_09_amount: 9.17400
data_price_hour_rel_-03_amount: 8.91700
data_price_hour_abs_10_amount: 8.91700
data_price_hour_rel_-02_amount: 8.70600
data_price_hour_abs_11_amount: 8.70600
data_price_hour_rel_-01_amount: 8.48200
data_price_hour_abs_12_amount: 8.48200
data_price_hour_rel_+00_amount: 8.30700
data_price_hour_abs_13_amount: 8.30700
data_price_hour_rel_+01_amount: 9.00900
data_price_hour_abs_14_amount: 9.00900
data_price_hour_rel_+02_amount: 9.56600
data_price_hour_abs_15_amount: 9.56600
data_price_hour_rel_+03_amount: 11.49100
data_price_hour_abs_16_amount: 11.49100
data_price_hour_rel_+04_amount: 12.41000
data_price_hour_abs_17_amount: 12.41000
data_price_hour_rel_+05_amount: 12.71000
data_price_hour_abs_18_amount: 12.71000
data_price_hour_rel_+06_amount: 12.72000
data_price_hour_abs_19_amount: 12.72000
data_price_hour_rel_+07_amount: 12.11300
data_price_hour_abs_20_amount: 12.11300
data_price_hour_rel_+08_amount: 11.48300
data_price_hour_abs_21_amount: 11.48300
data_price_hour_rel_+09_amount: 11.53000
data_price_hour_abs_22_amount: 11.53000
data_price_hour_rel_+10_amount: 10.30000
data_price_hour_abs_23_amount: 10.30000