date_now: 2023-12-11 13:22:52
date_now_epoch: 1702297372809
date_now_day: 11
date_now_month: 12
date_now_year: 2023
date_start: 2023-12-11 00:00:00
date_end: 2023-12-11 23:59:59
price_low: 0.86200
price_high: 12.26400
price_median: 9.19350
price_average: 7.90529
price_current: 8.80300
price_unit: Cent/kWh
price_threshold_00: 0.86200
price_threshold_01: 1.18200
price_threshold_02: 1.27200
price_threshold_03: 1.55000
price_threshold_04: 3.44400
price_threshold_05: 3.80400
price_threshold_06: 7.45900
price_threshold_07: 8.68200
price_threshold_08: 8.80300
price_threshold_09: 8.93100
price_threshold_10: 9.06800
price_threshold_11: 9.13600
price_threshold_12: 9.25100
price_threshold_13: 9.33600
price_threshold_14: 9.59200
price_threshold_15: 9.64800
price_threshold_16: 9.79800
price_threshold_17: 9.83300
price_threshold_18: 9.92400
price_threshold_19: 10.55100
price_threshold_20: 11.40300
price_threshold_21: 11.79900
price_threshold_22: 12.13500
price_threshold_23: 12.26400
data_price_hour_rel_-13_amount: 3.44400
data_price_hour_abs_00_amount: 3.44400
data_price_hour_rel_-12_amount: 1.55000
data_price_hour_abs_01_amount: 1.55000
data_price_hour_rel_-11_amount: 1.27200
data_price_hour_abs_02_amount: 1.27200
data_price_hour_rel_-10_amount: 0.86200
data_price_hour_abs_03_amount: 0.86200
data_price_hour_rel_-09_amount: 1.18200
data_price_hour_abs_04_amount: 1.18200
data_price_hour_rel_-08_amount: 3.80400
data_price_hour_abs_05_amount: 3.80400
data_price_hour_rel_-07_amount: 7.45900
data_price_hour_abs_06_amount: 7.45900
data_price_hour_rel_-06_amount: 9.13600
data_price_hour_abs_07_amount: 9.13600
data_price_hour_rel_-05_amount: 9.79800
data_price_hour_abs_08_amount: 9.79800
data_price_hour_rel_-04_amount: 9.83300
data_price_hour_abs_09_amount: 9.83300
data_price_hour_rel_-03_amount: 9.33600
data_price_hour_abs_10_amount: 9.33600
data_price_hour_rel_-02_amount: 9.06800
data_price_hour_abs_11_amount: 9.06800
data_price_hour_rel_-01_amount: 8.93100
data_price_hour_abs_12_amount: 8.93100
data_price_hour_rel_+00_amount: 8.80300
data_price_hour_abs_13_amount: 8.80300
data_price_hour_rel_+01_amount: 9.25100
data_price_hour_abs_14_amount: 9.25100
data_price_hour_rel_+02_amount: 9.59200
data_price_hour_abs_15_amount: 9.59200
data_price_hour_rel_+03_amount: 10.55100
data_price_hour_abs_16_amount: 10.55100
data_price_hour_rel_+04_amount: 11.79900
data_price_hour_abs_17_amount: 11.79900
data_price_hour_rel_+05_amount: 12.26400
data_price_hour_abs_18_amount: 12.26400
data_price_hour_rel_+06_amount: 12.13500
data_price_hour_abs_19_amount: 12.13500
data_price_hour_rel_+07_amount: 11.40300
data_price_hour_abs_20_amount: 11.40300
data_price_hour_rel_+08_amount: 9.92400
data_price_hour_abs_21_amount: 9.92400
data_price_hour_rel_+09_amount: 9.64800
data_price_hour_abs_22_amount: 9.64800
data_price_hour_rel_+10_amount: 8.68200
data_price_hour_abs_23_amount: 8.68200