date_now: 2023-12-23 13:18:55
date_now_epoch: 1703333935555
date_now_day: 23
date_now_month: 12
date_now_year: 2023
date_start: 2023-12-23 00:00:00
date_end: 2023-12-23 23:59:59
price_low: -0.00200
price_high: 6.81200
price_median: 4.16000
price_average: 3.07433
price_current: 4.98100
price_unit: Cent/kWh
price_threshold_00: -0.00200
price_threshold_01: -0.00100
price_threshold_02: -0.00100
price_threshold_03: -0.00100
price_threshold_04: 0.00000
price_threshold_05: 0.00400
price_threshold_06: 0.01000
price_threshold_07: 0.74300
price_threshold_08: 0.77400
price_threshold_09: 2.00000
price_threshold_10: 2.02900
price_threshold_11: 4.15600
price_threshold_12: 4.16400
price_threshold_13: 4.20800
price_threshold_14: 4.59000
price_threshold_15: 4.73600
price_threshold_16: 4.98100
price_threshold_17: 5.23000
price_threshold_18: 5.37000
price_threshold_19: 5.37700
price_threshold_20: 5.80500
price_threshold_21: 6.15500
price_threshold_22: 6.64500
price_threshold_23: 6.81200
data_price_hour_rel_-13_amount: 0.00400
data_price_hour_abs_00_amount: 0.00400
data_price_hour_rel_-12_amount: -0.00100
data_price_hour_abs_01_amount: -0.00100
data_price_hour_rel_-11_amount: -0.00100
data_price_hour_abs_02_amount: -0.00100
data_price_hour_rel_-10_amount: -0.00200
data_price_hour_abs_03_amount: -0.00200
data_price_hour_rel_-09_amount: -0.00100
data_price_hour_abs_04_amount: -0.00100
data_price_hour_rel_-08_amount: 0.00000
data_price_hour_abs_05_amount: 0.00000
data_price_hour_rel_-07_amount: 0.01000
data_price_hour_abs_06_amount: 0.01000
data_price_hour_rel_-06_amount: 0.74300
data_price_hour_abs_07_amount: 0.74300
data_price_hour_rel_-05_amount: 2.00000
data_price_hour_abs_08_amount: 2.00000
data_price_hour_rel_-04_amount: 4.20800
data_price_hour_abs_09_amount: 4.20800
data_price_hour_rel_-03_amount: 4.16400
data_price_hour_abs_10_amount: 4.16400
data_price_hour_rel_-02_amount: 4.59000
data_price_hour_abs_11_amount: 4.59000
data_price_hour_rel_-01_amount: 4.73600
data_price_hour_abs_12_amount: 4.73600
data_price_hour_rel_+00_amount: 4.98100
data_price_hour_abs_13_amount: 4.98100
data_price_hour_rel_+01_amount: 5.23000
data_price_hour_abs_14_amount: 5.23000
data_price_hour_rel_+02_amount: 5.37700
data_price_hour_abs_15_amount: 5.37700
data_price_hour_rel_+03_amount: 5.80500
data_price_hour_abs_16_amount: 5.80500
data_price_hour_rel_+04_amount: 6.81200
data_price_hour_abs_17_amount: 6.81200
data_price_hour_rel_+05_amount: 6.64500
data_price_hour_abs_18_amount: 6.64500
data_price_hour_rel_+06_amount: 6.15500
data_price_hour_abs_19_amount: 6.15500
data_price_hour_rel_+07_amount: 5.37000
data_price_hour_abs_20_amount: 5.37000
data_price_hour_rel_+08_amount: 4.15600
data_price_hour_abs_21_amount: 4.15600
data_price_hour_rel_+09_amount: 2.02900
data_price_hour_abs_22_amount: 2.02900
data_price_hour_rel_+10_amount: 0.77400
data_price_hour_abs_23_amount: 0.77400