date_now: 2023-11-17 13:21:28
date_now_epoch: 1700223688998
date_now_day: 17
date_now_month: 11
date_now_year: 2023
date_start: 2023-11-17 00:00:00
date_end: 2023-11-17 23:59:59
price_low: 9.27600
price_high: 14.96000
price_median: 12.21200
price_average: 12.13408
price_current: 11.20000
price_unit: Cent/kWh
price_threshold_00: 9.27600
price_threshold_01: 9.56500
price_threshold_02: 9.57000
price_threshold_03: 10.00000
price_threshold_04: 10.32000
price_threshold_05: 10.60000
price_threshold_06: 11.18800
price_threshold_07: 11.20000
price_threshold_08: 11.81400
price_threshold_09: 11.93500
price_threshold_10: 11.95000
price_threshold_11: 12.03300
price_threshold_12: 12.39100
price_threshold_13: 12.51800
price_threshold_14: 12.79100
price_threshold_15: 12.84100
price_threshold_16: 12.99900
price_threshold_17: 13.10300
price_threshold_18: 13.47500
price_threshold_19: 13.76500
price_threshold_20: 14.10000
price_threshold_21: 14.19200
price_threshold_22: 14.63200
price_threshold_23: 14.96000
data_price_hour_rel_-13_amount: 10.60000
data_price_hour_abs_00_amount: 10.60000
data_price_hour_rel_-12_amount: 10.00000
data_price_hour_abs_01_amount: 10.00000
data_price_hour_rel_-11_amount: 9.56500
data_price_hour_abs_02_amount: 9.56500
data_price_hour_rel_-10_amount: 9.27600
data_price_hour_abs_03_amount: 9.27600
data_price_hour_rel_-09_amount: 9.57000
data_price_hour_abs_04_amount: 9.57000
data_price_hour_rel_-08_amount: 10.32000
data_price_hour_abs_05_amount: 10.32000
data_price_hour_rel_-07_amount: 11.93500
data_price_hour_abs_06_amount: 11.93500
data_price_hour_rel_-06_amount: 13.10300
data_price_hour_abs_07_amount: 13.10300
data_price_hour_rel_-05_amount: 14.19200
data_price_hour_abs_08_amount: 14.19200
data_price_hour_rel_-04_amount: 13.47500
data_price_hour_abs_09_amount: 13.47500
data_price_hour_rel_-03_amount: 12.79100
data_price_hour_abs_10_amount: 12.79100
data_price_hour_rel_-02_amount: 12.51800
data_price_hour_abs_11_amount: 12.51800
data_price_hour_rel_-01_amount: 11.95000
data_price_hour_abs_12_amount: 11.95000
data_price_hour_rel_+00_amount: 11.20000
data_price_hour_abs_13_amount: 11.20000
data_price_hour_rel_+01_amount: 12.39100
data_price_hour_abs_14_amount: 12.39100
data_price_hour_rel_+02_amount: 12.99900
data_price_hour_abs_15_amount: 12.99900
data_price_hour_rel_+03_amount: 13.76500
data_price_hour_abs_16_amount: 13.76500
data_price_hour_rel_+04_amount: 14.63200
data_price_hour_abs_17_amount: 14.63200
data_price_hour_rel_+05_amount: 14.96000
data_price_hour_abs_18_amount: 14.96000
data_price_hour_rel_+06_amount: 14.10000
data_price_hour_abs_19_amount: 14.10000
data_price_hour_rel_+07_amount: 12.84100
data_price_hour_abs_20_amount: 12.84100
data_price_hour_rel_+08_amount: 12.03300
data_price_hour_abs_21_amount: 12.03300
data_price_hour_rel_+09_amount: 11.81400
data_price_hour_abs_22_amount: 11.81400
data_price_hour_rel_+10_amount: 11.18800
data_price_hour_abs_23_amount: 11.18800