date_now: 2023-11-29 13:21:57
date_now_epoch: 1701260517710
date_now_day: 29
date_now_month: 11
date_now_year: 2023
date_start: 2023-11-29 00:00:00
date_end: 2023-11-29 23:59:59
price_low: 8.49100
price_high: 25.00000
price_median: 13.23850
price_average: 14.00229
price_current: 13.21800
price_unit: Cent/kWh
price_threshold_00: 8.49100
price_threshold_01: 8.58800
price_threshold_02: 9.20300
price_threshold_03: 9.51700
price_threshold_04: 9.57000
price_threshold_05: 9.84300
price_threshold_06: 10.28400
price_threshold_07: 11.42700
price_threshold_08: 12.80900
price_threshold_09: 12.85000
price_threshold_10: 13.00000
price_threshold_11: 13.21800
price_threshold_12: 13.25900
price_threshold_13: 13.37200
price_threshold_14: 13.90100
price_threshold_15: 14.25500
price_threshold_16: 14.63500
price_threshold_17: 14.93300
price_threshold_18: 16.10000
price_threshold_19: 16.80000
price_threshold_20: 20.00000
price_threshold_21: 20.00000
price_threshold_22: 25.00000
price_threshold_23: 25.00000
data_price_hour_rel_-13_amount: 9.84300
data_price_hour_abs_00_amount: 9.84300
data_price_hour_rel_-12_amount: 9.51700
data_price_hour_abs_01_amount: 9.51700
data_price_hour_rel_-11_amount: 9.20300
data_price_hour_abs_02_amount: 9.20300
data_price_hour_rel_-10_amount: 8.58800
data_price_hour_abs_03_amount: 8.58800
data_price_hour_rel_-09_amount: 8.49100
data_price_hour_abs_04_amount: 8.49100
data_price_hour_rel_-08_amount: 9.57000
data_price_hour_abs_05_amount: 9.57000
data_price_hour_rel_-07_amount: 10.28400
data_price_hour_abs_06_amount: 10.28400
data_price_hour_rel_-06_amount: 13.25900
data_price_hour_abs_07_amount: 13.25900
data_price_hour_rel_-05_amount: 14.93300
data_price_hour_abs_08_amount: 14.93300
data_price_hour_rel_-04_amount: 14.25500
data_price_hour_abs_09_amount: 14.25500
data_price_hour_rel_-03_amount: 13.37200
data_price_hour_abs_10_amount: 13.37200
data_price_hour_rel_-02_amount: 13.00000
data_price_hour_abs_11_amount: 13.00000
data_price_hour_rel_-01_amount: 12.80900
data_price_hour_abs_12_amount: 12.80900
data_price_hour_rel_+00_amount: 13.21800
data_price_hour_abs_13_amount: 13.21800
data_price_hour_rel_+01_amount: 14.63500
data_price_hour_abs_14_amount: 14.63500
data_price_hour_rel_+02_amount: 16.80000
data_price_hour_abs_15_amount: 16.80000
data_price_hour_rel_+03_amount: 20.00000
data_price_hour_abs_16_amount: 20.00000
data_price_hour_rel_+04_amount: 25.00000
data_price_hour_abs_17_amount: 25.00000
data_price_hour_rel_+05_amount: 25.00000
data_price_hour_abs_18_amount: 25.00000
data_price_hour_rel_+06_amount: 20.00000
data_price_hour_abs_19_amount: 20.00000
data_price_hour_rel_+07_amount: 16.10000
data_price_hour_abs_20_amount: 16.10000
data_price_hour_rel_+08_amount: 13.90100
data_price_hour_abs_21_amount: 13.90100
data_price_hour_rel_+09_amount: 12.85000
data_price_hour_abs_22_amount: 12.85000
data_price_hour_rel_+10_amount: 11.42700
data_price_hour_abs_23_amount: 11.42700