date_now: 2023-12-30 13:19:18
date_now_epoch: 1703938758276
date_now_day: 30
date_now_month: 12
date_now_year: 2023
date_start: 2023-12-30 00:00:00
date_end: 2023-12-30 23:59:59
price_low: 0.27700
price_high: 8.01400
price_median: 2.57200
price_average: 3.40554
price_current: 2.38400
price_unit: Cent/kWh
price_threshold_00: 0.27700
price_threshold_01: 0.56000
price_threshold_02: 0.57400
price_threshold_03: 0.57700
price_threshold_04: 0.58900
price_threshold_05: 0.75100
price_threshold_06: 0.88800
price_threshold_07: 1.98900
price_threshold_08: 2.00200
price_threshold_09: 2.08600
price_threshold_10: 2.38400
price_threshold_11: 2.39100
price_threshold_12: 2.75300
price_threshold_13: 2.79200
price_threshold_14: 4.20400
price_threshold_15: 4.32300
price_threshold_16: 5.01000
price_threshold_17: 5.62500
price_threshold_18: 5.63600
price_threshold_19: 6.20100
price_threshold_20: 6.99900
price_threshold_21: 7.10900
price_threshold_22: 7.99900
price_threshold_23: 8.01400
data_price_hour_rel_-13_amount: 0.58900
data_price_hour_abs_00_amount: 0.58900
data_price_hour_rel_-12_amount: 0.27700
data_price_hour_abs_01_amount: 0.27700
data_price_hour_rel_-11_amount: 0.88800
data_price_hour_abs_02_amount: 0.88800
data_price_hour_rel_-10_amount: 0.56000
data_price_hour_abs_03_amount: 0.56000
data_price_hour_rel_-09_amount: 0.57400
data_price_hour_abs_04_amount: 0.57400
data_price_hour_rel_-08_amount: 0.75100
data_price_hour_abs_05_amount: 0.75100
data_price_hour_rel_-07_amount: 0.57700
data_price_hour_abs_06_amount: 0.57700
data_price_hour_rel_-06_amount: 2.08600
data_price_hour_abs_07_amount: 2.08600
data_price_hour_rel_-05_amount: 2.75300
data_price_hour_abs_08_amount: 2.75300
data_price_hour_rel_-04_amount: 2.79200
data_price_hour_abs_09_amount: 2.79200
data_price_hour_rel_-03_amount: 2.39100
data_price_hour_abs_10_amount: 2.39100
data_price_hour_rel_-02_amount: 1.98900
data_price_hour_abs_11_amount: 1.98900
data_price_hour_rel_-01_amount: 2.00200
data_price_hour_abs_12_amount: 2.00200
data_price_hour_rel_+00_amount: 2.38400
data_price_hour_abs_13_amount: 2.38400
data_price_hour_rel_+01_amount: 4.20400
data_price_hour_abs_14_amount: 4.20400
data_price_hour_rel_+02_amount: 5.62500
data_price_hour_abs_15_amount: 5.62500
data_price_hour_rel_+03_amount: 6.99900
data_price_hour_abs_16_amount: 6.99900
data_price_hour_rel_+04_amount: 8.01400
data_price_hour_abs_17_amount: 8.01400
data_price_hour_rel_+05_amount: 7.99900
data_price_hour_abs_18_amount: 7.99900
data_price_hour_rel_+06_amount: 7.10900
data_price_hour_abs_19_amount: 7.10900
data_price_hour_rel_+07_amount: 6.20100
data_price_hour_abs_20_amount: 6.20100
data_price_hour_rel_+08_amount: 5.63600
data_price_hour_abs_21_amount: 5.63600
data_price_hour_rel_+09_amount: 5.01000
data_price_hour_abs_22_amount: 5.01000
data_price_hour_rel_+10_amount: 4.32300
data_price_hour_abs_23_amount: 4.32300