date_now: 2023-12-18 13:22:21
date_now_epoch: 1702902141763
date_now_day: 18
date_now_month: 12
date_now_year: 2023
date_start: 2023-12-18 00:00:00
date_end: 2023-12-18 23:59:59
price_low: 4.90300
price_high: 10.92400
price_median: 7.95400
price_average: 7.79742
price_current: 7.49000
price_unit: Cent/kWh
price_threshold_00: 4.90300
price_threshold_01: 4.98100
price_threshold_02: 5.11600
price_threshold_03: 5.24700
price_threshold_04: 5.29000
price_threshold_05: 5.51200
price_threshold_06: 6.21400
price_threshold_07: 6.29800
price_threshold_08: 7.10900
price_threshold_09: 7.48900
price_threshold_10: 7.49000
price_threshold_11: 7.79800
price_threshold_12: 8.11000
price_threshold_13: 8.11700
price_threshold_14: 8.38100
price_threshold_15: 8.90300
price_threshold_16: 8.91100
price_threshold_17: 9.52000
price_threshold_18: 9.61800
price_threshold_19: 10.14600
price_threshold_20: 10.30100
price_threshold_21: 10.33800
price_threshold_22: 10.42200
price_threshold_23: 10.92400
data_price_hour_rel_-13_amount: 5.29000
data_price_hour_abs_00_amount: 5.29000
data_price_hour_rel_-12_amount: 5.11600
data_price_hour_abs_01_amount: 5.11600
data_price_hour_rel_-11_amount: 4.98100
data_price_hour_abs_02_amount: 4.98100
data_price_hour_rel_-10_amount: 4.90300
data_price_hour_abs_03_amount: 4.90300
data_price_hour_rel_-09_amount: 5.24700
data_price_hour_abs_04_amount: 5.24700
data_price_hour_rel_-08_amount: 6.21400
data_price_hour_abs_05_amount: 6.21400
data_price_hour_rel_-07_amount: 8.38100
data_price_hour_abs_06_amount: 8.38100
data_price_hour_rel_-06_amount: 10.33800
data_price_hour_abs_07_amount: 10.33800
data_price_hour_rel_-05_amount: 10.92400
data_price_hour_abs_08_amount: 10.92400
data_price_hour_rel_-04_amount: 10.14600
data_price_hour_abs_09_amount: 10.14600
data_price_hour_rel_-03_amount: 8.90300
data_price_hour_abs_10_amount: 8.90300
data_price_hour_rel_-02_amount: 8.11700
data_price_hour_abs_11_amount: 8.11700
data_price_hour_rel_-01_amount: 7.48900
data_price_hour_abs_12_amount: 7.48900
data_price_hour_rel_+00_amount: 7.49000
data_price_hour_abs_13_amount: 7.49000
data_price_hour_rel_+01_amount: 8.11000
data_price_hour_abs_14_amount: 8.11000
data_price_hour_rel_+02_amount: 8.91100
data_price_hour_abs_15_amount: 8.91100
data_price_hour_rel_+03_amount: 9.52000
data_price_hour_abs_16_amount: 9.52000
data_price_hour_rel_+04_amount: 10.42200
data_price_hour_abs_17_amount: 10.42200
data_price_hour_rel_+05_amount: 10.30100
data_price_hour_abs_18_amount: 10.30100
data_price_hour_rel_+06_amount: 9.61800
data_price_hour_abs_19_amount: 9.61800
data_price_hour_rel_+07_amount: 7.79800
data_price_hour_abs_20_amount: 7.79800
data_price_hour_rel_+08_amount: 7.10900
data_price_hour_abs_21_amount: 7.10900
data_price_hour_rel_+09_amount: 6.29800
data_price_hour_abs_22_amount: 6.29800
data_price_hour_rel_+10_amount: 5.51200
data_price_hour_abs_23_amount: 5.51200