date_now: 2023-10-03 20:58:53
date_now_epoch: 1696359533176
date_now_day: 3
date_now_month: 10
date_now_year: 2023
date_start: 2023-10-03 00:00:00
date_end: 2023-10-03 23:59:59
price_low: -1.10700
price_high: 9.75800
price_median: 1.07850
price_average: 2.29550
price_current: 4.75100
price_unit: Cent/kWh
price_threshold_00: -1.10700
price_threshold_01: -0.99800
price_threshold_02: -0.83000
price_threshold_03: -0.49100
price_threshold_04: -0.09400
price_threshold_05: -0.00800
price_threshold_06: -0.00500
price_threshold_07: 0.33000
price_threshold_08: 0.50000
price_threshold_09: 0.50200
price_threshold_10: 0.63100
price_threshold_11: 1.00600
price_threshold_12: 1.15100
price_threshold_13: 1.25000
price_threshold_14: 1.37500
price_threshold_15: 3.06400
price_threshold_16: 3.57000
price_threshold_17: 3.57200
price_threshold_18: 4.51000
price_threshold_19: 4.75100
price_threshold_20: 6.00000
price_threshold_21: 7.19400
price_threshold_22: 9.46100
price_threshold_23: 9.75800
data_price_hour_rel_-20_amount: 9.75800
data_price_hour_abs_00_amount: 9.75800
data_price_hour_rel_-19_amount: 9.46100
data_price_hour_abs_01_amount: 9.46100
data_price_hour_rel_-18_amount: 7.19400
data_price_hour_abs_02_amount: 7.19400
data_price_hour_rel_-17_amount: 3.06400
data_price_hour_abs_03_amount: 3.06400
data_price_hour_rel_-16_amount: 1.15100
data_price_hour_abs_04_amount: 1.15100
data_price_hour_rel_-15_amount: 0.50200
data_price_hour_abs_05_amount: 0.50200
data_price_hour_rel_-14_amount: 0.63100
data_price_hour_abs_06_amount: 0.63100
data_price_hour_rel_-13_amount: 3.57000
data_price_hour_abs_07_amount: 3.57000
data_price_hour_rel_-12_amount: 1.25000
data_price_hour_abs_08_amount: 1.25000
data_price_hour_rel_-11_amount: 0.33000
data_price_hour_abs_09_amount: 0.33000
data_price_hour_rel_-10_amount: -0.00800
data_price_hour_abs_10_amount: -0.00800
data_price_hour_rel_-09_amount: -0.09400
data_price_hour_abs_11_amount: -0.09400
data_price_hour_rel_-08_amount: -0.83000
data_price_hour_abs_12_amount: -0.83000
data_price_hour_rel_-07_amount: -1.10700
data_price_hour_abs_13_amount: -1.10700
data_price_hour_rel_-06_amount: -0.99800
data_price_hour_abs_14_amount: -0.99800
data_price_hour_rel_-05_amount: -0.49100
data_price_hour_abs_15_amount: -0.49100
data_price_hour_rel_-04_amount: -0.00500
data_price_hour_abs_16_amount: -0.00500
data_price_hour_rel_-03_amount: 0.50000
data_price_hour_abs_17_amount: 0.50000
data_price_hour_rel_-02_amount: 3.57200
data_price_hour_abs_18_amount: 3.57200
data_price_hour_rel_-01_amount: 6.00000
data_price_hour_abs_19_amount: 6.00000
data_price_hour_rel_+00_amount: 4.75100
data_price_hour_abs_20_amount: 4.75100
data_price_hour_rel_+01_amount: 1.37500
data_price_hour_abs_21_amount: 1.37500
data_price_hour_rel_+02_amount: 4.51000
data_price_hour_abs_22_amount: 4.51000
data_price_hour_rel_+03_amount: 1.00600
data_price_hour_abs_23_amount: 1.00600