date_now: 2023-10-08 14:19:27
date_now_epoch: 1696767567408
date_now_day: 8
date_now_month: 10
date_now_year: 2023
date_start: 2023-10-08 00:00:00
date_end: 2023-10-08 23:59:59
price_low: 5.46000
price_high: 16.25800
price_median: 8.52250
price_average: 9.06425
price_current: 5.46000
price_unit: Cent/kWh
price_threshold_00: 5.46000
price_threshold_01: 5.51500
price_threshold_02: 7.05700
price_threshold_03: 7.06100
price_threshold_04: 7.06200
price_threshold_05: 7.06400
price_threshold_06: 7.07000
price_threshold_07: 7.08000
price_threshold_08: 7.18100
price_threshold_09: 7.65100
price_threshold_10: 7.70900
price_threshold_11: 8.35100
price_threshold_12: 8.69400
price_threshold_13: 8.85900
price_threshold_14: 9.63400
price_threshold_15: 10.00000
price_threshold_16: 10.08600
price_threshold_17: 10.21200
price_threshold_18: 10.44200
price_threshold_19: 11.02000
price_threshold_20: 11.32400
price_threshold_21: 13.18500
price_threshold_22: 13.56700
price_threshold_23: 16.25800
data_price_hour_rel_-14_amount: 7.07000
data_price_hour_abs_00_amount: 7.07000
data_price_hour_rel_-13_amount: 7.06400
data_price_hour_abs_01_amount: 7.06400
data_price_hour_rel_-12_amount: 7.06200
data_price_hour_abs_02_amount: 7.06200
data_price_hour_rel_-11_amount: 7.06100
data_price_hour_abs_03_amount: 7.06100
data_price_hour_rel_-10_amount: 7.18100
data_price_hour_abs_04_amount: 7.18100
data_price_hour_rel_-09_amount: 7.70900
data_price_hour_abs_05_amount: 7.70900
data_price_hour_rel_-08_amount: 8.35100
data_price_hour_abs_06_amount: 8.35100
data_price_hour_rel_-07_amount: 10.00000
data_price_hour_abs_07_amount: 10.00000
data_price_hour_rel_-06_amount: 10.21200
data_price_hour_abs_08_amount: 10.21200
data_price_hour_rel_-05_amount: 10.08600
data_price_hour_abs_09_amount: 10.08600
data_price_hour_rel_-04_amount: 8.69400
data_price_hour_abs_10_amount: 8.69400
data_price_hour_rel_-03_amount: 7.65100
data_price_hour_abs_11_amount: 7.65100
data_price_hour_rel_-02_amount: 7.05700
data_price_hour_abs_12_amount: 7.05700
data_price_hour_rel_-01_amount: 5.51500
data_price_hour_abs_13_amount: 5.51500
data_price_hour_rel_+00_amount: 5.46000
data_price_hour_abs_14_amount: 5.46000
data_price_hour_rel_+01_amount: 7.08000
data_price_hour_abs_15_amount: 7.08000
data_price_hour_rel_+02_amount: 8.85900
data_price_hour_abs_16_amount: 8.85900
data_price_hour_rel_+03_amount: 11.32400
data_price_hour_abs_17_amount: 11.32400
data_price_hour_rel_+04_amount: 13.56700
data_price_hour_abs_18_amount: 13.56700
data_price_hour_rel_+05_amount: 16.25800
data_price_hour_abs_19_amount: 16.25800
data_price_hour_rel_+06_amount: 13.18500
data_price_hour_abs_20_amount: 13.18500
data_price_hour_rel_+07_amount: 11.02000
data_price_hour_abs_21_amount: 11.02000
data_price_hour_rel_+08_amount: 10.44200
data_price_hour_abs_22_amount: 10.44200
data_price_hour_rel_+09_amount: 9.63400
data_price_hour_abs_23_amount: 9.63400