date_now: 2023-10-19 14:22:13
date_now_epoch: 1697718133081
date_now_day: 19
date_now_month: 10
date_now_year: 2023
date_start: 2023-10-19 00:00:00
date_end: 2023-10-19 23:59:59
price_low: 0.81500
price_high: 13.88700
price_median: 11.81850
price_average: 9.34087
price_current: 11.95800
price_unit: Cent/kWh
price_threshold_00: 0.81500
price_threshold_01: 1.01000
price_threshold_02: 1.54500
price_threshold_03: 1.70100
price_threshold_04: 2.58900
price_threshold_05: 4.28800
price_threshold_06: 8.36000
price_threshold_07: 8.80700
price_threshold_08: 9.47500
price_threshold_09: 9.70000
price_threshold_10: 10.77800
price_threshold_11: 11.67900
price_threshold_12: 11.95800
price_threshold_13: 12.01100
price_threshold_14: 12.27500
price_threshold_15: 12.36200
price_threshold_16: 12.41100
price_threshold_17: 12.46400
price_threshold_18: 12.48500
price_threshold_19: 12.70000
price_threshold_20: 13.30400
price_threshold_21: 13.77000
price_threshold_22: 13.80700
price_threshold_23: 13.88700
data_price_hour_rel_-14_amount: 2.58900
data_price_hour_abs_00_amount: 2.58900
data_price_hour_rel_-13_amount: 1.54500
data_price_hour_abs_01_amount: 1.54500
data_price_hour_rel_-12_amount: 1.01000
data_price_hour_abs_02_amount: 1.01000
data_price_hour_rel_-11_amount: 0.81500
data_price_hour_abs_03_amount: 0.81500
data_price_hour_rel_-10_amount: 1.70100
data_price_hour_abs_04_amount: 1.70100
data_price_hour_rel_-09_amount: 4.28800
data_price_hour_abs_05_amount: 4.28800
data_price_hour_rel_-08_amount: 8.80700
data_price_hour_abs_06_amount: 8.80700
data_price_hour_rel_-07_amount: 10.77800
data_price_hour_abs_07_amount: 10.77800
data_price_hour_rel_-06_amount: 12.41100
data_price_hour_abs_08_amount: 12.41100
data_price_hour_rel_-05_amount: 12.70000
data_price_hour_abs_09_amount: 12.70000
data_price_hour_rel_-04_amount: 12.27500
data_price_hour_abs_10_amount: 12.27500
data_price_hour_rel_-03_amount: 12.46400
data_price_hour_abs_11_amount: 12.46400
data_price_hour_rel_-02_amount: 12.48500
data_price_hour_abs_12_amount: 12.48500
data_price_hour_rel_-01_amount: 12.01100
data_price_hour_abs_13_amount: 12.01100
data_price_hour_rel_+00_amount: 11.95800
data_price_hour_abs_14_amount: 11.95800
data_price_hour_rel_+01_amount: 12.36200
data_price_hour_abs_15_amount: 12.36200
data_price_hour_rel_+02_amount: 13.30400
data_price_hour_abs_16_amount: 13.30400
data_price_hour_rel_+03_amount: 13.77000
data_price_hour_abs_17_amount: 13.77000
data_price_hour_rel_+04_amount: 13.88700
data_price_hour_abs_18_amount: 13.88700
data_price_hour_rel_+05_amount: 13.80700
data_price_hour_abs_19_amount: 13.80700
data_price_hour_rel_+06_amount: 11.67900
data_price_hour_abs_20_amount: 11.67900
data_price_hour_rel_+07_amount: 9.47500
data_price_hour_abs_21_amount: 9.47500
data_price_hour_rel_+08_amount: 9.70000
data_price_hour_abs_22_amount: 9.70000
data_price_hour_rel_+09_amount: 8.36000
data_price_hour_abs_23_amount: 8.36000