date_now: 2023-11-11 13:19:08
date_now_epoch: 1699705148877
date_now_day: 11
date_now_month: 11
date_now_year: 2023
date_start: 2023-11-11 00:00:00
date_end: 2023-11-11 23:59:59
price_low: 8.27100
price_high: 13.57600
price_median: 9.07500
price_average: 9.67933
price_current: 8.78000
price_unit: Cent/kWh
price_threshold_00: 8.27100
price_threshold_01: 8.32100
price_threshold_02: 8.54400
price_threshold_03: 8.58800
price_threshold_04: 8.58900
price_threshold_05: 8.63000
price_threshold_06: 8.73000
price_threshold_07: 8.74100
price_threshold_08: 8.78000
price_threshold_09: 8.79400
price_threshold_10: 8.80000
price_threshold_11: 9.02200
price_threshold_12: 9.12800
price_threshold_13: 9.15000
price_threshold_14: 9.20000
price_threshold_15: 9.23800
price_threshold_16: 9.48900
price_threshold_17: 10.25800
price_threshold_18: 10.28700
price_threshold_19: 11.35100
price_threshold_20: 11.57200
price_threshold_21: 12.44700
price_threshold_22: 12.79800
price_threshold_23: 13.57600
data_price_hour_rel_-13_amount: 8.73000
data_price_hour_abs_00_amount: 8.73000
data_price_hour_rel_-12_amount: 8.58900
data_price_hour_abs_01_amount: 8.58900
data_price_hour_rel_-11_amount: 8.58800
data_price_hour_abs_02_amount: 8.58800
data_price_hour_rel_-10_amount: 8.32100
data_price_hour_abs_03_amount: 8.32100
data_price_hour_rel_-09_amount: 8.27100
data_price_hour_abs_04_amount: 8.27100
data_price_hour_rel_-08_amount: 8.54400
data_price_hour_abs_05_amount: 8.54400
data_price_hour_rel_-07_amount: 8.63000
data_price_hour_abs_06_amount: 8.63000
data_price_hour_rel_-06_amount: 8.80000
data_price_hour_abs_07_amount: 8.80000
data_price_hour_rel_-05_amount: 9.20000
data_price_hour_abs_08_amount: 9.20000
data_price_hour_rel_-04_amount: 9.48900
data_price_hour_abs_09_amount: 9.48900
data_price_hour_rel_-03_amount: 9.12800
data_price_hour_abs_10_amount: 9.12800
data_price_hour_rel_-02_amount: 9.02200
data_price_hour_abs_11_amount: 9.02200
data_price_hour_rel_-01_amount: 8.79400
data_price_hour_abs_12_amount: 8.79400
data_price_hour_rel_+00_amount: 8.78000
data_price_hour_abs_13_amount: 8.78000
data_price_hour_rel_+01_amount: 9.15000
data_price_hour_abs_14_amount: 9.15000
data_price_hour_rel_+02_amount: 10.28700
data_price_hour_abs_15_amount: 10.28700
data_price_hour_rel_+03_amount: 11.57200
data_price_hour_abs_16_amount: 11.57200
data_price_hour_rel_+04_amount: 12.79800
data_price_hour_abs_17_amount: 12.79800
data_price_hour_rel_+05_amount: 13.57600
data_price_hour_abs_18_amount: 13.57600
data_price_hour_rel_+06_amount: 12.44700
data_price_hour_abs_19_amount: 12.44700
data_price_hour_rel_+07_amount: 11.35100
data_price_hour_abs_20_amount: 11.35100
data_price_hour_rel_+08_amount: 10.25800
data_price_hour_abs_21_amount: 10.25800
data_price_hour_rel_+09_amount: 9.23800
data_price_hour_abs_22_amount: 9.23800
data_price_hour_rel_+10_amount: 8.74100
data_price_hour_abs_23_amount: 8.74100