date_now: 2023-12-20 13:17:50
date_now_epoch: 1703074670670
date_now_day: 20
date_now_month: 12
date_now_year: 2023
date_start: 2023-12-20 00:00:00
date_end: 2023-12-20 23:59:59
price_low: 3.15100
price_high: 8.18400
price_median: 6.45700
price_average: 6.20050
price_current: 6.05900
price_unit: Cent/kWh
price_threshold_00: 3.15100
price_threshold_01: 3.99800
price_threshold_02: 4.00200
price_threshold_03: 4.67200
price_threshold_04: 4.80000
price_threshold_05: 4.88800
price_threshold_06: 5.04800
price_threshold_07: 5.78500
price_threshold_08: 6.05900
price_threshold_09: 6.14200
price_threshold_10: 6.20000
price_threshold_11: 6.23600
price_threshold_12: 6.67800
price_threshold_13: 6.68000
price_threshold_14: 6.79300
price_threshold_15: 6.79600
price_threshold_16: 6.99800
price_threshold_17: 7.05400
price_threshold_18: 7.29300
price_threshold_19: 7.34900
price_threshold_20: 7.79900
price_threshold_21: 8.02400
price_threshold_22: 8.18300
price_threshold_23: 8.18400
data_price_hour_rel_-13_amount: 5.78500
data_price_hour_abs_00_amount: 5.78500
data_price_hour_rel_-12_amount: 5.04800
data_price_hour_abs_01_amount: 5.04800
data_price_hour_rel_-11_amount: 4.80000
data_price_hour_abs_02_amount: 4.80000
data_price_hour_rel_-10_amount: 3.99800
data_price_hour_abs_03_amount: 3.99800
data_price_hour_rel_-09_amount: 3.15100
data_price_hour_abs_04_amount: 3.15100
data_price_hour_rel_-08_amount: 4.00200
data_price_hour_abs_05_amount: 4.00200
data_price_hour_rel_-07_amount: 4.67200
data_price_hour_abs_06_amount: 4.67200
data_price_hour_rel_-06_amount: 6.79600
data_price_hour_abs_07_amount: 6.79600
data_price_hour_rel_-05_amount: 7.29300
data_price_hour_abs_08_amount: 7.29300
data_price_hour_rel_-04_amount: 7.05400
data_price_hour_abs_09_amount: 7.05400
data_price_hour_rel_-03_amount: 6.79300
data_price_hour_abs_10_amount: 6.79300
data_price_hour_rel_-02_amount: 6.23600
data_price_hour_abs_11_amount: 6.23600
data_price_hour_rel_-01_amount: 6.20000
data_price_hour_abs_12_amount: 6.20000
data_price_hour_rel_+00_amount: 6.05900
data_price_hour_abs_13_amount: 6.05900
data_price_hour_rel_+01_amount: 6.68000
data_price_hour_abs_14_amount: 6.68000
data_price_hour_rel_+02_amount: 6.99800
data_price_hour_abs_15_amount: 6.99800
data_price_hour_rel_+03_amount: 7.34900
data_price_hour_abs_16_amount: 7.34900
data_price_hour_rel_+04_amount: 8.02400
data_price_hour_abs_17_amount: 8.02400
data_price_hour_rel_+05_amount: 8.18300
data_price_hour_abs_18_amount: 8.18300
data_price_hour_rel_+06_amount: 8.18400
data_price_hour_abs_19_amount: 8.18400
data_price_hour_rel_+07_amount: 7.79900
data_price_hour_abs_20_amount: 7.79900
data_price_hour_rel_+08_amount: 6.67800
data_price_hour_abs_21_amount: 6.67800
data_price_hour_rel_+09_amount: 6.14200
data_price_hour_abs_22_amount: 6.14200
data_price_hour_rel_+10_amount: 4.88800
data_price_hour_abs_23_amount: 4.88800