date_now: 2023-12-12 13:22:12
date_now_epoch: 1702383732279
date_now_day: 12
date_now_month: 12
date_now_year: 2023
date_start: 2023-12-12 00:00:00
date_end: 2023-12-12 23:59:59
price_low: 7.75000
price_high: 14.63300
price_median: 10.62050
price_average: 10.60621
price_current: 12.71800
price_unit: Cent/kWh
price_threshold_00: 7.75000
price_threshold_01: 8.33700
price_threshold_02: 8.44200
price_threshold_03: 8.56200
price_threshold_04: 8.70100
price_threshold_05: 8.70600
price_threshold_06: 8.80500
price_threshold_07: 8.81400
price_threshold_08: 8.90300
price_threshold_09: 9.21500
price_threshold_10: 9.42200
price_threshold_11: 10.50000
price_threshold_12: 10.74100
price_threshold_13: 11.08800
price_threshold_14: 11.79300
price_threshold_15: 12.01400
price_threshold_16: 12.10900
price_threshold_17: 12.29000
price_threshold_18: 12.37000
price_threshold_19: 12.45700
price_threshold_20: 12.71800
price_threshold_21: 12.98500
price_threshold_22: 13.19400
price_threshold_23: 14.63300
data_price_hour_rel_-13_amount: 8.80500
data_price_hour_abs_00_amount: 8.80500
data_price_hour_rel_-12_amount: 8.70600
data_price_hour_abs_01_amount: 8.70600
data_price_hour_rel_-11_amount: 8.56200
data_price_hour_abs_02_amount: 8.56200
data_price_hour_rel_-10_amount: 8.44200
data_price_hour_abs_03_amount: 8.44200
data_price_hour_rel_-09_amount: 8.70100
data_price_hour_abs_04_amount: 8.70100
data_price_hour_rel_-08_amount: 8.90300
data_price_hour_abs_05_amount: 8.90300
data_price_hour_rel_-07_amount: 10.74100
data_price_hour_abs_06_amount: 10.74100
data_price_hour_rel_-06_amount: 12.10900
data_price_hour_abs_07_amount: 12.10900
data_price_hour_rel_-05_amount: 14.63300
data_price_hour_abs_08_amount: 14.63300
data_price_hour_rel_-04_amount: 13.19400
data_price_hour_abs_09_amount: 13.19400
data_price_hour_rel_-03_amount: 12.98500
data_price_hour_abs_10_amount: 12.98500
data_price_hour_rel_-02_amount: 12.29000
data_price_hour_abs_11_amount: 12.29000
data_price_hour_rel_-01_amount: 12.45700
data_price_hour_abs_12_amount: 12.45700
data_price_hour_rel_+00_amount: 12.71800
data_price_hour_abs_13_amount: 12.71800
data_price_hour_rel_+01_amount: 12.37000
data_price_hour_abs_14_amount: 12.37000
data_price_hour_rel_+02_amount: 12.01400
data_price_hour_abs_15_amount: 12.01400
data_price_hour_rel_+03_amount: 11.79300
data_price_hour_abs_16_amount: 11.79300
data_price_hour_rel_+04_amount: 11.08800
data_price_hour_abs_17_amount: 11.08800
data_price_hour_rel_+05_amount: 10.50000
data_price_hour_abs_18_amount: 10.50000
data_price_hour_rel_+06_amount: 9.42200
data_price_hour_abs_19_amount: 9.42200
data_price_hour_rel_+07_amount: 9.21500
data_price_hour_abs_20_amount: 9.21500
data_price_hour_rel_+08_amount: 8.81400
data_price_hour_abs_21_amount: 8.81400
data_price_hour_rel_+09_amount: 8.33700
data_price_hour_abs_22_amount: 8.33700
data_price_hour_rel_+10_amount: 7.75000
data_price_hour_abs_23_amount: 7.75000