date_now: 2023-10-21 14:19:14
date_now_epoch: 1697890754840
date_now_day: 21
date_now_month: 10
date_now_year: 2023
date_start: 2023-10-21 00:00:00
date_end: 2023-10-21 23:59:59
price_low: 1.00000
price_high: 12.84000
price_median: 4.42650
price_average: 5.43196
price_current: 1.32100
price_unit: Cent/kWh
price_threshold_00: 1.00000
price_threshold_01: 1.32100
price_threshold_02: 2.08000
price_threshold_03: 2.80300
price_threshold_04: 3.11000
price_threshold_05: 3.39500
price_threshold_06: 3.51400
price_threshold_07: 3.71500
price_threshold_08: 3.72700
price_threshold_09: 3.97400
price_threshold_10: 4.01500
price_threshold_11: 4.37000
price_threshold_12: 4.48300
price_threshold_13: 4.93300
price_threshold_14: 5.31000
price_threshold_15: 5.33900
price_threshold_16: 5.87100
price_threshold_17: 6.66700
price_threshold_18: 7.49500
price_threshold_19: 8.43500
price_threshold_20: 9.02100
price_threshold_21: 11.47200
price_threshold_22: 11.47700
price_threshold_23: 12.84000
data_price_hour_rel_-14_amount: 5.31000
data_price_hour_abs_00_amount: 5.31000
data_price_hour_rel_-13_amount: 3.72700
data_price_hour_abs_01_amount: 3.72700
data_price_hour_rel_-12_amount: 3.97400
data_price_hour_abs_02_amount: 3.97400
data_price_hour_rel_-11_amount: 3.39500
data_price_hour_abs_03_amount: 3.39500
data_price_hour_rel_-10_amount: 3.71500
data_price_hour_abs_04_amount: 3.71500
data_price_hour_rel_-09_amount: 3.51400
data_price_hour_abs_05_amount: 3.51400
data_price_hour_rel_-08_amount: 4.37000
data_price_hour_abs_06_amount: 4.37000
data_price_hour_rel_-07_amount: 6.66700
data_price_hour_abs_07_amount: 6.66700
data_price_hour_rel_-06_amount: 7.49500
data_price_hour_abs_08_amount: 7.49500
data_price_hour_rel_-05_amount: 5.87100
data_price_hour_abs_09_amount: 5.87100
data_price_hour_rel_-04_amount: 4.48300
data_price_hour_abs_10_amount: 4.48300
data_price_hour_rel_-03_amount: 3.11000
data_price_hour_abs_11_amount: 3.11000
data_price_hour_rel_-02_amount: 2.08000
data_price_hour_abs_12_amount: 2.08000
data_price_hour_rel_-01_amount: 1.00000
data_price_hour_abs_13_amount: 1.00000
data_price_hour_rel_+00_amount: 1.32100
data_price_hour_abs_14_amount: 1.32100
data_price_hour_rel_+01_amount: 2.80300
data_price_hour_abs_15_amount: 2.80300
data_price_hour_rel_+02_amount: 8.43500
data_price_hour_abs_16_amount: 8.43500
data_price_hour_rel_+03_amount: 11.47700
data_price_hour_abs_17_amount: 11.47700
data_price_hour_rel_+04_amount: 12.84000
data_price_hour_abs_18_amount: 12.84000
data_price_hour_rel_+05_amount: 11.47200
data_price_hour_abs_19_amount: 11.47200
data_price_hour_rel_+06_amount: 9.02100
data_price_hour_abs_20_amount: 9.02100
data_price_hour_rel_+07_amount: 5.33900
data_price_hour_abs_21_amount: 5.33900
data_price_hour_rel_+08_amount: 4.93300
data_price_hour_abs_22_amount: 4.93300
data_price_hour_rel_+09_amount: 4.01500
data_price_hour_abs_23_amount: 4.01500