date_now: 2023-11-04 13:18:53
date_now_epoch: 1699100333813
date_now_day: 4
date_now_month: 11
date_now_year: 2023
date_start: 2023-11-04 00:00:00
date_end: 2023-11-04 23:59:59
price_low: 0.70500
price_high: 4.87600
price_median: 2.15750
price_average: 2.48158
price_current: 2.11400
price_unit: Cent/kWh
price_threshold_00: 0.70500
price_threshold_01: 1.04000
price_threshold_02: 1.17300
price_threshold_03: 1.28200
price_threshold_04: 1.39500
price_threshold_05: 1.52000
price_threshold_06: 1.54000
price_threshold_07: 1.61300
price_threshold_08: 1.91900
price_threshold_09: 2.00000
price_threshold_10: 2.00000
price_threshold_11: 2.11400
price_threshold_12: 2.20100
price_threshold_13: 2.50800
price_threshold_14: 2.58500
price_threshold_15: 2.96100
price_threshold_16: 3.00000
price_threshold_17: 3.07900
price_threshold_18: 3.20600
price_threshold_19: 4.00000
price_threshold_20: 4.00000
price_threshold_21: 4.26900
price_threshold_22: 4.57200
price_threshold_23: 4.87600
data_price_hour_rel_-13_amount: 4.57200
data_price_hour_abs_00_amount: 4.57200
data_price_hour_rel_-12_amount: 3.20600
data_price_hour_abs_01_amount: 3.20600
data_price_hour_rel_-11_amount: 3.00000
data_price_hour_abs_02_amount: 3.00000
data_price_hour_rel_-10_amount: 2.20100
data_price_hour_abs_03_amount: 2.20100
data_price_hour_rel_-09_amount: 1.91900
data_price_hour_abs_04_amount: 1.91900
data_price_hour_rel_-08_amount: 1.54000
data_price_hour_abs_05_amount: 1.54000
data_price_hour_rel_-07_amount: 1.61300
data_price_hour_abs_06_amount: 1.61300
data_price_hour_rel_-06_amount: 2.50800
data_price_hour_abs_07_amount: 2.50800
data_price_hour_rel_-05_amount: 2.58500
data_price_hour_abs_08_amount: 2.58500
data_price_hour_rel_-04_amount: 2.00000
data_price_hour_abs_09_amount: 2.00000
data_price_hour_rel_-03_amount: 1.39500
data_price_hour_abs_10_amount: 1.39500
data_price_hour_rel_-02_amount: 1.52000
data_price_hour_abs_11_amount: 1.52000
data_price_hour_rel_-01_amount: 2.00000
data_price_hour_abs_12_amount: 2.00000
data_price_hour_rel_+00_amount: 2.11400
data_price_hour_abs_13_amount: 2.11400
data_price_hour_rel_+01_amount: 3.07900
data_price_hour_abs_14_amount: 3.07900
data_price_hour_rel_+02_amount: 4.26900
data_price_hour_abs_15_amount: 4.26900
data_price_hour_rel_+03_amount: 4.00000
data_price_hour_abs_16_amount: 4.00000
data_price_hour_rel_+04_amount: 4.87600
data_price_hour_abs_17_amount: 4.87600
data_price_hour_rel_+05_amount: 4.00000
data_price_hour_abs_18_amount: 4.00000
data_price_hour_rel_+06_amount: 2.96100
data_price_hour_abs_19_amount: 2.96100
data_price_hour_rel_+07_amount: 1.28200
data_price_hour_abs_20_amount: 1.28200
data_price_hour_rel_+08_amount: 1.04000
data_price_hour_abs_21_amount: 1.04000
data_price_hour_rel_+09_amount: 1.17300
data_price_hour_abs_22_amount: 1.17300
data_price_hour_rel_+10_amount: 0.70500
data_price_hour_abs_23_amount: 0.70500