date_now: 2023-10-15 14:19:36
date_now_epoch: 1697372376900
date_now_day: 15
date_now_month: 10
date_now_year: 2023
date_start: 2023-10-15 00:00:00
date_end: 2023-10-15 23:59:59
price_low: -0.17600
price_high: 13.99000
price_median: 0.83450
price_average: 3.96171
price_current: -0.17600
price_unit: Cent/kWh
price_threshold_00: -0.17600
price_threshold_01: -0.10000
price_threshold_02: -0.02300
price_threshold_03: -0.00900
price_threshold_04: 0.00400
price_threshold_05: 0.10400
price_threshold_06: 0.50700
price_threshold_07: 0.57200
price_threshold_08: 0.57900
price_threshold_09: 0.58800
price_threshold_10: 0.69600
price_threshold_11: 0.76300
price_threshold_12: 0.90600
price_threshold_13: 1.46700
price_threshold_14: 2.13400
price_threshold_15: 2.45800
price_threshold_16: 3.09000
price_threshold_17: 8.08000
price_threshold_18: 9.52800
price_threshold_19: 11.50300
price_threshold_20: 11.69600
price_threshold_21: 13.22600
price_threshold_22: 13.49800
price_threshold_23: 13.99000
data_price_hour_rel_-14_amount: 1.46700
data_price_hour_abs_00_amount: 1.46700
data_price_hour_rel_-13_amount: 0.69600
data_price_hour_abs_01_amount: 0.69600
data_price_hour_rel_-12_amount: 0.57900
data_price_hour_abs_02_amount: 0.57900
data_price_hour_rel_-11_amount: 0.90600
data_price_hour_abs_03_amount: 0.90600
data_price_hour_rel_-10_amount: 0.57200
data_price_hour_abs_04_amount: 0.57200
data_price_hour_rel_-09_amount: 0.76300
data_price_hour_abs_05_amount: 0.76300
data_price_hour_rel_-08_amount: 0.58800
data_price_hour_abs_06_amount: 0.58800
data_price_hour_rel_-07_amount: 2.13400
data_price_hour_abs_07_amount: 2.13400
data_price_hour_rel_-06_amount: 2.45800
data_price_hour_abs_08_amount: 2.45800
data_price_hour_rel_-05_amount: 3.09000
data_price_hour_abs_09_amount: 3.09000
data_price_hour_rel_-04_amount: 0.50700
data_price_hour_abs_10_amount: 0.50700
data_price_hour_rel_-03_amount: 0.00400
data_price_hour_abs_11_amount: 0.00400
data_price_hour_rel_-02_amount: -0.00900
data_price_hour_abs_12_amount: -0.00900
data_price_hour_rel_-01_amount: -0.10000
data_price_hour_abs_13_amount: -0.10000
data_price_hour_rel_+00_amount: -0.17600
data_price_hour_abs_14_amount: -0.17600
data_price_hour_rel_+01_amount: -0.02300
data_price_hour_abs_15_amount: -0.02300
data_price_hour_rel_+02_amount: 0.10400
data_price_hour_abs_16_amount: 0.10400
data_price_hour_rel_+03_amount: 8.08000
data_price_hour_abs_17_amount: 8.08000
data_price_hour_rel_+04_amount: 13.99000
data_price_hour_abs_18_amount: 13.99000
data_price_hour_rel_+05_amount: 13.49800
data_price_hour_abs_19_amount: 13.49800
data_price_hour_rel_+06_amount: 13.22600
data_price_hour_abs_20_amount: 13.22600
data_price_hour_rel_+07_amount: 11.50300
data_price_hour_abs_21_amount: 11.50300
data_price_hour_rel_+08_amount: 11.69600
data_price_hour_abs_22_amount: 11.69600
data_price_hour_rel_+09_amount: 9.52800
data_price_hour_abs_23_amount: 9.52800