date_now: 2023-11-02 13:21:11
date_now_epoch: 1698927671068
date_now_day: 2
date_now_month: 11
date_now_year: 2023
date_start: 2023-11-02 00:00:00
date_end: 2023-11-02 23:59:59
price_low: 1.34100
price_high: 9.79500
price_median: 6.93300
price_average: 5.97742
price_current: 5.93600
price_unit: Cent/kWh
price_threshold_00: 1.34100
price_threshold_01: 1.44900
price_threshold_02: 1.53800
price_threshold_03: 1.69700
price_threshold_04: 2.14000
price_threshold_05: 2.25200
price_threshold_06: 5.70400
price_threshold_07: 5.93600
price_threshold_08: 6.00800
price_threshold_09: 6.04000
price_threshold_10: 6.14300
price_threshold_11: 6.91600
price_threshold_12: 6.95000
price_threshold_13: 6.95700
price_threshold_14: 7.22700
price_threshold_15: 7.50100
price_threshold_16: 7.59500
price_threshold_17: 7.60800
price_threshold_18: 7.83200
price_threshold_19: 7.94300
price_threshold_20: 8.72600
price_threshold_21: 8.77600
price_threshold_22: 9.38400
price_threshold_23: 9.79500
data_price_hour_rel_-13_amount: 2.14000
data_price_hour_abs_00_amount: 2.14000
data_price_hour_rel_-12_amount: 1.69700
data_price_hour_abs_01_amount: 1.69700
data_price_hour_rel_-11_amount: 1.53800
data_price_hour_abs_02_amount: 1.53800
data_price_hour_rel_-10_amount: 1.34100
data_price_hour_abs_03_amount: 1.34100
data_price_hour_rel_-09_amount: 1.44900
data_price_hour_abs_04_amount: 1.44900
data_price_hour_rel_-08_amount: 2.25200
data_price_hour_abs_05_amount: 2.25200
data_price_hour_rel_-07_amount: 6.95700
data_price_hour_abs_06_amount: 6.95700
data_price_hour_rel_-06_amount: 7.50100
data_price_hour_abs_07_amount: 7.50100
data_price_hour_rel_-05_amount: 7.83200
data_price_hour_abs_08_amount: 7.83200
data_price_hour_rel_-04_amount: 6.91600
data_price_hour_abs_09_amount: 6.91600
data_price_hour_rel_-03_amount: 6.00800
data_price_hour_abs_10_amount: 6.00800
data_price_hour_rel_-02_amount: 6.14300
data_price_hour_abs_11_amount: 6.14300
data_price_hour_rel_-01_amount: 6.04000
data_price_hour_abs_12_amount: 6.04000
data_price_hour_rel_+00_amount: 5.93600
data_price_hour_abs_13_amount: 5.93600
data_price_hour_rel_+01_amount: 6.95000
data_price_hour_abs_14_amount: 6.95000
data_price_hour_rel_+02_amount: 7.60800
data_price_hour_abs_15_amount: 7.60800
data_price_hour_rel_+03_amount: 7.94300
data_price_hour_abs_16_amount: 7.94300
data_price_hour_rel_+04_amount: 8.72600
data_price_hour_abs_17_amount: 8.72600
data_price_hour_rel_+05_amount: 9.79500
data_price_hour_abs_18_amount: 9.79500
data_price_hour_rel_+06_amount: 9.38400
data_price_hour_abs_19_amount: 9.38400
data_price_hour_rel_+07_amount: 8.77600
data_price_hour_abs_20_amount: 8.77600
data_price_hour_rel_+08_amount: 7.59500
data_price_hour_abs_21_amount: 7.59500
data_price_hour_rel_+09_amount: 7.22700
data_price_hour_abs_22_amount: 7.22700
data_price_hour_rel_+10_amount: 5.70400
data_price_hour_abs_23_amount: 5.70400