date_now: 2023-10-04 14:22:44
date_now_epoch: 1696422164523
date_now_day: 4
date_now_month: 10
date_now_year: 2023
date_start: 2023-10-04 00:00:00
date_end: 2023-10-04 23:59:59
price_low: 0.77700
price_high: 12.73600
price_median: 7.77550
price_average: 6.94921
price_current: 3.97500
price_unit: Cent/kWh
price_threshold_00: 0.77700
price_threshold_01: 0.95300
price_threshold_02: 1.01000
price_threshold_03: 1.45000
price_threshold_04: 2.22100
price_threshold_05: 3.75500
price_threshold_06: 3.97500
price_threshold_07: 4.27400
price_threshold_08: 4.79200
price_threshold_09: 6.15400
price_threshold_10: 6.72200
price_threshold_11: 7.76600
price_threshold_12: 7.78500
price_threshold_13: 7.99100
price_threshold_14: 8.55900
price_threshold_15: 8.80200
price_threshold_16: 9.55700
price_threshold_17: 9.85900
price_threshold_18: 10.59000
price_threshold_19: 11.61000
price_threshold_20: 11.61000
price_threshold_21: 11.70200
price_threshold_22: 12.13100
price_threshold_23: 12.73600
data_price_hour_rel_-14_amount: 2.22100
data_price_hour_abs_00_amount: 2.22100
data_price_hour_rel_-13_amount: 1.01000
data_price_hour_abs_01_amount: 1.01000
data_price_hour_rel_-12_amount: 0.95300
data_price_hour_abs_02_amount: 0.95300
data_price_hour_rel_-11_amount: 0.77700
data_price_hour_abs_03_amount: 0.77700
data_price_hour_rel_-10_amount: 1.45000
data_price_hour_abs_04_amount: 1.45000
data_price_hour_rel_-09_amount: 4.79200
data_price_hour_abs_05_amount: 4.79200
data_price_hour_rel_-08_amount: 9.85900
data_price_hour_abs_06_amount: 9.85900
data_price_hour_rel_-07_amount: 11.70200
data_price_hour_abs_07_amount: 11.70200
data_price_hour_rel_-06_amount: 12.13100
data_price_hour_abs_08_amount: 12.13100
data_price_hour_rel_-05_amount: 10.59000
data_price_hour_abs_09_amount: 10.59000
data_price_hour_rel_-04_amount: 7.76600
data_price_hour_abs_10_amount: 7.76600
data_price_hour_rel_-03_amount: 6.72200
data_price_hour_abs_11_amount: 6.72200
data_price_hour_rel_-02_amount: 3.75500
data_price_hour_abs_12_amount: 3.75500
data_price_hour_rel_-01_amount: 4.27400
data_price_hour_abs_13_amount: 4.27400
data_price_hour_rel_+00_amount: 3.97500
data_price_hour_abs_14_amount: 3.97500
data_price_hour_rel_+01_amount: 6.15400
data_price_hour_abs_15_amount: 6.15400
data_price_hour_rel_+02_amount: 7.99100
data_price_hour_abs_16_amount: 7.99100
data_price_hour_rel_+03_amount: 9.55700
data_price_hour_abs_17_amount: 9.55700
data_price_hour_rel_+04_amount: 11.61000
data_price_hour_abs_18_amount: 11.61000
data_price_hour_rel_+05_amount: 12.73600
data_price_hour_abs_19_amount: 12.73600
data_price_hour_rel_+06_amount: 11.61000
data_price_hour_abs_20_amount: 11.61000
data_price_hour_rel_+07_amount: 8.80200
data_price_hour_abs_21_amount: 8.80200
data_price_hour_rel_+08_amount: 8.55900
data_price_hour_abs_22_amount: 8.55900
data_price_hour_rel_+09_amount: 7.78500
data_price_hour_abs_23_amount: 7.78500