date_now: 2023-11-16 13:22:11
date_now_epoch: 1700137331835
date_now_day: 16
date_now_month: 11
date_now_year: 2023
date_start: 2023-11-16 00:00:00
date_end: 2023-11-16 23:59:59
price_low: 7.40600
price_high: 18.23900
price_median: 12.06400
price_average: 11.76342
price_current: 13.16400
price_unit: Cent/kWh
price_threshold_00: 7.40600
price_threshold_01: 7.51200
price_threshold_02: 8.11000
price_threshold_03: 8.32500
price_threshold_04: 8.54600
price_threshold_05: 8.70300
price_threshold_06: 10.00600
price_threshold_07: 10.08500
price_threshold_08: 11.02000
price_threshold_09: 11.50000
price_threshold_10: 11.66200
price_threshold_11: 12.01000
price_threshold_12: 12.11800
price_threshold_13: 12.26300
price_threshold_14: 12.52300
price_threshold_15: 12.69000
price_threshold_16: 12.85900
price_threshold_17: 12.99900
price_threshold_18: 13.16400
price_threshold_19: 14.22600
price_threshold_20: 14.68200
price_threshold_21: 15.82400
price_threshold_22: 15.85000
price_threshold_23: 18.23900
data_price_hour_rel_-13_amount: 8.54600
data_price_hour_abs_00_amount: 8.54600
data_price_hour_rel_-12_amount: 8.32500
data_price_hour_abs_01_amount: 8.32500
data_price_hour_rel_-11_amount: 7.51200
data_price_hour_abs_02_amount: 7.51200
data_price_hour_rel_-10_amount: 7.40600
data_price_hour_abs_03_amount: 7.40600
data_price_hour_rel_-09_amount: 8.11000
data_price_hour_abs_04_amount: 8.11000
data_price_hour_rel_-08_amount: 8.70300
data_price_hour_abs_05_amount: 8.70300
data_price_hour_rel_-07_amount: 10.00600
data_price_hour_abs_06_amount: 10.00600
data_price_hour_rel_-06_amount: 12.69000
data_price_hour_abs_07_amount: 12.69000
data_price_hour_rel_-05_amount: 12.99900
data_price_hour_abs_08_amount: 12.99900
data_price_hour_rel_-04_amount: 12.85900
data_price_hour_abs_09_amount: 12.85900
data_price_hour_rel_-03_amount: 12.01000
data_price_hour_abs_10_amount: 12.01000
data_price_hour_rel_-02_amount: 11.66200
data_price_hour_abs_11_amount: 11.66200
data_price_hour_rel_-01_amount: 12.26300
data_price_hour_abs_12_amount: 12.26300
data_price_hour_rel_+00_amount: 13.16400
data_price_hour_abs_13_amount: 13.16400
data_price_hour_rel_+01_amount: 14.68200
data_price_hour_abs_14_amount: 14.68200
data_price_hour_rel_+02_amount: 15.85000
data_price_hour_abs_15_amount: 15.85000
data_price_hour_rel_+03_amount: 15.82400
data_price_hour_abs_16_amount: 15.82400
data_price_hour_rel_+04_amount: 18.23900
data_price_hour_abs_17_amount: 18.23900
data_price_hour_rel_+05_amount: 14.22600
data_price_hour_abs_18_amount: 14.22600
data_price_hour_rel_+06_amount: 12.52300
data_price_hour_abs_19_amount: 12.52300
data_price_hour_rel_+07_amount: 12.11800
data_price_hour_abs_20_amount: 12.11800
data_price_hour_rel_+08_amount: 11.50000
data_price_hour_abs_21_amount: 11.50000
data_price_hour_rel_+09_amount: 11.02000
data_price_hour_abs_22_amount: 11.02000
data_price_hour_rel_+10_amount: 10.08500
data_price_hour_abs_23_amount: 10.08500