date_now: 2023-11-01 13:21:22
date_now_epoch: 1698841282447
date_now_day: 1
date_now_month: 11
date_now_year: 2023
date_start: 2023-11-01 00:00:00
date_end: 2023-11-01 23:59:59
price_low: 1.87600
price_high: 8.77700
price_median: 6.47200
price_average: 6.28883
price_current: 5.19900
price_unit: Cent/kWh
price_threshold_00: 1.87600
price_threshold_01: 3.41700
price_threshold_02: 3.95100
price_threshold_03: 4.76400
price_threshold_04: 5.14000
price_threshold_05: 5.19900
price_threshold_06: 5.31500
price_threshold_07: 5.89400
price_threshold_08: 5.90000
price_threshold_09: 6.07400
price_threshold_10: 6.07900
price_threshold_11: 6.40700
price_threshold_12: 6.53700
price_threshold_13: 6.55800
price_threshold_14: 6.60400
price_threshold_15: 6.65700
price_threshold_16: 6.92300
price_threshold_17: 7.89700
price_threshold_18: 7.89700
price_threshold_19: 7.95000
price_threshold_20: 8.06500
price_threshold_21: 8.49500
price_threshold_22: 8.55600
price_threshold_23: 8.77700
data_price_hour_rel_-13_amount: 6.53700
data_price_hour_abs_00_amount: 6.53700
data_price_hour_rel_-12_amount: 6.55800
data_price_hour_abs_01_amount: 6.55800
data_price_hour_rel_-11_amount: 6.07900
data_price_hour_abs_02_amount: 6.07900
data_price_hour_rel_-10_amount: 6.07400
data_price_hour_abs_03_amount: 6.07400
data_price_hour_rel_-09_amount: 5.89400
data_price_hour_abs_04_amount: 5.89400
data_price_hour_rel_-08_amount: 6.60400
data_price_hour_abs_05_amount: 6.60400
data_price_hour_rel_-07_amount: 7.89700
data_price_hour_abs_06_amount: 7.89700
data_price_hour_rel_-06_amount: 8.55600
data_price_hour_abs_07_amount: 8.55600
data_price_hour_rel_-05_amount: 8.77700
data_price_hour_abs_08_amount: 8.77700
data_price_hour_rel_-04_amount: 6.92300
data_price_hour_abs_09_amount: 6.92300
data_price_hour_rel_-03_amount: 5.90000
data_price_hour_abs_10_amount: 5.90000
data_price_hour_rel_-02_amount: 5.14000
data_price_hour_abs_11_amount: 5.14000
data_price_hour_rel_-01_amount: 4.76400
data_price_hour_abs_12_amount: 4.76400
data_price_hour_rel_+00_amount: 5.19900
data_price_hour_abs_13_amount: 5.19900
data_price_hour_rel_+01_amount: 6.40700
data_price_hour_abs_14_amount: 6.40700
data_price_hour_rel_+02_amount: 8.06500
data_price_hour_abs_15_amount: 8.06500
data_price_hour_rel_+03_amount: 7.89700
data_price_hour_abs_16_amount: 7.89700
data_price_hour_rel_+04_amount: 8.49500
data_price_hour_abs_17_amount: 8.49500
data_price_hour_rel_+05_amount: 7.95000
data_price_hour_abs_18_amount: 7.95000
data_price_hour_rel_+06_amount: 6.65700
data_price_hour_abs_19_amount: 6.65700
data_price_hour_rel_+07_amount: 5.31500
data_price_hour_abs_20_amount: 5.31500
data_price_hour_rel_+08_amount: 3.95100
data_price_hour_abs_21_amount: 3.95100
data_price_hour_rel_+09_amount: 3.41700
data_price_hour_abs_22_amount: 3.41700
data_price_hour_rel_+10_amount: 1.87600
data_price_hour_abs_23_amount: 1.87600