date_now: 2023-12-07 13:22:02
date_now_epoch: 1701951722652
date_now_day: 7
date_now_month: 12
date_now_year: 2023
date_start: 2023-12-07 00:00:00
date_end: 2023-12-07 23:59:59
price_low: 8.70800
price_high: 15.00000
price_median: 11.84650
price_average: 11.66021
price_current: 13.83500
price_unit: Cent/kWh
price_threshold_00: 8.70800
price_threshold_01: 8.99200
price_threshold_02: 9.18100
price_threshold_03: 9.45300
price_threshold_04: 9.64200
price_threshold_05: 9.68600
price_threshold_06: 9.70000
price_threshold_07: 9.78500
price_threshold_08: 9.92000
price_threshold_09: 10.03600
price_threshold_10: 10.41400
price_threshold_11: 11.65800
price_threshold_12: 12.03500
price_threshold_13: 12.85900
price_threshold_14: 13.12200
price_threshold_15: 13.38700
price_threshold_16: 13.43600
price_threshold_17: 13.77000
price_threshold_18: 13.79900
price_threshold_19: 13.80200
price_threshold_20: 13.80800
price_threshold_21: 13.81700
price_threshold_22: 13.83500
price_threshold_23: 15.00000
data_price_hour_rel_-13_amount: 9.92000
data_price_hour_abs_00_amount: 9.92000
data_price_hour_rel_-12_amount: 9.78500
data_price_hour_abs_01_amount: 9.78500
data_price_hour_rel_-11_amount: 9.68600
data_price_hour_abs_02_amount: 9.68600
data_price_hour_rel_-10_amount: 9.18100
data_price_hour_abs_03_amount: 9.18100
data_price_hour_rel_-09_amount: 8.99200
data_price_hour_abs_04_amount: 8.99200
data_price_hour_rel_-08_amount: 9.45300
data_price_hour_abs_05_amount: 9.45300
data_price_hour_rel_-07_amount: 11.65800
data_price_hour_abs_06_amount: 11.65800
data_price_hour_rel_-06_amount: 13.12200
data_price_hour_abs_07_amount: 13.12200
data_price_hour_rel_-05_amount: 15.00000
data_price_hour_abs_08_amount: 15.00000
data_price_hour_rel_-04_amount: 13.77000
data_price_hour_abs_09_amount: 13.77000
data_price_hour_rel_-03_amount: 13.43600
data_price_hour_abs_10_amount: 13.43600
data_price_hour_rel_-02_amount: 13.81700
data_price_hour_abs_11_amount: 13.81700
data_price_hour_rel_-01_amount: 13.79900
data_price_hour_abs_12_amount: 13.79900
data_price_hour_rel_+00_amount: 13.83500
data_price_hour_abs_13_amount: 13.83500
data_price_hour_rel_+01_amount: 13.80800
data_price_hour_abs_14_amount: 13.80800
data_price_hour_rel_+02_amount: 13.80200
data_price_hour_abs_15_amount: 13.80200
data_price_hour_rel_+03_amount: 13.38700
data_price_hour_abs_16_amount: 13.38700
data_price_hour_rel_+04_amount: 12.85900
data_price_hour_abs_17_amount: 12.85900
data_price_hour_rel_+05_amount: 12.03500
data_price_hour_abs_18_amount: 12.03500
data_price_hour_rel_+06_amount: 10.41400
data_price_hour_abs_19_amount: 10.41400
data_price_hour_rel_+07_amount: 10.03600
data_price_hour_abs_20_amount: 10.03600
data_price_hour_rel_+08_amount: 9.70000
data_price_hour_abs_21_amount: 9.70000
data_price_hour_rel_+09_amount: 9.64200
data_price_hour_abs_22_amount: 9.64200
data_price_hour_rel_+10_amount: 8.70800
data_price_hour_abs_23_amount: 8.70800