date_now: 2023-11-23 13:21:39
date_now_epoch: 1700742099926
date_now_day: 23
date_now_month: 11
date_now_year: 2023
date_start: 2023-11-23 00:00:00
date_end: 2023-11-23 23:59:59
price_low: 0.98000
price_high: 11.98700
price_median: 6.99500
price_average: 6.16429
price_current: 6.99300
price_unit: Cent/kWh
price_threshold_00: 0.98000
price_threshold_01: 1.89600
price_threshold_02: 2.01800
price_threshold_03: 2.81800
price_threshold_04: 3.01300
price_threshold_05: 3.25600
price_threshold_06: 4.11200
price_threshold_07: 4.60500
price_threshold_08: 5.09000
price_threshold_09: 6.49700
price_threshold_10: 6.64700
price_threshold_11: 6.99300
price_threshold_12: 6.99700
price_threshold_13: 7.06300
price_threshold_14: 7.35200
price_threshold_15: 7.35900
price_threshold_16: 7.37100
price_threshold_17: 7.38100
price_threshold_18: 7.76000
price_threshold_19: 8.06200
price_threshold_20: 8.29000
price_threshold_21: 9.00000
price_threshold_22: 11.39600
price_threshold_23: 11.98700
data_price_hour_rel_-13_amount: 6.49700
data_price_hour_abs_00_amount: 6.49700
data_price_hour_rel_-12_amount: 4.60500
data_price_hour_abs_01_amount: 4.60500
data_price_hour_rel_-11_amount: 4.11200
data_price_hour_abs_02_amount: 4.11200
data_price_hour_rel_-10_amount: 3.01300
data_price_hour_abs_03_amount: 3.01300
data_price_hour_rel_-09_amount: 2.01800
data_price_hour_abs_04_amount: 2.01800
data_price_hour_rel_-08_amount: 3.25600
data_price_hour_abs_05_amount: 3.25600
data_price_hour_rel_-07_amount: 8.06200
data_price_hour_abs_06_amount: 8.06200
data_price_hour_rel_-06_amount: 11.39600
data_price_hour_abs_07_amount: 11.39600
data_price_hour_rel_-05_amount: 11.98700
data_price_hour_abs_08_amount: 11.98700
data_price_hour_rel_-04_amount: 9.00000
data_price_hour_abs_09_amount: 9.00000
data_price_hour_rel_-03_amount: 8.29000
data_price_hour_abs_10_amount: 8.29000
data_price_hour_rel_-02_amount: 7.38100
data_price_hour_abs_11_amount: 7.38100
data_price_hour_rel_-01_amount: 6.64700
data_price_hour_abs_12_amount: 6.64700
data_price_hour_rel_+00_amount: 6.99300
data_price_hour_abs_13_amount: 6.99300
data_price_hour_rel_+01_amount: 6.99700
data_price_hour_abs_14_amount: 6.99700
data_price_hour_rel_+02_amount: 7.35200
data_price_hour_abs_15_amount: 7.35200
data_price_hour_rel_+03_amount: 7.35900
data_price_hour_abs_16_amount: 7.35900
data_price_hour_rel_+04_amount: 7.76000
data_price_hour_abs_17_amount: 7.76000
data_price_hour_rel_+05_amount: 7.37100
data_price_hour_abs_18_amount: 7.37100
data_price_hour_rel_+06_amount: 7.06300
data_price_hour_abs_19_amount: 7.06300
data_price_hour_rel_+07_amount: 5.09000
data_price_hour_abs_20_amount: 5.09000
data_price_hour_rel_+08_amount: 2.81800
data_price_hour_abs_21_amount: 2.81800
data_price_hour_rel_+09_amount: 1.89600
data_price_hour_abs_22_amount: 1.89600
data_price_hour_rel_+10_amount: 0.98000
data_price_hour_abs_23_amount: 0.98000