date_now: 2023-10-22 14:19:20
date_now_epoch: 1697977160328
date_now_day: 22
date_now_month: 10
date_now_year: 2023
date_start: 2023-10-22 00:00:00
date_end: 2023-10-22 23:59:59
price_low: 1.56300
price_high: 13.90200
price_median: 5.14350
price_average: 6.39479
price_current: 3.18600
price_unit: Cent/kWh
price_threshold_00: 1.56300
price_threshold_01: 1.83500
price_threshold_02: 1.86100
price_threshold_03: 2.91900
price_threshold_04: 3.02600
price_threshold_05: 3.03600
price_threshold_06: 3.18600
price_threshold_07: 3.43200
price_threshold_08: 3.93700
price_threshold_09: 4.49900
price_threshold_10: 4.85900
price_threshold_11: 5.12900
price_threshold_12: 5.15800
price_threshold_13: 5.45000
price_threshold_14: 5.82000
price_threshold_15: 6.28300
price_threshold_16: 7.73200
price_threshold_17: 9.66600
price_threshold_18: 10.21800
price_threshold_19: 11.24700
price_threshold_20: 12.58300
price_threshold_21: 12.60500
price_threshold_22: 13.52900
price_threshold_23: 13.90200
data_price_hour_rel_-14_amount: 3.93700
data_price_hour_abs_00_amount: 3.93700
data_price_hour_rel_-13_amount: 3.03600
data_price_hour_abs_01_amount: 3.03600
data_price_hour_rel_-12_amount: 1.86100
data_price_hour_abs_02_amount: 1.86100
data_price_hour_rel_-11_amount: 1.56300
data_price_hour_abs_03_amount: 1.56300
data_price_hour_rel_-10_amount: 1.83500
data_price_hour_abs_04_amount: 1.83500
data_price_hour_rel_-09_amount: 3.43200
data_price_hour_abs_05_amount: 3.43200
data_price_hour_rel_-08_amount: 3.02600
data_price_hour_abs_06_amount: 3.02600
data_price_hour_rel_-07_amount: 5.82000
data_price_hour_abs_07_amount: 5.82000
data_price_hour_rel_-06_amount: 5.45000
data_price_hour_abs_08_amount: 5.45000
data_price_hour_rel_-05_amount: 6.28300
data_price_hour_abs_09_amount: 6.28300
data_price_hour_rel_-04_amount: 5.15800
data_price_hour_abs_10_amount: 5.15800
data_price_hour_rel_-03_amount: 4.85900
data_price_hour_abs_11_amount: 4.85900
data_price_hour_rel_-02_amount: 4.49900
data_price_hour_abs_12_amount: 4.49900
data_price_hour_rel_-01_amount: 2.91900
data_price_hour_abs_13_amount: 2.91900
data_price_hour_rel_+00_amount: 3.18600
data_price_hour_abs_14_amount: 3.18600
data_price_hour_rel_+01_amount: 5.12900
data_price_hour_abs_15_amount: 5.12900
data_price_hour_rel_+02_amount: 7.73200
data_price_hour_abs_16_amount: 7.73200
data_price_hour_rel_+03_amount: 12.58300
data_price_hour_abs_17_amount: 12.58300
data_price_hour_rel_+04_amount: 13.52900
data_price_hour_abs_18_amount: 13.52900
data_price_hour_rel_+05_amount: 13.90200
data_price_hour_abs_19_amount: 13.90200
data_price_hour_rel_+06_amount: 12.60500
data_price_hour_abs_20_amount: 12.60500
data_price_hour_rel_+07_amount: 11.24700
data_price_hour_abs_21_amount: 11.24700
data_price_hour_rel_+08_amount: 10.21800
data_price_hour_abs_22_amount: 10.21800
data_price_hour_rel_+09_amount: 9.66600
data_price_hour_abs_23_amount: 9.66600