date_now: 2023-10-20 14:21:20
date_now_epoch: 1697804480634
date_now_day: 20
date_now_month: 10
date_now_year: 2023
date_start: 2023-10-20 00:00:00
date_end: 2023-10-20 23:59:59
price_low: 2.30500
price_high: 12.47600
price_median: 9.45350
price_average: 8.72367
price_current: 9.28100
price_unit: Cent/kWh
price_threshold_00: 2.30500
price_threshold_01: 3.52700
price_threshold_02: 4.17500
price_threshold_03: 5.12000
price_threshold_04: 5.64400
price_threshold_05: 6.36900
price_threshold_06: 7.66900
price_threshold_07: 7.75900
price_threshold_08: 7.85100
price_threshold_09: 8.28600
price_threshold_10: 9.28100
price_threshold_11: 9.37600
price_threshold_12: 9.53100
price_threshold_13: 9.90300
price_threshold_14: 10.07500
price_threshold_15: 10.19400
price_threshold_16: 10.81200
price_threshold_17: 10.85000
price_threshold_18: 10.91600
price_threshold_19: 11.52200
price_threshold_20: 11.75400
price_threshold_21: 11.94400
price_threshold_22: 12.02900
price_threshold_23: 12.47600
data_price_hour_rel_-14_amount: 7.75900
data_price_hour_abs_00_amount: 7.75900
data_price_hour_rel_-13_amount: 6.36900
data_price_hour_abs_01_amount: 6.36900
data_price_hour_rel_-12_amount: 5.12000
data_price_hour_abs_02_amount: 5.12000
data_price_hour_rel_-11_amount: 3.52700
data_price_hour_abs_03_amount: 3.52700
data_price_hour_rel_-10_amount: 2.30500
data_price_hour_abs_04_amount: 2.30500
data_price_hour_rel_-09_amount: 4.17500
data_price_hour_abs_05_amount: 4.17500
data_price_hour_rel_-08_amount: 7.66900
data_price_hour_abs_06_amount: 7.66900
data_price_hour_rel_-07_amount: 10.81200
data_price_hour_abs_07_amount: 10.81200
data_price_hour_rel_-06_amount: 11.94400
data_price_hour_abs_08_amount: 11.94400
data_price_hour_rel_-05_amount: 12.47600
data_price_hour_abs_09_amount: 12.47600
data_price_hour_rel_-04_amount: 11.52200
data_price_hour_abs_10_amount: 11.52200
data_price_hour_rel_-03_amount: 10.91600
data_price_hour_abs_11_amount: 10.91600
data_price_hour_rel_-02_amount: 10.07500
data_price_hour_abs_12_amount: 10.07500
data_price_hour_rel_-01_amount: 9.37600
data_price_hour_abs_13_amount: 9.37600
data_price_hour_rel_+00_amount: 9.28100
data_price_hour_abs_14_amount: 9.28100
data_price_hour_rel_+01_amount: 9.53100
data_price_hour_abs_15_amount: 9.53100
data_price_hour_rel_+02_amount: 9.90300
data_price_hour_abs_16_amount: 9.90300
data_price_hour_rel_+03_amount: 10.85000
data_price_hour_abs_17_amount: 10.85000
data_price_hour_rel_+04_amount: 11.75400
data_price_hour_abs_18_amount: 11.75400
data_price_hour_rel_+05_amount: 12.02900
data_price_hour_abs_19_amount: 12.02900
data_price_hour_rel_+06_amount: 10.19400
data_price_hour_abs_20_amount: 10.19400
data_price_hour_rel_+07_amount: 8.28600
data_price_hour_abs_21_amount: 8.28600
data_price_hour_rel_+08_amount: 7.85100
data_price_hour_abs_22_amount: 7.85100
data_price_hour_rel_+09_amount: 5.64400
data_price_hour_abs_23_amount: 5.64400