date_now: 2023-10-28 14:19:03
date_now_epoch: 1698495543093
date_now_day: 28
date_now_month: 10
date_now_year: 2023
date_start: 2023-10-28 00:00:00
date_end: 2023-10-28 23:59:59
price_low: 4.74800
price_high: 14.89600
price_median: 7.76900
price_average: 8.33658
price_current: 7.39100
price_unit: Cent/kWh
price_threshold_00: 4.74800
price_threshold_01: 5.50000
price_threshold_02: 6.05100
price_threshold_03: 6.45900
price_threshold_04: 6.64700
price_threshold_05: 6.79000
price_threshold_06: 6.86100
price_threshold_07: 6.90100
price_threshold_08: 6.97900
price_threshold_09: 6.98600
price_threshold_10: 7.39100
price_threshold_11: 7.54800
price_threshold_12: 7.99000
price_threshold_13: 8.35100
price_threshold_14: 8.46000
price_threshold_15: 8.70000
price_threshold_16: 8.70100
price_threshold_17: 8.95000
price_threshold_18: 9.03500
price_threshold_19: 9.06900
price_threshold_20: 11.20200
price_threshold_21: 11.88300
price_threshold_22: 13.98000
price_threshold_23: 14.89600
data_price_hour_rel_-14_amount: 8.46000
data_price_hour_abs_00_amount: 8.46000
data_price_hour_rel_-13_amount: 6.86100
data_price_hour_abs_01_amount: 6.86100
data_price_hour_rel_-12_amount: 6.45900
data_price_hour_abs_02_amount: 6.45900
data_price_hour_rel_-11_amount: 5.50000
data_price_hour_abs_03_amount: 5.50000
data_price_hour_rel_-10_amount: 6.05100
data_price_hour_abs_04_amount: 6.05100
data_price_hour_rel_-09_amount: 6.90100
data_price_hour_abs_05_amount: 6.90100
data_price_hour_rel_-08_amount: 6.64700
data_price_hour_abs_06_amount: 6.64700
data_price_hour_rel_-07_amount: 7.99000
data_price_hour_abs_07_amount: 7.99000
data_price_hour_rel_-06_amount: 9.06900
data_price_hour_abs_08_amount: 9.06900
data_price_hour_rel_-05_amount: 8.95000
data_price_hour_abs_09_amount: 8.95000
data_price_hour_rel_-04_amount: 8.70100
data_price_hour_abs_10_amount: 8.70100
data_price_hour_rel_-03_amount: 6.97900
data_price_hour_abs_11_amount: 6.97900
data_price_hour_rel_-02_amount: 6.98600
data_price_hour_abs_12_amount: 6.98600
data_price_hour_rel_-01_amount: 6.79000
data_price_hour_abs_13_amount: 6.79000
data_price_hour_rel_+00_amount: 7.39100
data_price_hour_abs_14_amount: 7.39100
data_price_hour_rel_+01_amount: 8.70000
data_price_hour_abs_15_amount: 8.70000
data_price_hour_rel_+02_amount: 11.20200
data_price_hour_abs_16_amount: 11.20200
data_price_hour_rel_+03_amount: 13.98000
data_price_hour_abs_17_amount: 13.98000
data_price_hour_rel_+04_amount: 14.89600
data_price_hour_abs_18_amount: 14.89600
data_price_hour_rel_+05_amount: 11.88300
data_price_hour_abs_19_amount: 11.88300
data_price_hour_rel_+06_amount: 9.03500
data_price_hour_abs_20_amount: 9.03500
data_price_hour_rel_+07_amount: 8.35100
data_price_hour_abs_21_amount: 8.35100
data_price_hour_rel_+08_amount: 7.54800
data_price_hour_abs_22_amount: 7.54800
data_price_hour_rel_+09_amount: 4.74800
data_price_hour_abs_23_amount: 4.74800