date_now: 2023-12-03 13:20:01
date_now_epoch: 1701606001950
date_now_day: 3
date_now_month: 12
date_now_year: 2023
date_start: 2023-12-03 00:00:00
date_end: 2023-12-03 23:59:59
price_low: 8.88600
price_high: 12.90500
price_median: 10.14150
price_average: 10.47183
price_current: 10.00000
price_unit: Cent/kWh
price_threshold_00: 8.88600
price_threshold_01: 8.90000
price_threshold_02: 9.17200
price_threshold_03: 9.21300
price_threshold_04: 9.46200
price_threshold_05: 9.70200
price_threshold_06: 9.86200
price_threshold_07: 9.90900
price_threshold_08: 9.98800
price_threshold_09: 10.00000
price_threshold_10: 10.00000
price_threshold_11: 10.01500
price_threshold_12: 10.26800
price_threshold_13: 10.29100
price_threshold_14: 10.49600
price_threshold_15: 10.50700
price_threshold_16: 10.56800
price_threshold_17: 10.83000
price_threshold_18: 11.23300
price_threshold_19: 11.50000
price_threshold_20: 12.22000
price_threshold_21: 12.60700
price_threshold_22: 12.79000
price_threshold_23: 12.90500
data_price_hour_rel_-13_amount: 10.83000
data_price_hour_abs_00_amount: 10.83000
data_price_hour_rel_-12_amount: 10.26800
data_price_hour_abs_01_amount: 10.26800
data_price_hour_rel_-11_amount: 9.98800
data_price_hour_abs_02_amount: 9.98800
data_price_hour_rel_-10_amount: 9.86200
data_price_hour_abs_03_amount: 9.86200
data_price_hour_rel_-09_amount: 9.46200
data_price_hour_abs_04_amount: 9.46200
data_price_hour_rel_-08_amount: 9.17200
data_price_hour_abs_05_amount: 9.17200
data_price_hour_rel_-07_amount: 8.88600
data_price_hour_abs_06_amount: 8.88600
data_price_hour_rel_-06_amount: 9.21300
data_price_hour_abs_07_amount: 9.21300
data_price_hour_rel_-05_amount: 9.70200
data_price_hour_abs_08_amount: 9.70200
data_price_hour_rel_-04_amount: 10.01500
data_price_hour_abs_09_amount: 10.01500
data_price_hour_rel_-03_amount: 10.49600
data_price_hour_abs_10_amount: 10.49600
data_price_hour_rel_-02_amount: 10.50700
data_price_hour_abs_11_amount: 10.50700
data_price_hour_rel_-01_amount: 10.29100
data_price_hour_abs_12_amount: 10.29100
data_price_hour_rel_+00_amount: 10.00000
data_price_hour_abs_13_amount: 10.00000
data_price_hour_rel_+01_amount: 10.56800
data_price_hour_abs_14_amount: 10.56800
data_price_hour_rel_+02_amount: 11.50000
data_price_hour_abs_15_amount: 11.50000
data_price_hour_rel_+03_amount: 12.22000
data_price_hour_abs_16_amount: 12.22000
data_price_hour_rel_+04_amount: 12.79000
data_price_hour_abs_17_amount: 12.79000
data_price_hour_rel_+05_amount: 12.90500
data_price_hour_abs_18_amount: 12.90500
data_price_hour_rel_+06_amount: 12.60700
data_price_hour_abs_19_amount: 12.60700
data_price_hour_rel_+07_amount: 11.23300
data_price_hour_abs_20_amount: 11.23300
data_price_hour_rel_+08_amount: 10.00000
data_price_hour_abs_21_amount: 10.00000
data_price_hour_rel_+09_amount: 9.90900
data_price_hour_abs_22_amount: 9.90900
data_price_hour_rel_+10_amount: 8.90000
data_price_hour_abs_23_amount: 8.90000