date_now: 2023-10-29 13:19:22
date_now_epoch: 1698581962082
date_now_day: 29
date_now_month: 10
date_now_year: 2023
date_start: 2023-10-29 00:00:00
date_end: 2023-10-29 23:59:59
price_low: -0.03900
price_high: 8.39000
price_median: 0.00200
price_average: 2.30304
price_current: 0.06100
price_unit: Cent/kWh
price_threshold_00: -0.03900
price_threshold_01: -0.03600
price_threshold_02: -0.02800
price_threshold_03: -0.02400
price_threshold_04: -0.02100
price_threshold_05: -0.00800
price_threshold_06: -0.00700
price_threshold_07: -0.00300
price_threshold_08: 0.00000
price_threshold_09: 0.00100
price_threshold_10: 0.00100
price_threshold_11: 0.00200
price_threshold_12: 0.06100
price_threshold_13: 0.09600
price_threshold_14: 1.00300
price_threshold_15: 1.40500
price_threshold_16: 3.84100
price_threshold_17: 4.00300
price_threshold_18: 5.19400
price_threshold_19: 5.40200
price_threshold_20: 6.21600
price_threshold_21: 6.73700
price_threshold_22: 7.69200
price_threshold_23: 7.69800
price_threshold_24: 8.39000
data_price_hour_rel_-13_amount: 1.40500
data_price_hour_abs_00_amount: 1.40500
data_price_hour_rel_-12_amount: 0.09600
data_price_hour_abs_01_amount: 0.09600
data_price_hour_rel_-11_amount: 0.00100
data_price_hour_abs_02_amount: 0.00100
data_price_hour_rel_-11_amount: 0.00200
data_price_hour_abs_02_amount: 0.00200
data_price_hour_rel_-10_amount: -0.02400
data_price_hour_abs_03_amount: -0.02400
data_price_hour_rel_-09_amount: -0.02800
data_price_hour_abs_04_amount: -0.02800
data_price_hour_rel_-08_amount: -0.03900
data_price_hour_abs_05_amount: -0.03900
data_price_hour_rel_-07_amount: -0.03600
data_price_hour_abs_06_amount: -0.03600
data_price_hour_rel_-06_amount: -0.00700
data_price_hour_abs_07_amount: -0.00700
data_price_hour_rel_-05_amount: 0.00100
data_price_hour_abs_08_amount: 0.00100
data_price_hour_rel_-04_amount: 0.00000
data_price_hour_abs_09_amount: 0.00000
data_price_hour_rel_-03_amount: -0.02100
data_price_hour_abs_10_amount: -0.02100
data_price_hour_rel_-02_amount: -0.00800
data_price_hour_abs_11_amount: -0.00800
data_price_hour_rel_-01_amount: -0.00300
data_price_hour_abs_12_amount: -0.00300
data_price_hour_rel_+00_amount: 0.06100
data_price_hour_abs_13_amount: 0.06100
data_price_hour_rel_+01_amount: 1.00300
data_price_hour_abs_14_amount: 1.00300
data_price_hour_rel_+02_amount: 4.00300
data_price_hour_abs_15_amount: 4.00300
data_price_hour_rel_+03_amount: 7.69200
data_price_hour_abs_16_amount: 7.69200
data_price_hour_rel_+04_amount: 8.39000
data_price_hour_abs_17_amount: 8.39000
data_price_hour_rel_+05_amount: 7.69800
data_price_hour_abs_18_amount: 7.69800
data_price_hour_rel_+06_amount: 6.73700
data_price_hour_abs_19_amount: 6.73700
data_price_hour_rel_+07_amount: 6.21600
data_price_hour_abs_20_amount: 6.21600
data_price_hour_rel_+08_amount: 5.40200
data_price_hour_abs_21_amount: 5.40200
data_price_hour_rel_+09_amount: 5.19400
data_price_hour_abs_22_amount: 5.19400
data_price_hour_rel_+10_amount: 3.84100
data_price_hour_abs_23_amount: 3.84100