date_now: 2023-10-24 14:21:07
date_now_epoch: 1698150067921
date_now_day: 24
date_now_month: 10
date_now_year: 2023
date_start: 2023-10-24 00:00:00
date_end: 2023-10-24 23:59:59
price_low: 8.94600
price_high: 15.40700
price_median: 11.91500
price_average: 11.79858
price_current: 11.54000
price_unit: Cent/kWh
price_threshold_00: 8.94600
price_threshold_01: 9.02700
price_threshold_02: 9.45400
price_threshold_03: 9.48000
price_threshold_04: 9.72100
price_threshold_05: 10.13300
price_threshold_06: 10.16500
price_threshold_07: 10.27800
price_threshold_08: 11.25400
price_threshold_09: 11.41000
price_threshold_10: 11.54000
price_threshold_11: 11.89900
price_threshold_12: 11.93100
price_threshold_13: 12.01200
price_threshold_14: 12.50000
price_threshold_15: 12.83700
price_threshold_16: 12.91600
price_threshold_17: 13.07200
price_threshold_18: 13.21700
price_threshold_19: 13.34500
price_threshold_20: 13.63500
price_threshold_21: 14.00000
price_threshold_22: 14.98700
price_threshold_23: 15.40700
data_price_hour_rel_-14_amount: 10.13300
data_price_hour_abs_00_amount: 10.13300
data_price_hour_rel_-13_amount: 9.72100
data_price_hour_abs_01_amount: 9.72100
data_price_hour_rel_-12_amount: 9.45400
data_price_hour_abs_02_amount: 9.45400
data_price_hour_rel_-11_amount: 8.94600
data_price_hour_abs_03_amount: 8.94600
data_price_hour_rel_-10_amount: 9.02700
data_price_hour_abs_04_amount: 9.02700
data_price_hour_rel_-09_amount: 9.48000
data_price_hour_abs_05_amount: 9.48000
data_price_hour_rel_-08_amount: 10.16500
data_price_hour_abs_06_amount: 10.16500
data_price_hour_rel_-07_amount: 12.01200
data_price_hour_abs_07_amount: 12.01200
data_price_hour_rel_-06_amount: 13.07200
data_price_hour_abs_08_amount: 13.07200
data_price_hour_rel_-05_amount: 13.63500
data_price_hour_abs_09_amount: 13.63500
data_price_hour_rel_-04_amount: 12.83700
data_price_hour_abs_10_amount: 12.83700
data_price_hour_rel_-03_amount: 12.50000
data_price_hour_abs_11_amount: 12.50000
data_price_hour_rel_-02_amount: 11.89900
data_price_hour_abs_12_amount: 11.89900
data_price_hour_rel_-01_amount: 11.25400
data_price_hour_abs_13_amount: 11.25400
data_price_hour_rel_+00_amount: 11.54000
data_price_hour_abs_14_amount: 11.54000
data_price_hour_rel_+01_amount: 13.21700
data_price_hour_abs_15_amount: 13.21700
data_price_hour_rel_+02_amount: 12.91600
data_price_hour_abs_16_amount: 12.91600
data_price_hour_rel_+03_amount: 14.00000
data_price_hour_abs_17_amount: 14.00000
data_price_hour_rel_+04_amount: 14.98700
data_price_hour_abs_18_amount: 14.98700
data_price_hour_rel_+05_amount: 15.40700
data_price_hour_abs_19_amount: 15.40700
data_price_hour_rel_+06_amount: 13.34500
data_price_hour_abs_20_amount: 13.34500
data_price_hour_rel_+07_amount: 11.93100
data_price_hour_abs_21_amount: 11.93100
data_price_hour_rel_+08_amount: 11.41000
data_price_hour_abs_22_amount: 11.41000
data_price_hour_rel_+09_amount: 10.27800
data_price_hour_abs_23_amount: 10.27800