date_now: 2023-12-16 13:19:36
date_now_epoch: 1702729176742
date_now_day: 16
date_now_month: 12
date_now_year: 2023
date_start: 2023-12-16 00:00:00
date_end: 2023-12-16 23:59:59
price_low: 5.31200
price_high: 8.81200
price_median: 7.09950
price_average: 7.06950
price_current: 7.05900
price_unit: Cent/kWh
price_threshold_00: 5.31200
price_threshold_01: 5.41000
price_threshold_02: 5.56400
price_threshold_03: 5.80000
price_threshold_04: 5.93400
price_threshold_05: 6.03700
price_threshold_06: 6.24100
price_threshold_07: 6.32100
price_threshold_08: 6.33400
price_threshold_09: 6.51000
price_threshold_10: 6.72000
price_threshold_11: 7.05900
price_threshold_12: 7.14000
price_threshold_13: 7.49100
price_threshold_14: 7.52500
price_threshold_15: 7.58100
price_threshold_16: 7.98900
price_threshold_17: 8.03500
price_threshold_18: 8.16400
price_threshold_19: 8.19400
price_threshold_20: 8.36600
price_threshold_21: 8.37100
price_threshold_22: 8.75800
price_threshold_23: 8.81200
data_price_hour_rel_-13_amount: 6.72000
data_price_hour_abs_00_amount: 6.72000
data_price_hour_rel_-12_amount: 6.32100
data_price_hour_abs_01_amount: 6.32100
data_price_hour_rel_-11_amount: 6.03700
data_price_hour_abs_02_amount: 6.03700
data_price_hour_rel_-10_amount: 5.80000
data_price_hour_abs_03_amount: 5.80000
data_price_hour_rel_-09_amount: 5.41000
data_price_hour_abs_04_amount: 5.41000
data_price_hour_rel_-08_amount: 5.56400
data_price_hour_abs_05_amount: 5.56400
data_price_hour_rel_-07_amount: 5.93400
data_price_hour_abs_06_amount: 5.93400
data_price_hour_rel_-06_amount: 6.51000
data_price_hour_abs_07_amount: 6.51000
data_price_hour_rel_-05_amount: 7.98900
data_price_hour_abs_08_amount: 7.98900
data_price_hour_rel_-04_amount: 8.36600
data_price_hour_abs_09_amount: 8.36600
data_price_hour_rel_-03_amount: 8.16400
data_price_hour_abs_10_amount: 8.16400
data_price_hour_rel_-02_amount: 7.58100
data_price_hour_abs_11_amount: 7.58100
data_price_hour_rel_-01_amount: 7.14000
data_price_hour_abs_12_amount: 7.14000
data_price_hour_rel_+00_amount: 7.05900
data_price_hour_abs_13_amount: 7.05900
data_price_hour_rel_+01_amount: 7.52500
data_price_hour_abs_14_amount: 7.52500
data_price_hour_rel_+02_amount: 8.03500
data_price_hour_abs_15_amount: 8.03500
data_price_hour_rel_+03_amount: 8.37100
data_price_hour_abs_16_amount: 8.37100
data_price_hour_rel_+04_amount: 8.75800
data_price_hour_abs_17_amount: 8.75800
data_price_hour_rel_+05_amount: 8.81200
data_price_hour_abs_18_amount: 8.81200
data_price_hour_rel_+06_amount: 8.19400
data_price_hour_abs_19_amount: 8.19400
data_price_hour_rel_+07_amount: 7.49100
data_price_hour_abs_20_amount: 7.49100
data_price_hour_rel_+08_amount: 6.33400
data_price_hour_abs_21_amount: 6.33400
data_price_hour_rel_+09_amount: 6.24100
data_price_hour_abs_22_amount: 6.24100
data_price_hour_rel_+10_amount: 5.31200
data_price_hour_abs_23_amount: 5.31200