date_now: 2023-11-27 13:22:15
date_now_epoch: 1701087735023
date_now_day: 27
date_now_month: 11
date_now_year: 2023
date_start: 2023-11-27 00:00:00
date_end: 2023-11-27 23:59:59
price_low: 8.50600
price_high: 14.49900
price_median: 11.91650
price_average: 11.45104
price_current: 13.26700
price_unit: Cent/kWh
price_threshold_00: 8.50600
price_threshold_01: 8.79100
price_threshold_02: 8.88200
price_threshold_03: 8.99000
price_threshold_04: 9.40900
price_threshold_05: 9.40900
price_threshold_06: 9.44600
price_threshold_07: 9.52000
price_threshold_08: 9.92600
price_threshold_09: 10.06100
price_threshold_10: 11.58600
price_threshold_11: 11.71200
price_threshold_12: 12.12100
price_threshold_13: 12.20100
price_threshold_14: 12.32200
price_threshold_15: 12.45300
price_threshold_16: 13.00000
price_threshold_17: 13.26700
price_threshold_18: 13.39700
price_threshold_19: 13.69400
price_threshold_20: 13.80000
price_threshold_21: 13.89200
price_threshold_22: 13.94100
price_threshold_23: 14.49900
data_price_hour_rel_-13_amount: 9.92600
data_price_hour_abs_00_amount: 9.92600
data_price_hour_rel_-12_amount: 9.40900
data_price_hour_abs_01_amount: 9.40900
data_price_hour_rel_-11_amount: 8.99000
data_price_hour_abs_02_amount: 8.99000
data_price_hour_rel_-10_amount: 8.88200
data_price_hour_abs_03_amount: 8.88200
data_price_hour_rel_-09_amount: 8.79100
data_price_hour_abs_04_amount: 8.79100
data_price_hour_rel_-08_amount: 9.40900
data_price_hour_abs_05_amount: 9.40900
data_price_hour_rel_-07_amount: 12.20100
data_price_hour_abs_06_amount: 12.20100
data_price_hour_rel_-06_amount: 13.89200
data_price_hour_abs_07_amount: 13.89200
data_price_hour_rel_-05_amount: 14.49900
data_price_hour_abs_08_amount: 14.49900
data_price_hour_rel_-04_amount: 13.94100
data_price_hour_abs_09_amount: 13.94100
data_price_hour_rel_-03_amount: 13.80000
data_price_hour_abs_10_amount: 13.80000
data_price_hour_rel_-02_amount: 13.69400
data_price_hour_abs_11_amount: 13.69400
data_price_hour_rel_-01_amount: 13.39700
data_price_hour_abs_12_amount: 13.39700
data_price_hour_rel_+00_amount: 13.26700
data_price_hour_abs_13_amount: 13.26700
data_price_hour_rel_+01_amount: 13.00000
data_price_hour_abs_14_amount: 13.00000
data_price_hour_rel_+02_amount: 12.12100
data_price_hour_abs_15_amount: 12.12100
data_price_hour_rel_+03_amount: 11.58600
data_price_hour_abs_16_amount: 11.58600
data_price_hour_rel_+04_amount: 12.45300
data_price_hour_abs_17_amount: 12.45300
data_price_hour_rel_+05_amount: 12.32200
data_price_hour_abs_18_amount: 12.32200
data_price_hour_rel_+06_amount: 11.71200
data_price_hour_abs_19_amount: 11.71200
data_price_hour_rel_+07_amount: 10.06100
data_price_hour_abs_20_amount: 10.06100
data_price_hour_rel_+08_amount: 9.44600
data_price_hour_abs_21_amount: 9.44600
data_price_hour_rel_+09_amount: 9.52000
data_price_hour_abs_22_amount: 9.52000
data_price_hour_rel_+10_amount: 8.50600
data_price_hour_abs_23_amount: 8.50600