date_now: 2023-11-07 13:21:06
date_now_epoch: 1699359666484
date_now_day: 7
date_now_month: 11
date_now_year: 2023
date_start: 2023-11-07 00:00:00
date_end: 2023-11-07 23:59:59
price_low: 6.80100
price_high: 14.93800
price_median: 9.52350
price_average: 9.97458
price_current: 8.87900
price_unit: Cent/kWh
price_threshold_00: 6.80100
price_threshold_01: 7.02500
price_threshold_02: 7.08000
price_threshold_03: 7.41700
price_threshold_04: 7.63000
price_threshold_05: 7.89000
price_threshold_06: 8.33500
price_threshold_07: 8.62100
price_threshold_08: 8.86900
price_threshold_09: 8.87900
price_threshold_10: 8.90300
price_threshold_11: 9.29800
price_threshold_12: 9.74900
price_threshold_13: 9.94500
price_threshold_14: 10.12800
price_threshold_15: 10.47200
price_threshold_16: 10.80700
price_threshold_17: 11.29000
price_threshold_18: 11.49300
price_threshold_19: 13.24200
price_threshold_20: 13.28900
price_threshold_21: 13.60500
price_threshold_22: 13.68400
price_threshold_23: 14.93800
data_price_hour_rel_-13_amount: 7.89000
data_price_hour_abs_00_amount: 7.89000
data_price_hour_rel_-12_amount: 7.63000
data_price_hour_abs_01_amount: 7.63000
data_price_hour_rel_-11_amount: 7.08000
data_price_hour_abs_02_amount: 7.08000
data_price_hour_rel_-10_amount: 6.80100
data_price_hour_abs_03_amount: 6.80100
data_price_hour_rel_-09_amount: 7.02500
data_price_hour_abs_04_amount: 7.02500
data_price_hour_rel_-08_amount: 8.33500
data_price_hour_abs_05_amount: 8.33500
data_price_hour_rel_-07_amount: 10.12800
data_price_hour_abs_06_amount: 10.12800
data_price_hour_rel_-06_amount: 13.28900
data_price_hour_abs_07_amount: 13.28900
data_price_hour_rel_-05_amount: 13.60500
data_price_hour_abs_08_amount: 13.60500
data_price_hour_rel_-04_amount: 11.49300
data_price_hour_abs_09_amount: 11.49300
data_price_hour_rel_-03_amount: 9.94500
data_price_hour_abs_10_amount: 9.94500
data_price_hour_rel_-02_amount: 8.90300
data_price_hour_abs_11_amount: 8.90300
data_price_hour_rel_-01_amount: 8.62100
data_price_hour_abs_12_amount: 8.62100
data_price_hour_rel_+00_amount: 8.87900
data_price_hour_abs_13_amount: 8.87900
data_price_hour_rel_+01_amount: 9.74900
data_price_hour_abs_14_amount: 9.74900
data_price_hour_rel_+02_amount: 10.80700
data_price_hour_abs_15_amount: 10.80700
data_price_hour_rel_+03_amount: 11.29000
data_price_hour_abs_16_amount: 11.29000
data_price_hour_rel_+04_amount: 13.68400
data_price_hour_abs_17_amount: 13.68400
data_price_hour_rel_+05_amount: 14.93800
data_price_hour_abs_18_amount: 14.93800
data_price_hour_rel_+06_amount: 13.24200
data_price_hour_abs_19_amount: 13.24200
data_price_hour_rel_+07_amount: 10.47200
data_price_hour_abs_20_amount: 10.47200
data_price_hour_rel_+08_amount: 9.29800
data_price_hour_abs_21_amount: 9.29800
data_price_hour_rel_+09_amount: 8.86900
data_price_hour_abs_22_amount: 8.86900
data_price_hour_rel_+10_amount: 7.41700
data_price_hour_abs_23_amount: 7.41700