date_now: 2023-11-24 13:21:20
date_now_epoch: 1700828480016
date_now_day: 24
date_now_month: 11
date_now_year: 2023
date_start: 2023-11-24 00:00:00
date_end: 2023-11-24 23:59:59
price_low: 0.01000
price_high: 11.26800
price_median: 7.68500
price_average: 6.38712
price_current: 7.14500
price_unit: Cent/kWh
price_threshold_00: 0.01000
price_threshold_01: 0.01200
price_threshold_02: 0.03400
price_threshold_03: 0.14800
price_threshold_04: 0.15500
price_threshold_05: 3.16100
price_threshold_06: 7.05300
price_threshold_07: 7.14500
price_threshold_08: 7.28400
price_threshold_09: 7.47400
price_threshold_10: 7.53800
price_threshold_11: 7.63300
price_threshold_12: 7.73700
price_threshold_13: 7.75600
price_threshold_14: 7.94200
price_threshold_15: 8.15000
price_threshold_16: 8.52400
price_threshold_17: 8.62300
price_threshold_18: 8.69500
price_threshold_19: 9.02500
price_threshold_20: 9.09700
price_threshold_21: 9.39900
price_threshold_22: 9.42800
price_threshold_23: 11.26800
data_price_hour_rel_-13_amount: 0.14800
data_price_hour_abs_00_amount: 0.14800
data_price_hour_rel_-12_amount: 0.01000
data_price_hour_abs_01_amount: 0.01000
data_price_hour_rel_-11_amount: 0.01200
data_price_hour_abs_02_amount: 0.01200
data_price_hour_rel_-10_amount: 0.03400
data_price_hour_abs_03_amount: 0.03400
data_price_hour_rel_-09_amount: 0.15500
data_price_hour_abs_04_amount: 0.15500
data_price_hour_rel_-08_amount: 3.16100
data_price_hour_abs_05_amount: 3.16100
data_price_hour_rel_-07_amount: 7.05300
data_price_hour_abs_06_amount: 7.05300
data_price_hour_rel_-06_amount: 9.42800
data_price_hour_abs_07_amount: 9.42800
data_price_hour_rel_-05_amount: 11.26800
data_price_hour_abs_08_amount: 11.26800
data_price_hour_rel_-04_amount: 9.39900
data_price_hour_abs_09_amount: 9.39900
data_price_hour_rel_-03_amount: 8.69500
data_price_hour_abs_10_amount: 8.69500
data_price_hour_rel_-02_amount: 7.94200
data_price_hour_abs_11_amount: 7.94200
data_price_hour_rel_-01_amount: 7.63300
data_price_hour_abs_12_amount: 7.63300
data_price_hour_rel_+00_amount: 7.14500
data_price_hour_abs_13_amount: 7.14500
data_price_hour_rel_+01_amount: 7.53800
data_price_hour_abs_14_amount: 7.53800
data_price_hour_rel_+02_amount: 7.73700
data_price_hour_abs_15_amount: 7.73700
data_price_hour_rel_+03_amount: 8.52400
data_price_hour_abs_16_amount: 8.52400
data_price_hour_rel_+04_amount: 9.09700
data_price_hour_abs_17_amount: 9.09700
data_price_hour_rel_+05_amount: 9.02500
data_price_hour_abs_18_amount: 9.02500
data_price_hour_rel_+06_amount: 8.62300
data_price_hour_abs_19_amount: 8.62300
data_price_hour_rel_+07_amount: 8.15000
data_price_hour_abs_20_amount: 8.15000
data_price_hour_rel_+08_amount: 7.47400
data_price_hour_abs_21_amount: 7.47400
data_price_hour_rel_+09_amount: 7.75600
data_price_hour_abs_22_amount: 7.75600
data_price_hour_rel_+10_amount: 7.28400
data_price_hour_abs_23_amount: 7.28400