date_now: 2023-10-25 14:21:05
date_now_epoch: 1698236465273
date_now_day: 25
date_now_month: 10
date_now_year: 2023
date_start: 2023-10-25 00:00:00
date_end: 2023-10-25 23:59:59
price_low: 8.60600
price_high: 15.77100
price_median: 12.47300
price_average: 12.43058
price_current: 12.44700
price_unit: Cent/kWh
price_threshold_00: 8.60600
price_threshold_01: 8.94300
price_threshold_02: 9.05400
price_threshold_03: 9.45600
price_threshold_04: 9.69900
price_threshold_05: 9.90700
price_threshold_06: 11.28000
price_threshold_07: 11.56200
price_threshold_08: 11.73800
price_threshold_09: 12.00600
price_threshold_10: 12.35500
price_threshold_11: 12.44700
price_threshold_12: 12.49900
price_threshold_13: 12.55000
price_threshold_14: 13.00200
price_threshold_15: 13.70800
price_threshold_16: 13.81300
price_threshold_17: 14.04900
price_threshold_18: 14.75100
price_threshold_19: 15.01600
price_threshold_20: 15.28700
price_threshold_21: 15.37300
price_threshold_22: 15.46200
price_threshold_23: 15.77100
data_price_hour_rel_-14_amount: 9.90700
data_price_hour_abs_00_amount: 9.90700
data_price_hour_rel_-13_amount: 9.45600
data_price_hour_abs_01_amount: 9.45600
data_price_hour_rel_-12_amount: 8.94300
data_price_hour_abs_02_amount: 8.94300
data_price_hour_rel_-11_amount: 8.60600
data_price_hour_abs_03_amount: 8.60600
data_price_hour_rel_-10_amount: 9.05400
data_price_hour_abs_04_amount: 9.05400
data_price_hour_rel_-09_amount: 9.69900
data_price_hour_abs_05_amount: 9.69900
data_price_hour_rel_-08_amount: 12.55000
data_price_hour_abs_06_amount: 12.55000
data_price_hour_rel_-07_amount: 15.01600
data_price_hour_abs_07_amount: 15.01600
data_price_hour_rel_-06_amount: 15.28700
data_price_hour_abs_08_amount: 15.28700
data_price_hour_rel_-05_amount: 14.04900
data_price_hour_abs_09_amount: 14.04900
data_price_hour_rel_-04_amount: 13.00200
data_price_hour_abs_10_amount: 13.00200
data_price_hour_rel_-03_amount: 12.49900
data_price_hour_abs_11_amount: 12.49900
data_price_hour_rel_-02_amount: 11.73800
data_price_hour_abs_12_amount: 11.73800
data_price_hour_rel_-01_amount: 11.56200
data_price_hour_abs_13_amount: 11.56200
data_price_hour_rel_+00_amount: 12.44700
data_price_hour_abs_14_amount: 12.44700
data_price_hour_rel_+01_amount: 13.81300
data_price_hour_abs_15_amount: 13.81300
data_price_hour_rel_+02_amount: 14.75100
data_price_hour_abs_16_amount: 14.75100
data_price_hour_rel_+03_amount: 15.37300
data_price_hour_abs_17_amount: 15.37300
data_price_hour_rel_+04_amount: 15.46200
data_price_hour_abs_18_amount: 15.46200
data_price_hour_rel_+05_amount: 15.77100
data_price_hour_abs_19_amount: 15.77100
data_price_hour_rel_+06_amount: 13.70800
data_price_hour_abs_20_amount: 13.70800
data_price_hour_rel_+07_amount: 12.35500
data_price_hour_abs_21_amount: 12.35500
data_price_hour_rel_+08_amount: 12.00600
data_price_hour_abs_22_amount: 12.00600
data_price_hour_rel_+09_amount: 11.28000
data_price_hour_abs_23_amount: 11.28000