date_now: 2023-10-23 14:21:44
date_now_epoch: 1698063704148
date_now_day: 23
date_now_month: 10
date_now_year: 2023
date_start: 2023-10-23 00:00:00
date_end: 2023-10-23 23:59:59
price_low: 9.27600
price_high: 19.83900
price_median: 10.84900
price_average: 12.50242
price_current: 10.70000
price_unit: Cent/kWh
price_threshold_00: 9.27600
price_threshold_01: 9.87300
price_threshold_02: 9.94600
price_threshold_03: 10.00600
price_threshold_04: 10.01100
price_threshold_05: 10.12800
price_threshold_06: 10.22600
price_threshold_07: 10.32200
price_threshold_08: 10.40200
price_threshold_09: 10.54100
price_threshold_10: 10.70000
price_threshold_11: 10.79500
price_threshold_12: 10.90300
price_threshold_13: 12.73300
price_threshold_14: 12.80700
price_threshold_15: 12.87200
price_threshold_16: 13.86700
price_threshold_17: 14.29000
price_threshold_18: 15.16500
price_threshold_19: 15.49700
price_threshold_20: 15.59000
price_threshold_21: 16.51900
price_threshold_22: 17.75000
price_threshold_23: 19.83900
data_price_hour_rel_-14_amount: 9.94600
data_price_hour_abs_00_amount: 9.94600
data_price_hour_rel_-13_amount: 10.00600
data_price_hour_abs_01_amount: 10.00600
data_price_hour_rel_-12_amount: 10.12800
data_price_hour_abs_02_amount: 10.12800
data_price_hour_rel_-11_amount: 10.01100
data_price_hour_abs_03_amount: 10.01100
data_price_hour_rel_-10_amount: 9.87300
data_price_hour_abs_04_amount: 9.87300
data_price_hour_rel_-09_amount: 10.54100
data_price_hour_abs_05_amount: 10.54100
data_price_hour_rel_-08_amount: 14.29000
data_price_hour_abs_06_amount: 14.29000
data_price_hour_rel_-07_amount: 17.75000
data_price_hour_abs_07_amount: 17.75000
data_price_hour_rel_-06_amount: 19.83900
data_price_hour_abs_08_amount: 19.83900
data_price_hour_rel_-05_amount: 15.16500
data_price_hour_abs_09_amount: 15.16500
data_price_hour_rel_-04_amount: 12.80700
data_price_hour_abs_10_amount: 12.80700
data_price_hour_rel_-03_amount: 10.90300
data_price_hour_abs_11_amount: 10.90300
data_price_hour_rel_-02_amount: 10.22600
data_price_hour_abs_12_amount: 10.22600
data_price_hour_rel_-01_amount: 10.32200
data_price_hour_abs_13_amount: 10.32200
data_price_hour_rel_+00_amount: 10.70000
data_price_hour_abs_14_amount: 10.70000
data_price_hour_rel_+01_amount: 12.87200
data_price_hour_abs_15_amount: 12.87200
data_price_hour_rel_+02_amount: 13.86700
data_price_hour_abs_16_amount: 13.86700
data_price_hour_rel_+03_amount: 15.49700
data_price_hour_abs_17_amount: 15.49700
data_price_hour_rel_+04_amount: 16.51900
data_price_hour_abs_18_amount: 16.51900
data_price_hour_rel_+05_amount: 15.59000
data_price_hour_abs_19_amount: 15.59000
data_price_hour_rel_+06_amount: 12.73300
data_price_hour_abs_20_amount: 12.73300
data_price_hour_rel_+07_amount: 10.40200
data_price_hour_abs_21_amount: 10.40200
data_price_hour_rel_+08_amount: 10.79500
data_price_hour_abs_22_amount: 10.79500
data_price_hour_rel_+09_amount: 9.27600
data_price_hour_abs_23_amount: 9.27600