date_now: 2023-11-05 13:19:20
date_now_epoch: 1699186760936
date_now_day: 5
date_now_month: 11
date_now_year: 2023
date_start: 2023-11-05 00:00:00
date_end: 2023-11-05 23:59:59
price_low: 0.29800
price_high: 7.49500
price_median: 2.24350
price_average: 2.99113
price_current: 2.97000
price_unit: Cent/kWh
price_threshold_00: 0.29800
price_threshold_01: 0.42400
price_threshold_02: 0.51800
price_threshold_03: 0.57100
price_threshold_04: 0.65900
price_threshold_05: 0.72900
price_threshold_06: 0.79900
price_threshold_07: 0.87100
price_threshold_08: 1.12900
price_threshold_09: 1.55800
price_threshold_10: 1.58400
price_threshold_11: 2.08500
price_threshold_12: 2.40200
price_threshold_13: 2.97000
price_threshold_14: 3.81500
price_threshold_15: 4.42800
price_threshold_16: 4.64800
price_threshold_17: 4.74700
price_threshold_18: 4.84600
price_threshold_19: 5.71800
price_threshold_20: 5.91700
price_threshold_21: 6.30900
price_threshold_22: 7.26700
price_threshold_23: 7.49500
data_price_hour_rel_-13_amount: 0.87100
data_price_hour_abs_00_amount: 0.87100
data_price_hour_rel_-12_amount: 0.65900
data_price_hour_abs_01_amount: 0.65900
data_price_hour_rel_-11_amount: 0.51800
data_price_hour_abs_02_amount: 0.51800
data_price_hour_rel_-10_amount: 0.29800
data_price_hour_abs_03_amount: 0.29800
data_price_hour_rel_-09_amount: 0.42400
data_price_hour_abs_04_amount: 0.42400
data_price_hour_rel_-08_amount: 0.79900
data_price_hour_abs_05_amount: 0.79900
data_price_hour_rel_-07_amount: 0.72900
data_price_hour_abs_06_amount: 0.72900
data_price_hour_rel_-06_amount: 1.12900
data_price_hour_abs_07_amount: 1.12900
data_price_hour_rel_-05_amount: 1.55800
data_price_hour_abs_08_amount: 1.55800
data_price_hour_rel_-04_amount: 2.40200
data_price_hour_abs_09_amount: 2.40200
data_price_hour_rel_-03_amount: 4.74700
data_price_hour_abs_10_amount: 4.74700
data_price_hour_rel_-02_amount: 4.84600
data_price_hour_abs_11_amount: 4.84600
data_price_hour_rel_-01_amount: 4.42800
data_price_hour_abs_12_amount: 4.42800
data_price_hour_rel_+00_amount: 2.97000
data_price_hour_abs_13_amount: 2.97000
data_price_hour_rel_+01_amount: 3.81500
data_price_hour_abs_14_amount: 3.81500
data_price_hour_rel_+02_amount: 5.71800
data_price_hour_abs_15_amount: 5.71800
data_price_hour_rel_+03_amount: 6.30900
data_price_hour_abs_16_amount: 6.30900
data_price_hour_rel_+04_amount: 7.49500
data_price_hour_abs_17_amount: 7.49500
data_price_hour_rel_+05_amount: 7.26700
data_price_hour_abs_18_amount: 7.26700
data_price_hour_rel_+06_amount: 5.91700
data_price_hour_abs_19_amount: 5.91700
data_price_hour_rel_+07_amount: 4.64800
data_price_hour_abs_20_amount: 4.64800
data_price_hour_rel_+08_amount: 2.08500
data_price_hour_abs_21_amount: 2.08500
data_price_hour_rel_+09_amount: 1.58400
data_price_hour_abs_22_amount: 1.58400
data_price_hour_rel_+10_amount: 0.57100
data_price_hour_abs_23_amount: 0.57100