date_now: 2023-12-04 13:21:45
date_now_epoch: 1701692505998
date_now_day: 4
date_now_month: 12
date_now_year: 2023
date_start: 2023-12-04 00:00:00
date_end: 2023-12-04 23:59:59
price_low: 8.53800
price_high: 13.14200
price_median: 11.95150
price_average: 11.17579
price_current: 13.14200
price_unit: Cent/kWh
price_threshold_00: 8.53800
price_threshold_01: 8.58300
price_threshold_02: 8.80200
price_threshold_03: 8.98100
price_threshold_04: 9.17600
price_threshold_05: 9.20400
price_threshold_06: 9.38600
price_threshold_07: 10.00000
price_threshold_08: 10.41000
price_threshold_09: 10.55500
price_threshold_10: 11.44800
price_threshold_11: 11.80600
price_threshold_12: 12.09700
price_threshold_13: 12.22700
price_threshold_14: 12.31600
price_threshold_15: 12.46300
price_threshold_16: 12.48400
price_threshold_17: 12.61200
price_threshold_18: 12.64500
price_threshold_19: 12.69700
price_threshold_20: 12.77500
price_threshold_21: 12.80200
price_threshold_22: 13.07000
price_threshold_23: 13.14200
data_price_hour_rel_-13_amount: 9.38600
data_price_hour_abs_00_amount: 9.38600
data_price_hour_rel_-12_amount: 8.98100
data_price_hour_abs_01_amount: 8.98100
data_price_hour_rel_-11_amount: 8.80200
data_price_hour_abs_02_amount: 8.80200
data_price_hour_rel_-10_amount: 8.53800
data_price_hour_abs_03_amount: 8.53800
data_price_hour_rel_-09_amount: 8.58300
data_price_hour_abs_04_amount: 8.58300
data_price_hour_rel_-08_amount: 9.20400
data_price_hour_abs_05_amount: 9.20400
data_price_hour_rel_-07_amount: 10.41000
data_price_hour_abs_06_amount: 10.41000
data_price_hour_rel_-06_amount: 11.80600
data_price_hour_abs_07_amount: 11.80600
data_price_hour_rel_-05_amount: 12.31600
data_price_hour_abs_08_amount: 12.31600
data_price_hour_rel_-04_amount: 12.61200
data_price_hour_abs_09_amount: 12.61200
data_price_hour_rel_-03_amount: 12.80200
data_price_hour_abs_10_amount: 12.80200
data_price_hour_rel_-02_amount: 13.07000
data_price_hour_abs_11_amount: 13.07000
data_price_hour_rel_-01_amount: 12.64500
data_price_hour_abs_12_amount: 12.64500
data_price_hour_rel_+00_amount: 13.14200
data_price_hour_abs_13_amount: 13.14200
data_price_hour_rel_+01_amount: 12.69700
data_price_hour_abs_14_amount: 12.69700
data_price_hour_rel_+02_amount: 12.48400
data_price_hour_abs_15_amount: 12.48400
data_price_hour_rel_+03_amount: 12.22700
data_price_hour_abs_16_amount: 12.22700
data_price_hour_rel_+04_amount: 12.77500
data_price_hour_abs_17_amount: 12.77500
data_price_hour_rel_+05_amount: 12.46300
data_price_hour_abs_18_amount: 12.46300
data_price_hour_rel_+06_amount: 12.09700
data_price_hour_abs_19_amount: 12.09700
data_price_hour_rel_+07_amount: 11.44800
data_price_hour_abs_20_amount: 11.44800
data_price_hour_rel_+08_amount: 10.55500
data_price_hour_abs_21_amount: 10.55500
data_price_hour_rel_+09_amount: 10.00000
data_price_hour_abs_22_amount: 10.00000
data_price_hour_rel_+10_amount: 9.17600
data_price_hour_abs_23_amount: 9.17600