date_now: 2023-10-12 14:21:55
date_now_epoch: 1697113315069
date_now_day: 12
date_now_month: 10
date_now_year: 2023
date_start: 2023-10-12 00:00:00
date_end: 2023-10-12 23:59:59
price_low: 7.83100
price_high: 22.09900
price_median: 12.42200
price_average: 12.27092
price_current: 10.83800
price_unit: Cent/kWh
price_threshold_00: 7.83100
price_threshold_01: 8.29500
price_threshold_02: 8.37300
price_threshold_03: 8.78200
price_threshold_04: 8.90400
price_threshold_05: 10.26000
price_threshold_06: 10.42900
price_threshold_07: 10.83800
price_threshold_08: 10.98400
price_threshold_09: 11.10800
price_threshold_10: 12.00000
price_threshold_11: 12.35000
price_threshold_12: 12.49400
price_threshold_13: 12.57100
price_threshold_14: 12.65000
price_threshold_15: 12.93600
price_threshold_16: 13.09000
price_threshold_17: 13.28400
price_threshold_18: 13.76800
price_threshold_19: 14.50000
price_threshold_20: 14.83900
price_threshold_21: 15.12700
price_threshold_22: 16.99000
price_threshold_23: 22.09900
data_price_hour_rel_-14_amount: 7.83100
data_price_hour_abs_00_amount: 7.83100
data_price_hour_rel_-13_amount: 8.29500
data_price_hour_abs_01_amount: 8.29500
data_price_hour_rel_-12_amount: 8.37300
data_price_hour_abs_02_amount: 8.37300
data_price_hour_rel_-11_amount: 8.78200
data_price_hour_abs_03_amount: 8.78200
data_price_hour_rel_-10_amount: 8.90400
data_price_hour_abs_04_amount: 8.90400
data_price_hour_rel_-09_amount: 10.26000
data_price_hour_abs_05_amount: 10.26000
data_price_hour_rel_-08_amount: 12.65000
data_price_hour_abs_06_amount: 12.65000
data_price_hour_rel_-07_amount: 13.28400
data_price_hour_abs_07_amount: 13.28400
data_price_hour_rel_-06_amount: 14.83900
data_price_hour_abs_08_amount: 14.83900
data_price_hour_rel_-05_amount: 13.76800
data_price_hour_abs_09_amount: 13.76800
data_price_hour_rel_-04_amount: 13.09000
data_price_hour_abs_10_amount: 13.09000
data_price_hour_rel_-03_amount: 12.49400
data_price_hour_abs_11_amount: 12.49400
data_price_hour_rel_-02_amount: 11.10800
data_price_hour_abs_12_amount: 11.10800
data_price_hour_rel_-01_amount: 10.42900
data_price_hour_abs_13_amount: 10.42900
data_price_hour_rel_+00_amount: 10.83800
data_price_hour_abs_14_amount: 10.83800
data_price_hour_rel_+01_amount: 12.00000
data_price_hour_abs_15_amount: 12.00000
data_price_hour_rel_+02_amount: 12.57100
data_price_hour_abs_16_amount: 12.57100
data_price_hour_rel_+03_amount: 14.50000
data_price_hour_abs_17_amount: 14.50000
data_price_hour_rel_+04_amount: 16.99000
data_price_hour_abs_18_amount: 16.99000
data_price_hour_rel_+05_amount: 22.09900
data_price_hour_abs_19_amount: 22.09900
data_price_hour_rel_+06_amount: 15.12700
data_price_hour_abs_20_amount: 15.12700
data_price_hour_rel_+07_amount: 12.93600
data_price_hour_abs_21_amount: 12.93600
data_price_hour_rel_+08_amount: 12.35000
data_price_hour_abs_22_amount: 12.35000
data_price_hour_rel_+09_amount: 10.98400
data_price_hour_abs_23_amount: 10.98400