date_now: 2023-10-09 14:23:30
date_now_epoch: 1696854210536
date_now_day: 9
date_now_month: 10
date_now_year: 2023
date_start: 2023-10-09 00:00:00
date_end: 2023-10-09 23:59:59
price_low: 7.50000
price_high: 22.17000
price_median: 11.07500
price_average: 11.60108
price_current: 10.55000
price_unit: Cent/kWh
price_threshold_00: 7.50000
price_threshold_01: 7.74000
price_threshold_02: 7.90500
price_threshold_03: 8.24400
price_threshold_04: 8.74500
price_threshold_05: 9.11100
price_threshold_06: 9.67000
price_threshold_07: 9.89900
price_threshold_08: 10.06000
price_threshold_09: 10.53600
price_threshold_10: 10.55000
price_threshold_11: 10.99100
price_threshold_12: 11.15900
price_threshold_13: 11.18000
price_threshold_14: 11.27000
price_threshold_15: 11.30200
price_threshold_16: 12.00000
price_threshold_17: 12.14300
price_threshold_18: 12.67200
price_threshold_19: 12.93200
price_threshold_20: 13.27500
price_threshold_21: 18.45000
price_threshold_22: 18.92200
price_threshold_23: 22.17000
data_price_hour_rel_-14_amount: 9.11100
data_price_hour_abs_00_amount: 9.11100
data_price_hour_rel_-13_amount: 8.74500
data_price_hour_abs_01_amount: 8.74500
data_price_hour_rel_-12_amount: 8.24400
data_price_hour_abs_02_amount: 8.24400
data_price_hour_rel_-11_amount: 7.74000
data_price_hour_abs_03_amount: 7.74000
data_price_hour_rel_-10_amount: 7.50000
data_price_hour_abs_04_amount: 7.50000
data_price_hour_rel_-09_amount: 7.90500
data_price_hour_abs_05_amount: 7.90500
data_price_hour_rel_-08_amount: 9.67000
data_price_hour_abs_06_amount: 9.67000
data_price_hour_rel_-07_amount: 11.18000
data_price_hour_abs_07_amount: 11.18000
data_price_hour_rel_-06_amount: 12.67200
data_price_hour_abs_08_amount: 12.67200
data_price_hour_rel_-05_amount: 12.14300
data_price_hour_abs_09_amount: 12.14300
data_price_hour_rel_-04_amount: 11.15900
data_price_hour_abs_10_amount: 11.15900
data_price_hour_rel_-03_amount: 10.53600
data_price_hour_abs_11_amount: 10.53600
data_price_hour_rel_-02_amount: 9.89900
data_price_hour_abs_12_amount: 9.89900
data_price_hour_rel_-01_amount: 10.06000
data_price_hour_abs_13_amount: 10.06000
data_price_hour_rel_+00_amount: 10.55000
data_price_hour_abs_14_amount: 10.55000
data_price_hour_rel_+01_amount: 10.99100
data_price_hour_abs_15_amount: 10.99100
data_price_hour_rel_+02_amount: 11.30200
data_price_hour_abs_16_amount: 11.30200
data_price_hour_rel_+03_amount: 12.93200
data_price_hour_abs_17_amount: 12.93200
data_price_hour_rel_+04_amount: 18.92200
data_price_hour_abs_18_amount: 18.92200
data_price_hour_rel_+05_amount: 22.17000
data_price_hour_abs_19_amount: 22.17000
data_price_hour_rel_+06_amount: 18.45000
data_price_hour_abs_20_amount: 18.45000
data_price_hour_rel_+07_amount: 13.27500
data_price_hour_abs_21_amount: 13.27500
data_price_hour_rel_+08_amount: 12.00000
data_price_hour_abs_22_amount: 12.00000
data_price_hour_rel_+09_amount: 11.27000
data_price_hour_abs_23_amount: 11.27000