date_now: 2023-12-19 13:21:12
date_now_epoch: 1702988472816
date_now_day: 19
date_now_month: 12
date_now_year: 2023
date_start: 2023-12-19 00:00:00
date_end: 2023-12-19 23:59:59
price_low: 4.50600
price_high: 10.01000
price_median: 7.97000
price_average: 7.62896
price_current: 7.47300
price_unit: Cent/kWh
price_threshold_00: 4.50600
price_threshold_01: 4.64900
price_threshold_02: 4.72900
price_threshold_03: 5.57200
price_threshold_04: 5.89500
price_threshold_05: 5.98300
price_threshold_06: 6.50100
price_threshold_07: 7.47300
price_threshold_08: 7.56800
price_threshold_09: 7.65000
price_threshold_10: 7.94800
price_threshold_11: 7.96900
price_threshold_12: 7.97100
price_threshold_13: 8.06600
price_threshold_14: 8.44200
price_threshold_15: 8.50200
price_threshold_16: 8.61000
price_threshold_17: 8.82100
price_threshold_18: 9.08000
price_threshold_19: 9.17400
price_threshold_20: 9.18100
price_threshold_21: 9.36700
price_threshold_22: 9.42800
price_threshold_23: 10.01000
data_price_hour_rel_-13_amount: 4.72900
data_price_hour_abs_00_amount: 4.72900
data_price_hour_rel_-12_amount: 4.64900
data_price_hour_abs_01_amount: 4.64900
data_price_hour_rel_-11_amount: 4.50600
data_price_hour_abs_02_amount: 4.50600
data_price_hour_rel_-10_amount: 5.57200
data_price_hour_abs_03_amount: 5.57200
data_price_hour_rel_-09_amount: 5.89500
data_price_hour_abs_04_amount: 5.89500
data_price_hour_rel_-08_amount: 6.50100
data_price_hour_abs_05_amount: 6.50100
data_price_hour_rel_-07_amount: 7.96900
data_price_hour_abs_06_amount: 7.96900
data_price_hour_rel_-06_amount: 9.36700
data_price_hour_abs_07_amount: 9.36700
data_price_hour_rel_-05_amount: 10.01000
data_price_hour_abs_08_amount: 10.01000
data_price_hour_rel_-04_amount: 9.42800
data_price_hour_abs_09_amount: 9.42800
data_price_hour_rel_-03_amount: 8.61000
data_price_hour_abs_10_amount: 8.61000
data_price_hour_rel_-02_amount: 7.97100
data_price_hour_abs_11_amount: 7.97100
data_price_hour_rel_-01_amount: 7.65000
data_price_hour_abs_12_amount: 7.65000
data_price_hour_rel_+00_amount: 7.47300
data_price_hour_abs_13_amount: 7.47300
data_price_hour_rel_+01_amount: 8.06600
data_price_hour_abs_14_amount: 8.06600
data_price_hour_rel_+02_amount: 8.44200
data_price_hour_abs_15_amount: 8.44200
data_price_hour_rel_+03_amount: 8.82100
data_price_hour_abs_16_amount: 8.82100
data_price_hour_rel_+04_amount: 9.18100
data_price_hour_abs_17_amount: 9.18100
data_price_hour_rel_+05_amount: 9.17400
data_price_hour_abs_18_amount: 9.17400
data_price_hour_rel_+06_amount: 9.08000
data_price_hour_abs_19_amount: 9.08000
data_price_hour_rel_+07_amount: 8.50200
data_price_hour_abs_20_amount: 8.50200
data_price_hour_rel_+08_amount: 7.94800
data_price_hour_abs_21_amount: 7.94800
data_price_hour_rel_+09_amount: 7.56800
data_price_hour_abs_22_amount: 7.56800
data_price_hour_rel_+10_amount: 5.98300
data_price_hour_abs_23_amount: 5.98300