date_now: 2023-12-31 13:19:54
date_now_epoch: 1704025194863
date_now_day: 31
date_now_month: 12
date_now_year: 2023
date_start: 2023-12-31 00:00:00
date_end: 2023-12-31 23:59:59
price_low: -0.00300
price_high: 3.65400
price_median: 0.89900
price_average: 0.99029
price_current: 0.57500
price_unit: Cent/kWh
price_threshold_00: -0.00300
price_threshold_01: 0.03100
price_threshold_02: 0.03600
price_threshold_03: 0.05800
price_threshold_04: 0.12800
price_threshold_05: 0.24400
price_threshold_06: 0.29800
price_threshold_07: 0.40000
price_threshold_08: 0.57500
price_threshold_09: 0.60000
price_threshold_10: 0.79500
price_threshold_11: 0.89800
price_threshold_12: 0.90000
price_threshold_13: 0.91000
price_threshold_14: 1.05100
price_threshold_15: 1.06800
price_threshold_16: 1.07300
price_threshold_17: 1.29500
price_threshold_18: 1.32700
price_threshold_19: 1.40000
price_threshold_20: 2.09000
price_threshold_21: 2.33900
price_threshold_22: 2.60000
price_threshold_23: 3.65400
data_price_hour_rel_-13_amount: 3.65400
data_price_hour_abs_00_amount: 3.65400
data_price_hour_rel_-12_amount: 1.32700
data_price_hour_abs_01_amount: 1.32700
data_price_hour_rel_-11_amount: 0.40000
data_price_hour_abs_02_amount: 0.40000
data_price_hour_rel_-10_amount: 0.03100
data_price_hour_abs_03_amount: 0.03100
data_price_hour_rel_-09_amount: 0.05800
data_price_hour_abs_04_amount: 0.05800
data_price_hour_rel_-08_amount: 0.12800
data_price_hour_abs_05_amount: 0.12800
data_price_hour_rel_-07_amount: 0.03600
data_price_hour_abs_06_amount: 0.03600
data_price_hour_rel_-06_amount: -0.00300
data_price_hour_abs_07_amount: -0.00300
data_price_hour_rel_-05_amount: 0.29800
data_price_hour_abs_08_amount: 0.29800
data_price_hour_rel_-04_amount: 0.91000
data_price_hour_abs_09_amount: 0.91000
data_price_hour_rel_-03_amount: 1.40000
data_price_hour_abs_10_amount: 1.40000
data_price_hour_rel_-02_amount: 1.05100
data_price_hour_abs_11_amount: 1.05100
data_price_hour_rel_-01_amount: 1.07300
data_price_hour_abs_12_amount: 1.07300
data_price_hour_rel_+00_amount: 0.57500
data_price_hour_abs_13_amount: 0.57500
data_price_hour_rel_+01_amount: 0.89800
data_price_hour_abs_14_amount: 0.89800
data_price_hour_rel_+02_amount: 1.29500
data_price_hour_abs_15_amount: 1.29500
data_price_hour_rel_+03_amount: 2.09000
data_price_hour_abs_16_amount: 2.09000
data_price_hour_rel_+04_amount: 2.60000
data_price_hour_abs_17_amount: 2.60000
data_price_hour_rel_+05_amount: 2.33900
data_price_hour_abs_18_amount: 2.33900
data_price_hour_rel_+06_amount: 0.90000
data_price_hour_abs_19_amount: 0.90000
data_price_hour_rel_+07_amount: 0.79500
data_price_hour_abs_20_amount: 0.79500
data_price_hour_rel_+08_amount: 0.60000
data_price_hour_abs_21_amount: 0.60000
data_price_hour_rel_+09_amount: 1.06800
data_price_hour_abs_22_amount: 1.06800
data_price_hour_rel_+10_amount: 0.24400
data_price_hour_abs_23_amount: 0.24400