date_now: 2023-10-13 14:21:57
date_now_epoch: 1697199717758
date_now_day: 13
date_now_month: 10
date_now_year: 2023
date_start: 2023-10-13 00:00:00
date_end: 2023-10-13 23:59:59
price_low: -0.08100
price_high: 14.52500
price_median: 7.52650
price_average: 6.84063
price_current: 0.43100
price_unit: Cent/kWh
price_threshold_00: -0.08100
price_threshold_01: 0.02000
price_threshold_02: 0.42400
price_threshold_03: 0.43100
price_threshold_04: 0.50500
price_threshold_05: 0.73000
price_threshold_06: 1.00000
price_threshold_07: 1.59400
price_threshold_08: 3.44500
price_threshold_09: 4.64800
price_threshold_10: 7.20200
price_threshold_11: 7.42300
price_threshold_12: 7.63000
price_threshold_13: 9.52500
price_threshold_14: 9.90000
price_threshold_15: 10.00800
price_threshold_16: 10.14000
price_threshold_17: 10.71400
price_threshold_18: 11.50000
price_threshold_19: 12.39900
price_threshold_20: 12.94300
price_threshold_21: 13.20500
price_threshold_22: 14.34500
price_threshold_23: 14.52500
data_price_hour_rel_-14_amount: 12.39900
data_price_hour_abs_00_amount: 12.39900
data_price_hour_rel_-13_amount: 11.50000
data_price_hour_abs_01_amount: 11.50000
data_price_hour_rel_-12_amount: 10.71400
data_price_hour_abs_02_amount: 10.71400
data_price_hour_rel_-11_amount: 10.14000
data_price_hour_abs_03_amount: 10.14000
data_price_hour_rel_-10_amount: 10.00800
data_price_hour_abs_04_amount: 10.00800
data_price_hour_rel_-09_amount: 9.52500
data_price_hour_abs_05_amount: 9.52500
data_price_hour_rel_-08_amount: 12.94300
data_price_hour_abs_06_amount: 12.94300
data_price_hour_rel_-07_amount: 14.34500
data_price_hour_abs_07_amount: 14.34500
data_price_hour_rel_-06_amount: 14.52500
data_price_hour_abs_08_amount: 14.52500
data_price_hour_rel_-05_amount: 13.20500
data_price_hour_abs_09_amount: 13.20500
data_price_hour_rel_-04_amount: 9.90000
data_price_hour_abs_10_amount: 9.90000
data_price_hour_rel_-03_amount: 7.20200
data_price_hour_abs_11_amount: 7.20200
data_price_hour_rel_-02_amount: 3.44500
data_price_hour_abs_12_amount: 3.44500
data_price_hour_rel_-01_amount: 0.73000
data_price_hour_abs_13_amount: 0.73000
data_price_hour_rel_+00_amount: 0.43100
data_price_hour_abs_14_amount: 0.43100
data_price_hour_rel_+01_amount: 0.42400
data_price_hour_abs_15_amount: 0.42400
data_price_hour_rel_+02_amount: 1.00000
data_price_hour_abs_16_amount: 1.00000
data_price_hour_rel_+03_amount: 4.64800
data_price_hour_abs_17_amount: 4.64800
data_price_hour_rel_+04_amount: 7.42300
data_price_hour_abs_18_amount: 7.42300
data_price_hour_rel_+05_amount: 7.63000
data_price_hour_abs_19_amount: 7.63000
data_price_hour_rel_+06_amount: 1.59400
data_price_hour_abs_20_amount: 1.59400
data_price_hour_rel_+07_amount: 0.50500
data_price_hour_abs_21_amount: 0.50500
data_price_hour_rel_+08_amount: 0.02000
data_price_hour_abs_22_amount: 0.02000
data_price_hour_rel_+09_amount: -0.08100
data_price_hour_abs_23_amount: -0.08100