date_now: 2023-11-30 13:22:01
date_now_epoch: 1701346921283
date_now_day: 30
date_now_month: 11
date_now_year: 2023
date_start: 2023-11-30 00:00:00
date_end: 2023-11-30 23:59:59
price_low: 10.00000
price_high: 26.10000
price_median: 17.89500
price_average: 16.87579
price_current: 18.98100
price_unit: Cent/kWh
price_threshold_00: 10.00000
price_threshold_01: 10.16300
price_threshold_02: 10.22000
price_threshold_03: 10.45200
price_threshold_04: 10.47900
price_threshold_05: 10.63000
price_threshold_06: 11.37900
price_threshold_07: 12.47200
price_threshold_08: 12.94100
price_threshold_09: 13.27200
price_threshold_10: 15.39300
price_threshold_11: 16.80900
price_threshold_12: 18.98100
price_threshold_13: 19.44900
price_threshold_14: 19.50000
price_threshold_15: 19.50000
price_threshold_16: 19.52100
price_threshold_17: 21.92700
price_threshold_18: 22.25000
price_threshold_19: 22.33400
price_threshold_20: 22.60000
price_threshold_21: 23.71300
price_threshold_22: 24.93400
price_threshold_23: 26.10000
data_price_hour_rel_-13_amount: 10.47900
data_price_hour_abs_00_amount: 10.47900
data_price_hour_rel_-12_amount: 10.45200
data_price_hour_abs_01_amount: 10.45200
data_price_hour_rel_-11_amount: 10.22000
data_price_hour_abs_02_amount: 10.22000
data_price_hour_rel_-10_amount: 10.00000
data_price_hour_abs_03_amount: 10.00000
data_price_hour_rel_-09_amount: 10.16300
data_price_hour_abs_04_amount: 10.16300
data_price_hour_rel_-08_amount: 10.63000
data_price_hour_abs_05_amount: 10.63000
data_price_hour_rel_-07_amount: 12.94100
data_price_hour_abs_06_amount: 12.94100
data_price_hour_rel_-06_amount: 16.80900
data_price_hour_abs_07_amount: 16.80900
data_price_hour_rel_-05_amount: 21.92700
data_price_hour_abs_08_amount: 21.92700
data_price_hour_rel_-04_amount: 23.71300
data_price_hour_abs_09_amount: 23.71300
data_price_hour_rel_-03_amount: 22.25000
data_price_hour_abs_10_amount: 22.25000
data_price_hour_rel_-02_amount: 22.33400
data_price_hour_abs_11_amount: 22.33400
data_price_hour_rel_-01_amount: 19.52100
data_price_hour_abs_12_amount: 19.52100
data_price_hour_rel_+00_amount: 18.98100
data_price_hour_abs_13_amount: 18.98100
data_price_hour_rel_+01_amount: 19.50000
data_price_hour_abs_14_amount: 19.50000
data_price_hour_rel_+02_amount: 19.50000
data_price_hour_abs_15_amount: 19.50000
data_price_hour_rel_+03_amount: 22.60000
data_price_hour_abs_16_amount: 22.60000
data_price_hour_rel_+04_amount: 26.10000
data_price_hour_abs_17_amount: 26.10000
data_price_hour_rel_+05_amount: 24.93400
data_price_hour_abs_18_amount: 24.93400
data_price_hour_rel_+06_amount: 19.44900
data_price_hour_abs_19_amount: 19.44900
data_price_hour_rel_+07_amount: 15.39300
data_price_hour_abs_20_amount: 15.39300
data_price_hour_rel_+08_amount: 13.27200
data_price_hour_abs_21_amount: 13.27200
data_price_hour_rel_+09_amount: 12.47200
data_price_hour_abs_22_amount: 12.47200
data_price_hour_rel_+10_amount: 11.37900
data_price_hour_abs_23_amount: 11.37900