date_now: 2023-11-06 13:22:37
date_now_epoch: 1699273357664
date_now_day: 6
date_now_month: 11
date_now_year: 2023
date_start: 2023-11-06 00:00:00
date_end: 2023-11-06 23:59:59
price_low: 0.00300
price_high: 15.09400
price_median: 7.76100
price_average: 7.20417
price_current: 6.69800
price_unit: Cent/kWh
price_threshold_00: 0.00300
price_threshold_01: 0.01100
price_threshold_02: 0.01400
price_threshold_03: 0.27600
price_threshold_04: 0.43000
price_threshold_05: 1.69300
price_threshold_06: 5.62900
price_threshold_07: 5.80500
price_threshold_08: 6.01400
price_threshold_09: 6.69800
price_threshold_10: 7.25700
price_threshold_11: 7.49300
price_threshold_12: 8.02900
price_threshold_13: 8.77400
price_threshold_14: 9.55600
price_threshold_15: 9.59300
price_threshold_16: 9.90800
price_threshold_17: 10.00800
price_threshold_18: 10.56700
price_threshold_19: 11.11200
price_threshold_20: 11.21700
price_threshold_21: 13.76700
price_threshold_22: 13.95200
price_threshold_23: 15.09400
data_price_hour_rel_-13_amount: 0.27600
data_price_hour_abs_00_amount: 0.27600
data_price_hour_rel_-12_amount: 0.01100
data_price_hour_abs_01_amount: 0.01100
data_price_hour_rel_-11_amount: 0.00300
data_price_hour_abs_02_amount: 0.00300
data_price_hour_rel_-10_amount: 0.01400
data_price_hour_abs_03_amount: 0.01400
data_price_hour_rel_-09_amount: 0.43000
data_price_hour_abs_04_amount: 0.43000
data_price_hour_rel_-08_amount: 1.69300
data_price_hour_abs_05_amount: 1.69300
data_price_hour_rel_-07_amount: 7.25700
data_price_hour_abs_06_amount: 7.25700
data_price_hour_rel_-06_amount: 9.55600
data_price_hour_abs_07_amount: 9.55600
data_price_hour_rel_-05_amount: 9.59300
data_price_hour_abs_08_amount: 9.59300
data_price_hour_rel_-04_amount: 7.49300
data_price_hour_abs_09_amount: 7.49300
data_price_hour_rel_-03_amount: 6.01400
data_price_hour_abs_10_amount: 6.01400
data_price_hour_rel_-02_amount: 5.62900
data_price_hour_abs_11_amount: 5.62900
data_price_hour_rel_-01_amount: 5.80500
data_price_hour_abs_12_amount: 5.80500
data_price_hour_rel_+00_amount: 6.69800
data_price_hour_abs_13_amount: 6.69800
data_price_hour_rel_+01_amount: 8.02900
data_price_hour_abs_14_amount: 8.02900
data_price_hour_rel_+02_amount: 10.00800
data_price_hour_abs_15_amount: 10.00800
data_price_hour_rel_+03_amount: 11.21700
data_price_hour_abs_16_amount: 11.21700
data_price_hour_rel_+04_amount: 13.76700
data_price_hour_abs_17_amount: 13.76700
data_price_hour_rel_+05_amount: 15.09400
data_price_hour_abs_18_amount: 15.09400
data_price_hour_rel_+06_amount: 13.95200
data_price_hour_abs_19_amount: 13.95200
data_price_hour_rel_+07_amount: 11.11200
data_price_hour_abs_20_amount: 11.11200
data_price_hour_rel_+08_amount: 10.56700
data_price_hour_abs_21_amount: 10.56700
data_price_hour_rel_+09_amount: 9.90800
data_price_hour_abs_22_amount: 9.90800
data_price_hour_rel_+10_amount: 8.77400
data_price_hour_abs_23_amount: 8.77400