date_now: 2024-10-20 14:27:24
date_now_epoch: 1729427244386
date_now_day: 20
date_now_month: 10
date_now_year: 2024
date_start: 2024-10-20 00:00:00
date_end: 2024-10-20 23:59:59
price_low: -0.20100
price_high: 7.53200
price_median: 4.54150
price_average: 3.55142
price_current: -0.20100
price_unit: Cent/kWh
price_threshold_00: -0.20100
price_threshold_01: -0.09800
price_threshold_02: 0.00000
price_threshold_03: 0.00000
price_threshold_04: 0.00800
price_threshold_05: 0.19300
price_threshold_06: 0.51000
price_threshold_07: 0.63700
price_threshold_08: 1.21500
price_threshold_09: 2.09500
price_threshold_10: 3.43500
price_threshold_11: 4.50800
price_threshold_12: 4.57500
price_threshold_13: 5.49000
price_threshold_14: 5.55700
price_threshold_15: 5.72300
price_threshold_16: 5.76900
price_threshold_17: 5.98200
price_threshold_18: 6.07000
price_threshold_19: 6.29200
price_threshold_20: 6.42300
price_threshold_21: 6.69100
price_threshold_22: 6.82800
price_threshold_23: 7.53200
data_price_hour_rel_-14_amount: 5.55700
data_price_hour_abs_00_amount: 5.55700
data_price_hour_rel_-13_amount: 5.49000
data_price_hour_abs_01_amount: 5.49000
data_price_hour_rel_-12_amount: 5.72300
data_price_hour_abs_02_amount: 5.72300
data_price_hour_rel_-11_amount: 5.98200
data_price_hour_abs_03_amount: 5.98200
data_price_hour_rel_-10_amount: 6.29200
data_price_hour_abs_04_amount: 6.29200
data_price_hour_rel_-09_amount: 6.69100
data_price_hour_abs_05_amount: 6.69100
data_price_hour_rel_-08_amount: 6.42300
data_price_hour_abs_06_amount: 6.42300
data_price_hour_rel_-07_amount: 7.53200
data_price_hour_abs_07_amount: 7.53200
data_price_hour_rel_-06_amount: 6.82800
data_price_hour_abs_08_amount: 6.82800
data_price_hour_rel_-05_amount: 4.57500
data_price_hour_abs_09_amount: 4.57500
data_price_hour_rel_-04_amount: 0.63700
data_price_hour_abs_10_amount: 0.63700
data_price_hour_rel_-03_amount: 0.00800
data_price_hour_abs_11_amount: 0.00800
data_price_hour_rel_-02_amount: 0.00000
data_price_hour_abs_12_amount: 0.00000
data_price_hour_rel_-01_amount: -0.09800
data_price_hour_abs_13_amount: -0.09800
data_price_hour_rel_+00_amount: -0.20100
data_price_hour_abs_14_amount: -0.20100
data_price_hour_rel_+01_amount: 0.00000
data_price_hour_abs_15_amount: 0.00000
data_price_hour_rel_+02_amount: 0.51000
data_price_hour_abs_16_amount: 0.51000
data_price_hour_rel_+03_amount: 5.76900
data_price_hour_abs_17_amount: 5.76900
data_price_hour_rel_+04_amount: 6.07000
data_price_hour_abs_18_amount: 6.07000
data_price_hour_rel_+05_amount: 4.50800
data_price_hour_abs_19_amount: 4.50800
data_price_hour_rel_+06_amount: 3.43500
data_price_hour_abs_20_amount: 3.43500
data_price_hour_rel_+07_amount: 2.09500
data_price_hour_abs_21_amount: 2.09500
data_price_hour_rel_+08_amount: 1.21500
data_price_hour_abs_22_amount: 1.21500
data_price_hour_rel_+09_amount: 0.19300
data_price_hour_abs_23_amount: 0.19300