date_now: 2024-01-08 13:22:16
date_now_epoch: 1704716536853
date_now_day: 8
date_now_month: 1
date_now_year: 2024
date_start: 2024-01-08 00:00:00
date_end: 2024-01-08 23:59:59
price_low: 7.84800
price_high: 13.00100
price_median: 10.14150
price_average: 10.22296
price_current: 9.26000
price_unit: Cent/kWh
price_threshold_00: 7.84800
price_threshold_01: 7.91100
price_threshold_02: 8.18200
price_threshold_03: 8.21000
price_threshold_04: 8.43200
price_threshold_05: 8.70200
price_threshold_06: 9.14900
price_threshold_07: 9.26000
price_threshold_08: 9.43000
price_threshold_09: 9.55000
price_threshold_10: 9.99800
price_threshold_11: 10.00000
price_threshold_12: 10.28300
price_threshold_13: 10.30000
price_threshold_14: 10.79800
price_threshold_15: 11.06000
price_threshold_16: 11.11000
price_threshold_17: 11.42100
price_threshold_18: 11.68700
price_threshold_19: 11.78300
price_threshold_20: 12.11100
price_threshold_21: 12.21200
price_threshold_22: 12.91300
price_threshold_23: 13.00100
data_price_hour_rel_-13_amount: 8.70200
data_price_hour_abs_00_amount: 8.70200
data_price_hour_rel_-12_amount: 8.43200
data_price_hour_abs_01_amount: 8.43200
data_price_hour_rel_-11_amount: 8.18200
data_price_hour_abs_02_amount: 8.18200
data_price_hour_rel_-10_amount: 7.91100
data_price_hour_abs_03_amount: 7.91100
data_price_hour_rel_-09_amount: 7.84800
data_price_hour_abs_04_amount: 7.84800
data_price_hour_rel_-08_amount: 8.21000
data_price_hour_abs_05_amount: 8.21000
data_price_hour_rel_-07_amount: 9.43000
data_price_hour_abs_06_amount: 9.43000
data_price_hour_rel_-06_amount: 11.11000
data_price_hour_abs_07_amount: 11.11000
data_price_hour_rel_-05_amount: 12.11100
data_price_hour_abs_08_amount: 12.11100
data_price_hour_rel_-04_amount: 11.78300
data_price_hour_abs_09_amount: 11.78300
data_price_hour_rel_-03_amount: 11.06000
data_price_hour_abs_10_amount: 11.06000
data_price_hour_rel_-02_amount: 10.30000
data_price_hour_abs_11_amount: 10.30000
data_price_hour_rel_-01_amount: 9.55000
data_price_hour_abs_12_amount: 9.55000
data_price_hour_rel_+00_amount: 9.26000
data_price_hour_abs_13_amount: 9.26000
data_price_hour_rel_+01_amount: 10.00000
data_price_hour_abs_14_amount: 10.00000
data_price_hour_rel_+02_amount: 10.79800
data_price_hour_abs_15_amount: 10.79800
data_price_hour_rel_+03_amount: 11.68700
data_price_hour_abs_16_amount: 11.68700
data_price_hour_rel_+04_amount: 12.91300
data_price_hour_abs_17_amount: 12.91300
data_price_hour_rel_+05_amount: 13.00100
data_price_hour_abs_18_amount: 13.00100
data_price_hour_rel_+06_amount: 12.21200
data_price_hour_abs_19_amount: 12.21200
data_price_hour_rel_+07_amount: 11.42100
data_price_hour_abs_20_amount: 11.42100
data_price_hour_rel_+08_amount: 10.28300
data_price_hour_abs_21_amount: 10.28300
data_price_hour_rel_+09_amount: 9.99800
data_price_hour_abs_22_amount: 9.99800
data_price_hour_rel_+10_amount: 9.14900
data_price_hour_abs_23_amount: 9.14900