date_now: 2024-12-07 13:28:05
date_now_epoch: 1733574485132
date_now_day: 7
date_now_month: 12
date_now_year: 2024
date_start: 2024-12-07 00:00:00
date_end: 2024-12-07 23:59:59
price_low: 3.94600
price_high: 9.64500
price_median: 7.35400
price_average: 7.15083
price_current: 7.28400
price_unit: Cent/kWh
price_threshold_00: 3.94600
price_threshold_01: 4.32800
price_threshold_02: 5.01600
price_threshold_03: 5.80600
price_threshold_04: 5.80900
price_threshold_05: 6.28600
price_threshold_06: 6.38700
price_threshold_07: 6.49200
price_threshold_08: 6.49200
price_threshold_09: 6.80000
price_threshold_10: 6.80000
price_threshold_11: 7.28400
price_threshold_12: 7.42400
price_threshold_13: 7.43200
price_threshold_14: 7.48000
price_threshold_15: 7.89200
price_threshold_16: 8.24100
price_threshold_17: 8.25000
price_threshold_18: 8.25000
price_threshold_19: 8.50300
price_threshold_20: 8.66500
price_threshold_21: 8.79200
price_threshold_22: 9.60000
price_threshold_23: 9.64500
data_price_hour_rel_-13_amount: 8.66500
data_price_hour_abs_00_amount: 8.66500
data_price_hour_rel_-12_amount: 7.43200
data_price_hour_abs_01_amount: 7.43200
data_price_hour_rel_-11_amount: 6.80000
data_price_hour_abs_02_amount: 6.80000
data_price_hour_rel_-10_amount: 6.38700
data_price_hour_abs_03_amount: 6.38700
data_price_hour_rel_-09_amount: 5.80900
data_price_hour_abs_04_amount: 5.80900
data_price_hour_rel_-08_amount: 5.01600
data_price_hour_abs_05_amount: 5.01600
data_price_hour_rel_-07_amount: 3.94600
data_price_hour_abs_06_amount: 3.94600
data_price_hour_rel_-06_amount: 4.32800
data_price_hour_abs_07_amount: 4.32800
data_price_hour_rel_-05_amount: 5.80600
data_price_hour_abs_08_amount: 5.80600
data_price_hour_rel_-04_amount: 6.28600
data_price_hour_abs_09_amount: 6.28600
data_price_hour_rel_-03_amount: 6.49200
data_price_hour_abs_10_amount: 6.49200
data_price_hour_rel_-02_amount: 6.49200
data_price_hour_abs_11_amount: 6.49200
data_price_hour_rel_-01_amount: 6.80000
data_price_hour_abs_12_amount: 6.80000
data_price_hour_rel_+00_amount: 7.28400
data_price_hour_abs_13_amount: 7.28400
data_price_hour_rel_+01_amount: 7.42400
data_price_hour_abs_14_amount: 7.42400
data_price_hour_rel_+02_amount: 8.25000
data_price_hour_abs_15_amount: 8.25000
data_price_hour_rel_+03_amount: 9.64500
data_price_hour_abs_16_amount: 9.64500
data_price_hour_rel_+04_amount: 9.60000
data_price_hour_abs_17_amount: 9.60000
data_price_hour_rel_+05_amount: 8.79200
data_price_hour_abs_18_amount: 8.79200
data_price_hour_rel_+06_amount: 8.24100
data_price_hour_abs_19_amount: 8.24100
data_price_hour_rel_+07_amount: 7.89200
data_price_hour_abs_20_amount: 7.89200
data_price_hour_rel_+08_amount: 8.50300
data_price_hour_abs_21_amount: 8.50300
data_price_hour_rel_+09_amount: 8.25000
data_price_hour_abs_22_amount: 8.25000
data_price_hour_rel_+10_amount: 7.48000
data_price_hour_abs_23_amount: 7.48000