date_now: 2024-11-16 13:27:25
date_now_epoch: 1731760045501
date_now_day: 16
date_now_month: 11
date_now_year: 2024
date_start: 2024-11-16 00:00:00
date_end: 2024-11-16 23:59:59
price_low: 6.56700
price_high: 11.89300
price_median: 9.62000
price_average: 9.43563
price_current: 9.69700
price_unit: Cent/kWh
price_threshold_00: 6.56700
price_threshold_01: 7.28200
price_threshold_02: 7.38200
price_threshold_03: 7.38300
price_threshold_04: 8.26700
price_threshold_05: 8.65700
price_threshold_06: 8.69500
price_threshold_07: 8.88100
price_threshold_08: 8.98700
price_threshold_09: 9.01000
price_threshold_10: 9.37200
price_threshold_11: 9.54300
price_threshold_12: 9.69700
price_threshold_13: 9.69800
price_threshold_14: 9.90300
price_threshold_15: 10.02200
price_threshold_16: 10.19200
price_threshold_17: 10.41800
price_threshold_18: 10.47500
price_threshold_19: 10.76000
price_threshold_20: 10.89900
price_threshold_21: 10.97700
price_threshold_22: 11.49500
price_threshold_23: 11.89300
data_price_hour_rel_-13_amount: 10.19200
data_price_hour_abs_00_amount: 10.19200
data_price_hour_rel_-12_amount: 9.54300
data_price_hour_abs_01_amount: 9.54300
data_price_hour_rel_-11_amount: 8.98700
data_price_hour_abs_02_amount: 8.98700
data_price_hour_rel_-10_amount: 8.65700
data_price_hour_abs_03_amount: 8.65700
data_price_hour_rel_-09_amount: 8.88100
data_price_hour_abs_04_amount: 8.88100
data_price_hour_rel_-08_amount: 8.69500
data_price_hour_abs_05_amount: 8.69500
data_price_hour_rel_-07_amount: 7.38200
data_price_hour_abs_06_amount: 7.38200
data_price_hour_rel_-06_amount: 9.01000
data_price_hour_abs_07_amount: 9.01000
data_price_hour_rel_-05_amount: 10.47500
data_price_hour_abs_08_amount: 10.47500
data_price_hour_rel_-04_amount: 10.97700
data_price_hour_abs_09_amount: 10.97700
data_price_hour_rel_-03_amount: 10.76000
data_price_hour_abs_10_amount: 10.76000
data_price_hour_rel_-02_amount: 9.90300
data_price_hour_abs_11_amount: 9.90300
data_price_hour_rel_-01_amount: 9.69800
data_price_hour_abs_12_amount: 9.69800
data_price_hour_rel_+00_amount: 9.69700
data_price_hour_abs_13_amount: 9.69700
data_price_hour_rel_+01_amount: 9.37200
data_price_hour_abs_14_amount: 9.37200
data_price_hour_rel_+02_amount: 10.02200
data_price_hour_abs_15_amount: 10.02200
data_price_hour_rel_+03_amount: 10.89900
data_price_hour_abs_16_amount: 10.89900
data_price_hour_rel_+04_amount: 11.89300
data_price_hour_abs_17_amount: 11.89300
data_price_hour_rel_+05_amount: 11.49500
data_price_hour_abs_18_amount: 11.49500
data_price_hour_rel_+06_amount: 10.41800
data_price_hour_abs_19_amount: 10.41800
data_price_hour_rel_+07_amount: 8.26700
data_price_hour_abs_20_amount: 8.26700
data_price_hour_rel_+08_amount: 7.28200
data_price_hour_abs_21_amount: 7.28200
data_price_hour_rel_+09_amount: 7.38300
data_price_hour_abs_22_amount: 7.38300
data_price_hour_rel_+10_amount: 6.56700
data_price_hour_abs_23_amount: 6.56700