date_now: 2024-06-17 14:24:07
date_now_epoch: 1718627047433
date_now_day: 17
date_now_month: 6
date_now_year: 2024
date_start: 2024-06-17 00:00:00
date_end: 2024-06-17 23:59:59
price_low: 3.94500
price_high: 21.01600
price_median: 8.06750
price_average: 9.43375
price_current: 4.66200
price_unit: Cent/kWh
price_threshold_00: 3.94500
price_threshold_01: 4.18600
price_threshold_02: 4.66200
price_threshold_03: 5.45400
price_threshold_04: 5.50100
price_threshold_05: 6.21100
price_threshold_06: 6.42100
price_threshold_07: 6.67300
price_threshold_08: 6.88100
price_threshold_09: 7.18100
price_threshold_10: 7.35600
price_threshold_11: 7.66200
price_threshold_12: 8.47300
price_threshold_13: 8.85800
price_threshold_14: 9.00200
price_threshold_15: 10.15500
price_threshold_16: 11.41600
price_threshold_17: 11.62300
price_threshold_18: 11.91300
price_threshold_19: 12.81500
price_threshold_20: 13.26800
price_threshold_21: 15.73700
price_threshold_22: 20.00100
price_threshold_23: 21.01600
data_price_hour_rel_-14_amount: 7.66200
data_price_hour_abs_00_amount: 7.66200
data_price_hour_rel_-13_amount: 6.67300
data_price_hour_abs_01_amount: 6.67300
data_price_hour_rel_-12_amount: 6.88100
data_price_hour_abs_02_amount: 6.88100
data_price_hour_rel_-11_amount: 7.18100
data_price_hour_abs_03_amount: 7.18100
data_price_hour_rel_-10_amount: 7.35600
data_price_hour_abs_04_amount: 7.35600
data_price_hour_rel_-09_amount: 9.00200
data_price_hour_abs_05_amount: 9.00200
data_price_hour_rel_-08_amount: 11.91300
data_price_hour_abs_06_amount: 11.91300
data_price_hour_rel_-07_amount: 13.26800
data_price_hour_abs_07_amount: 13.26800
data_price_hour_rel_-06_amount: 11.62300
data_price_hour_abs_08_amount: 11.62300
data_price_hour_rel_-05_amount: 8.47300
data_price_hour_abs_09_amount: 8.47300
data_price_hour_rel_-04_amount: 6.21100
data_price_hour_abs_10_amount: 6.21100
data_price_hour_rel_-03_amount: 5.50100
data_price_hour_abs_11_amount: 5.50100
data_price_hour_rel_-02_amount: 4.18600
data_price_hour_abs_12_amount: 4.18600
data_price_hour_rel_-01_amount: 3.94500
data_price_hour_abs_13_amount: 3.94500
data_price_hour_rel_+00_amount: 4.66200
data_price_hour_abs_14_amount: 4.66200
data_price_hour_rel_+01_amount: 5.45400
data_price_hour_abs_15_amount: 5.45400
data_price_hour_rel_+02_amount: 6.42100
data_price_hour_abs_16_amount: 6.42100
data_price_hour_rel_+03_amount: 8.85800
data_price_hour_abs_17_amount: 8.85800
data_price_hour_rel_+04_amount: 11.41600
data_price_hour_abs_18_amount: 11.41600
data_price_hour_rel_+05_amount: 15.73700
data_price_hour_abs_19_amount: 15.73700
data_price_hour_rel_+06_amount: 21.01600
data_price_hour_abs_20_amount: 21.01600
data_price_hour_rel_+07_amount: 20.00100
data_price_hour_abs_21_amount: 20.00100
data_price_hour_rel_+08_amount: 12.81500
data_price_hour_abs_22_amount: 12.81500
data_price_hour_rel_+09_amount: 10.15500
data_price_hour_abs_23_amount: 10.15500