date_now: 2024-01-10 13:21:59
date_now_epoch: 1704889319103
date_now_day: 10
date_now_month: 1
date_now_year: 2024
date_start: 2024-01-10 00:00:00
date_end: 2024-01-10 23:59:59
price_low: 8.60900
price_high: 14.37900
price_median: 10.94450
price_average: 11.18392
price_current: 10.56100
price_unit: Cent/kWh
price_threshold_00: 8.60900
price_threshold_01: 8.63000
price_threshold_02: 8.67300
price_threshold_03: 8.67600
price_threshold_04: 8.90500
price_threshold_05: 8.92900
price_threshold_06: 9.60300
price_threshold_07: 10.22100
price_threshold_08: 10.44900
price_threshold_09: 10.56100
price_threshold_10: 10.88800
price_threshold_11: 10.91300
price_threshold_12: 10.97600
price_threshold_13: 11.29100
price_threshold_14: 11.85600
price_threshold_15: 12.00000
price_threshold_16: 12.38000
price_threshold_17: 12.62900
price_threshold_18: 13.03900
price_threshold_19: 13.21500
price_threshold_20: 13.46400
price_threshold_21: 14.00000
price_threshold_22: 14.12800
price_threshold_23: 14.37900
data_price_hour_rel_-13_amount: 8.92900
data_price_hour_abs_00_amount: 8.92900
data_price_hour_rel_-12_amount: 8.67600
data_price_hour_abs_01_amount: 8.67600
data_price_hour_rel_-11_amount: 8.67300
data_price_hour_abs_02_amount: 8.67300
data_price_hour_rel_-10_amount: 8.60900
data_price_hour_abs_03_amount: 8.60900
data_price_hour_rel_-09_amount: 8.63000
data_price_hour_abs_04_amount: 8.63000
data_price_hour_rel_-08_amount: 8.90500
data_price_hour_abs_05_amount: 8.90500
data_price_hour_rel_-07_amount: 10.88800
data_price_hour_abs_06_amount: 10.88800
data_price_hour_rel_-06_amount: 12.62900
data_price_hour_abs_07_amount: 12.62900
data_price_hour_rel_-05_amount: 14.12800
data_price_hour_abs_08_amount: 14.12800
data_price_hour_rel_-04_amount: 13.03900
data_price_hour_abs_09_amount: 13.03900
data_price_hour_rel_-03_amount: 11.85600
data_price_hour_abs_10_amount: 11.85600
data_price_hour_rel_-02_amount: 10.91300
data_price_hour_abs_11_amount: 10.91300
data_price_hour_rel_-01_amount: 10.22100
data_price_hour_abs_12_amount: 10.22100
data_price_hour_rel_+00_amount: 10.56100
data_price_hour_abs_13_amount: 10.56100
data_price_hour_rel_+01_amount: 11.29100
data_price_hour_abs_14_amount: 11.29100
data_price_hour_rel_+02_amount: 12.38000
data_price_hour_abs_15_amount: 12.38000
data_price_hour_rel_+03_amount: 13.46400
data_price_hour_abs_16_amount: 13.46400
data_price_hour_rel_+04_amount: 14.37900
data_price_hour_abs_17_amount: 14.37900
data_price_hour_rel_+05_amount: 14.00000
data_price_hour_abs_18_amount: 14.00000
data_price_hour_rel_+06_amount: 13.21500
data_price_hour_abs_19_amount: 13.21500
data_price_hour_rel_+07_amount: 12.00000
data_price_hour_abs_20_amount: 12.00000
data_price_hour_rel_+08_amount: 10.97600
data_price_hour_abs_21_amount: 10.97600
data_price_hour_rel_+09_amount: 10.44900
data_price_hour_abs_22_amount: 10.44900
data_price_hour_rel_+10_amount: 9.60300
data_price_hour_abs_23_amount: 9.60300