date_now: 2024-02-04 13:18:19
date_now_epoch: 1707049099989
date_now_day: 4
date_now_month: 2
date_now_year: 2024
date_start: 2024-02-04 00:00:00
date_end: 2024-02-04 23:59:59
price_low: 0.00000
price_high: 4.60100
price_median: 1.04550
price_average: 1.47775
price_current: 0.46200
price_unit: Cent/kWh
price_threshold_00: 0.00000
price_threshold_01: 0.00000
price_threshold_02: 0.00000
price_threshold_03: 0.05700
price_threshold_04: 0.06800
price_threshold_05: 0.10500
price_threshold_06: 0.32300
price_threshold_07: 0.46200
price_threshold_08: 0.88700
price_threshold_09: 0.97200
price_threshold_10: 0.98300
price_threshold_11: 1.00400
price_threshold_12: 1.08700
price_threshold_13: 1.28100
price_threshold_14: 1.38200
price_threshold_15: 1.57200
price_threshold_16: 1.84300
price_threshold_17: 2.44400
price_threshold_18: 2.45200
price_threshold_19: 2.90500
price_threshold_20: 3.53000
price_threshold_21: 3.61700
price_threshold_22: 3.89100
price_threshold_23: 4.60100
data_price_hour_rel_-13_amount: 3.53000
data_price_hour_abs_00_amount: 3.53000
data_price_hour_rel_-12_amount: 1.00400
data_price_hour_abs_01_amount: 1.00400
data_price_hour_rel_-11_amount: 0.32300
data_price_hour_abs_02_amount: 0.32300
data_price_hour_rel_-10_amount: 0.06800
data_price_hour_abs_03_amount: 0.06800
data_price_hour_rel_-09_amount: 0.00000
data_price_hour_abs_04_amount: 0.00000
data_price_hour_rel_-08_amount: 0.00000
data_price_hour_abs_05_amount: 0.00000
data_price_hour_rel_-07_amount: 0.00000
data_price_hour_abs_06_amount: 0.00000
data_price_hour_rel_-06_amount: 0.10500
data_price_hour_abs_07_amount: 0.10500
data_price_hour_rel_-05_amount: 0.88700
data_price_hour_abs_08_amount: 0.88700
data_price_hour_rel_-04_amount: 0.98300
data_price_hour_abs_09_amount: 0.98300
data_price_hour_rel_-03_amount: 1.08700
data_price_hour_abs_10_amount: 1.08700
data_price_hour_rel_-02_amount: 1.28100
data_price_hour_abs_11_amount: 1.28100
data_price_hour_rel_-01_amount: 1.38200
data_price_hour_abs_12_amount: 1.38200
data_price_hour_rel_+00_amount: 0.46200
data_price_hour_abs_13_amount: 0.46200
data_price_hour_rel_+01_amount: 0.97200
data_price_hour_abs_14_amount: 0.97200
data_price_hour_rel_+02_amount: 1.57200
data_price_hour_abs_15_amount: 1.57200
data_price_hour_rel_+03_amount: 1.84300
data_price_hour_abs_16_amount: 1.84300
data_price_hour_rel_+04_amount: 3.89100
data_price_hour_abs_17_amount: 3.89100
data_price_hour_rel_+05_amount: 4.60100
data_price_hour_abs_18_amount: 4.60100
data_price_hour_rel_+06_amount: 3.61700
data_price_hour_abs_19_amount: 3.61700
data_price_hour_rel_+07_amount: 2.90500
data_price_hour_abs_20_amount: 2.90500
data_price_hour_rel_+08_amount: 2.45200
data_price_hour_abs_21_amount: 2.45200
data_price_hour_rel_+09_amount: 2.44400
data_price_hour_abs_22_amount: 2.44400
data_price_hour_rel_+10_amount: 0.05700
data_price_hour_abs_23_amount: 0.05700