date_now: 2024-07-13 14:21:36
date_now_epoch: 1720873296577
date_now_day: 13
date_now_month: 7
date_now_year: 2024
date_start: 2024-07-13 00:00:00
date_end: 2024-07-13 23:59:59
price_low: -1.49000
price_high: 7.88400
price_median: 2.97150
price_average: 2.86900
price_current: -1.49000
price_unit: Cent/kWh
price_threshold_00: -1.49000
price_threshold_01: -1.14700
price_threshold_02: -0.50000
price_threshold_03: -0.34800
price_threshold_04: -0.00100
price_threshold_05: -0.00100
price_threshold_06: 0.00400
price_threshold_07: 0.51600
price_threshold_08: 2.09700
price_threshold_09: 2.66000
price_threshold_10: 2.78200
price_threshold_11: 2.87700
price_threshold_12: 3.06600
price_threshold_13: 3.10500
price_threshold_14: 3.27200
price_threshold_15: 3.69200
price_threshold_16: 3.76700
price_threshold_17: 5.03300
price_threshold_18: 5.05200
price_threshold_19: 5.06500
price_threshold_20: 6.30000
price_threshold_21: 7.54500
price_threshold_22: 7.62600
price_threshold_23: 7.88400
data_price_hour_rel_-14_amount: 5.06500
data_price_hour_abs_00_amount: 5.06500
data_price_hour_rel_-13_amount: 5.05200
data_price_hour_abs_01_amount: 5.05200
data_price_hour_rel_-12_amount: 3.69200
data_price_hour_abs_02_amount: 3.69200
data_price_hour_rel_-11_amount: 3.76700
data_price_hour_abs_03_amount: 3.76700
data_price_hour_rel_-10_amount: 3.27200
data_price_hour_abs_04_amount: 3.27200
data_price_hour_rel_-09_amount: 3.10500
data_price_hour_abs_05_amount: 3.10500
data_price_hour_rel_-08_amount: 3.06600
data_price_hour_abs_06_amount: 3.06600
data_price_hour_rel_-07_amount: 2.78200
data_price_hour_abs_07_amount: 2.78200
data_price_hour_rel_-06_amount: 2.66000
data_price_hour_abs_08_amount: 2.66000
data_price_hour_rel_-05_amount: 2.09700
data_price_hour_abs_09_amount: 2.09700
data_price_hour_rel_-04_amount: 0.51600
data_price_hour_abs_10_amount: 0.51600
data_price_hour_rel_-03_amount: 0.00400
data_price_hour_abs_11_amount: 0.00400
data_price_hour_rel_-02_amount: -0.00100
data_price_hour_abs_12_amount: -0.00100
data_price_hour_rel_-01_amount: -0.50000
data_price_hour_abs_13_amount: -0.50000
data_price_hour_rel_+00_amount: -1.49000
data_price_hour_abs_14_amount: -1.49000
data_price_hour_rel_+01_amount: -1.14700
data_price_hour_abs_15_amount: -1.14700
data_price_hour_rel_+02_amount: -0.34800
data_price_hour_abs_16_amount: -0.34800
data_price_hour_rel_+03_amount: -0.00100
data_price_hour_abs_17_amount: -0.00100
data_price_hour_rel_+04_amount: 2.87700
data_price_hour_abs_18_amount: 2.87700
data_price_hour_rel_+05_amount: 5.03300
data_price_hour_abs_19_amount: 5.03300
data_price_hour_rel_+06_amount: 7.54500
data_price_hour_abs_20_amount: 7.54500
data_price_hour_rel_+07_amount: 7.62600
data_price_hour_abs_21_amount: 7.62600
data_price_hour_rel_+08_amount: 7.88400
data_price_hour_abs_22_amount: 7.88400
data_price_hour_rel_+09_amount: 6.30000
data_price_hour_abs_23_amount: 6.30000