date_now: 2024-09-01 14:24:17
date_now_epoch: 1725193457033
date_now_day: 1
date_now_month: 9
date_now_year: 2024
date_start: 2024-09-01 00:00:00
date_end: 2024-09-01 23:59:59
price_low: -2.40000
price_high: 13.16000
price_median: 7.98150
price_average: 6.16479
price_current: -1.99400
price_unit: Cent/kWh
price_threshold_00: -2.40000
price_threshold_01: -1.99400
price_threshold_02: -0.91700
price_threshold_03: -0.49900
price_threshold_04: -0.07900
price_threshold_05: 1.27300
price_threshold_06: 2.55600
price_threshold_07: 4.12700
price_threshold_08: 6.06300
price_threshold_09: 7.31000
price_threshold_10: 7.82800
price_threshold_11: 7.94900
price_threshold_12: 8.01400
price_threshold_13: 8.01600
price_threshold_14: 8.03700
price_threshold_15: 8.12000
price_threshold_16: 8.59800
price_threshold_17: 9.15000
price_threshold_18: 9.37600
price_threshold_19: 10.20200
price_threshold_20: 10.76300
price_threshold_21: 10.91100
price_threshold_22: 12.39100
price_threshold_23: 13.16000
data_price_hour_rel_-14_amount: 9.37600
data_price_hour_abs_00_amount: 9.37600
data_price_hour_rel_-13_amount: 8.59800
data_price_hour_abs_01_amount: 8.59800
data_price_hour_rel_-12_amount: 8.03700
data_price_hour_abs_02_amount: 8.03700
data_price_hour_rel_-11_amount: 8.01400
data_price_hour_abs_03_amount: 8.01400
data_price_hour_rel_-10_amount: 8.12000
data_price_hour_abs_04_amount: 8.12000
data_price_hour_rel_-09_amount: 8.01600
data_price_hour_abs_05_amount: 8.01600
data_price_hour_rel_-08_amount: 7.94900
data_price_hour_abs_06_amount: 7.94900
data_price_hour_rel_-07_amount: 7.31000
data_price_hour_abs_07_amount: 7.31000
data_price_hour_rel_-06_amount: 6.06300
data_price_hour_abs_08_amount: 6.06300
data_price_hour_rel_-05_amount: 4.12700
data_price_hour_abs_09_amount: 4.12700
data_price_hour_rel_-04_amount: 1.27300
data_price_hour_abs_10_amount: 1.27300
data_price_hour_rel_-03_amount: -0.07900
data_price_hour_abs_11_amount: -0.07900
data_price_hour_rel_-02_amount: -0.91700
data_price_hour_abs_12_amount: -0.91700
data_price_hour_rel_-01_amount: -2.40000
data_price_hour_abs_13_amount: -2.40000
data_price_hour_rel_+00_amount: -1.99400
data_price_hour_abs_14_amount: -1.99400
data_price_hour_rel_+01_amount: -0.49900
data_price_hour_abs_15_amount: -0.49900
data_price_hour_rel_+02_amount: 2.55600
data_price_hour_abs_16_amount: 2.55600
data_price_hour_rel_+03_amount: 7.82800
data_price_hour_abs_17_amount: 7.82800
data_price_hour_rel_+04_amount: 10.91100
data_price_hour_abs_18_amount: 10.91100
data_price_hour_rel_+05_amount: 13.16000
data_price_hour_abs_19_amount: 13.16000
data_price_hour_rel_+06_amount: 12.39100
data_price_hour_abs_20_amount: 12.39100
data_price_hour_rel_+07_amount: 10.76300
data_price_hour_abs_21_amount: 10.76300
data_price_hour_rel_+08_amount: 10.20200
data_price_hour_abs_22_amount: 10.20200
data_price_hour_rel_+09_amount: 9.15000
data_price_hour_abs_23_amount: 9.15000