date_now: 2024-03-08 13:20:00
date_now_epoch: 1709900400750
date_now_day: 8
date_now_month: 3
date_now_year: 2024
date_start: 2024-03-08 00:00:00
date_end: 2024-03-08 23:59:59
price_low: 0.42600
price_high: 9.50600
price_median: 6.66300
price_average: 6.23292
price_current: 0.42600
price_unit: Cent/kWh
price_threshold_00: 0.42600
price_threshold_01: 2.17700
price_threshold_02: 2.42000
price_threshold_03: 4.02500
price_threshold_04: 5.20500
price_threshold_05: 5.57400
price_threshold_06: 5.75900
price_threshold_07: 5.98900
price_threshold_08: 6.49000
price_threshold_09: 6.50300
price_threshold_10: 6.59900
price_threshold_11: 6.63000
price_threshold_12: 6.69600
price_threshold_13: 6.70100
price_threshold_14: 6.71100
price_threshold_15: 6.84500
price_threshold_16: 7.14600
price_threshold_17: 7.19800
price_threshold_18: 7.43600
price_threshold_19: 7.99800
price_threshold_20: 8.29100
price_threshold_21: 8.37600
price_threshold_22: 8.88900
price_threshold_23: 9.50600
data_price_hour_rel_-13_amount: 6.84500
data_price_hour_abs_00_amount: 6.84500
data_price_hour_rel_-12_amount: 6.69600
data_price_hour_abs_01_amount: 6.69600
data_price_hour_rel_-11_amount: 6.70100
data_price_hour_abs_02_amount: 6.70100
data_price_hour_rel_-10_amount: 6.59900
data_price_hour_abs_03_amount: 6.59900
data_price_hour_rel_-09_amount: 6.63000
data_price_hour_abs_04_amount: 6.63000
data_price_hour_rel_-08_amount: 6.71100
data_price_hour_abs_05_amount: 6.71100
data_price_hour_rel_-07_amount: 8.29100
data_price_hour_abs_06_amount: 8.29100
data_price_hour_rel_-06_amount: 9.50600
data_price_hour_abs_07_amount: 9.50600
data_price_hour_rel_-05_amount: 8.88900
data_price_hour_abs_08_amount: 8.88900
data_price_hour_rel_-04_amount: 7.43600
data_price_hour_abs_09_amount: 7.43600
data_price_hour_rel_-03_amount: 5.75900
data_price_hour_abs_10_amount: 5.75900
data_price_hour_rel_-02_amount: 5.20500
data_price_hour_abs_11_amount: 5.20500
data_price_hour_rel_-01_amount: 2.17700
data_price_hour_abs_12_amount: 2.17700
data_price_hour_rel_+00_amount: 0.42600
data_price_hour_abs_13_amount: 0.42600
data_price_hour_rel_+01_amount: 2.42000
data_price_hour_abs_14_amount: 2.42000
data_price_hour_rel_+02_amount: 4.02500
data_price_hour_abs_15_amount: 4.02500
data_price_hour_rel_+03_amount: 5.57400
data_price_hour_abs_16_amount: 5.57400
data_price_hour_rel_+04_amount: 7.19800
data_price_hour_abs_17_amount: 7.19800
data_price_hour_rel_+05_amount: 8.37600
data_price_hour_abs_18_amount: 8.37600
data_price_hour_rel_+06_amount: 7.99800
data_price_hour_abs_19_amount: 7.99800
data_price_hour_rel_+07_amount: 7.14600
data_price_hour_abs_20_amount: 7.14600
data_price_hour_rel_+08_amount: 6.49000
data_price_hour_abs_21_amount: 6.49000
data_price_hour_rel_+09_amount: 6.50300
data_price_hour_abs_22_amount: 6.50300
data_price_hour_rel_+10_amount: 5.98900
data_price_hour_abs_23_amount: 5.98900