date_now: 2024-10-04 14:27:55
date_now_epoch: 1728044875557
date_now_day: 4
date_now_month: 10
date_now_year: 2024
date_start: 2024-10-04 00:00:00
date_end: 2024-10-04 23:59:59
price_low: 7.20000
price_high: 14.90200
price_median: 8.99000
price_average: 9.57171
price_current: 7.58200
price_unit: Cent/kWh
price_threshold_00: 7.20000
price_threshold_01: 7.21000
price_threshold_02: 7.23300
price_threshold_03: 7.25200
price_threshold_04: 7.34900
price_threshold_05: 7.39000
price_threshold_06: 7.50700
price_threshold_07: 7.58200
price_threshold_08: 7.71000
price_threshold_09: 7.90700
price_threshold_10: 8.50000
price_threshold_11: 8.98000
price_threshold_12: 9.00000
price_threshold_13: 9.00000
price_threshold_14: 9.99000
price_threshold_15: 10.00900
price_threshold_16: 10.30000
price_threshold_17: 10.71000
price_threshold_18: 11.62700
price_threshold_19: 12.37000
price_threshold_20: 12.65400
price_threshold_21: 13.19700
price_threshold_22: 14.14200
price_threshold_23: 14.90200
data_price_hour_rel_-14_amount: 7.39000
data_price_hour_abs_00_amount: 7.39000
data_price_hour_rel_-13_amount: 7.25200
data_price_hour_abs_01_amount: 7.25200
data_price_hour_rel_-12_amount: 7.21000
data_price_hour_abs_02_amount: 7.21000
data_price_hour_rel_-11_amount: 7.20000
data_price_hour_abs_03_amount: 7.20000
data_price_hour_rel_-10_amount: 7.23300
data_price_hour_abs_04_amount: 7.23300
data_price_hour_rel_-09_amount: 7.71000
data_price_hour_abs_05_amount: 7.71000
data_price_hour_rel_-08_amount: 10.30000
data_price_hour_abs_06_amount: 10.30000
data_price_hour_rel_-07_amount: 12.65400
data_price_hour_abs_07_amount: 12.65400
data_price_hour_rel_-06_amount: 14.14200
data_price_hour_abs_08_amount: 14.14200
data_price_hour_rel_-05_amount: 11.62700
data_price_hour_abs_09_amount: 11.62700
data_price_hour_rel_-04_amount: 10.00900
data_price_hour_abs_10_amount: 10.00900
data_price_hour_rel_-03_amount: 8.50000
data_price_hour_abs_11_amount: 8.50000
data_price_hour_rel_-02_amount: 7.50700
data_price_hour_abs_12_amount: 7.50700
data_price_hour_rel_-01_amount: 7.34900
data_price_hour_abs_13_amount: 7.34900
data_price_hour_rel_+00_amount: 7.58200
data_price_hour_abs_14_amount: 7.58200
data_price_hour_rel_+01_amount: 7.90700
data_price_hour_abs_15_amount: 7.90700
data_price_hour_rel_+02_amount: 8.98000
data_price_hour_abs_16_amount: 8.98000
data_price_hour_rel_+03_amount: 10.71000
data_price_hour_abs_17_amount: 10.71000
data_price_hour_rel_+04_amount: 13.19700
data_price_hour_abs_18_amount: 13.19700
data_price_hour_rel_+05_amount: 14.90200
data_price_hour_abs_19_amount: 14.90200
data_price_hour_rel_+06_amount: 12.37000
data_price_hour_abs_20_amount: 12.37000
data_price_hour_rel_+07_amount: 9.99000
data_price_hour_abs_21_amount: 9.99000
data_price_hour_rel_+08_amount: 9.00000
data_price_hour_abs_22_amount: 9.00000
data_price_hour_rel_+09_amount: 9.00000
data_price_hour_abs_23_amount: 9.00000