date_now: 2024-09-09 14:27:40
date_now_epoch: 1725884860595
date_now_day: 9
date_now_month: 9
date_now_year: 2024
date_start: 2024-09-09 00:00:00
date_end: 2024-09-09 23:59:59
price_low: 7.86800
price_high: 15.95700
price_median: 9.09850
price_average: 9.97308
price_current: 8.20600
price_unit: Cent/kWh
price_threshold_00: 7.86800
price_threshold_01: 7.95200
price_threshold_02: 8.20300
price_threshold_03: 8.20600
price_threshold_04: 8.39800
price_threshold_05: 8.41000
price_threshold_06: 8.51100
price_threshold_07: 8.57600
price_threshold_08: 8.57900
price_threshold_09: 8.64100
price_threshold_10: 8.79400
price_threshold_11: 8.91700
price_threshold_12: 9.28000
price_threshold_13: 9.49800
price_threshold_14: 9.60200
price_threshold_15: 10.07400
price_threshold_16: 11.08700
price_threshold_17: 11.15300
price_threshold_18: 11.31500
price_threshold_19: 11.45600
price_threshold_20: 11.84700
price_threshold_21: 12.96800
price_threshold_22: 14.06200
price_threshold_23: 15.95700
data_price_hour_rel_-14_amount: 8.64100
data_price_hour_abs_00_amount: 8.64100
data_price_hour_rel_-13_amount: 8.57600
data_price_hour_abs_01_amount: 8.57600
data_price_hour_rel_-12_amount: 8.41000
data_price_hour_abs_02_amount: 8.41000
data_price_hour_rel_-11_amount: 8.20300
data_price_hour_abs_03_amount: 8.20300
data_price_hour_rel_-10_amount: 8.51100
data_price_hour_abs_04_amount: 8.51100
data_price_hour_rel_-09_amount: 8.57900
data_price_hour_abs_05_amount: 8.57900
data_price_hour_rel_-08_amount: 11.84700
data_price_hour_abs_06_amount: 11.84700
data_price_hour_rel_-07_amount: 14.06200
data_price_hour_abs_07_amount: 14.06200
data_price_hour_rel_-06_amount: 15.95700
data_price_hour_abs_08_amount: 15.95700
data_price_hour_rel_-05_amount: 12.96800
data_price_hour_abs_09_amount: 12.96800
data_price_hour_rel_-04_amount: 11.08700
data_price_hour_abs_10_amount: 11.08700
data_price_hour_rel_-03_amount: 10.07400
data_price_hour_abs_11_amount: 10.07400
data_price_hour_rel_-02_amount: 9.49800
data_price_hour_abs_12_amount: 9.49800
data_price_hour_rel_-01_amount: 8.91700
data_price_hour_abs_13_amount: 8.91700
data_price_hour_rel_+00_amount: 8.20600
data_price_hour_abs_14_amount: 8.20600
data_price_hour_rel_+01_amount: 8.39800
data_price_hour_abs_15_amount: 8.39800
data_price_hour_rel_+02_amount: 7.86800
data_price_hour_abs_16_amount: 7.86800
data_price_hour_rel_+03_amount: 9.28000
data_price_hour_abs_17_amount: 9.28000
data_price_hour_rel_+04_amount: 11.31500
data_price_hour_abs_18_amount: 11.31500
data_price_hour_rel_+05_amount: 11.45600
data_price_hour_abs_19_amount: 11.45600
data_price_hour_rel_+06_amount: 11.15300
data_price_hour_abs_20_amount: 11.15300
data_price_hour_rel_+07_amount: 9.60200
data_price_hour_abs_21_amount: 9.60200
data_price_hour_rel_+08_amount: 8.79400
data_price_hour_abs_22_amount: 8.79400
data_price_hour_rel_+09_amount: 7.95200
data_price_hour_abs_23_amount: 7.95200