date_now: 2024-10-15 14:28:56
date_now_epoch: 1728995336598
date_now_day: 15
date_now_month: 10
date_now_year: 2024
date_start: 2024-10-15 00:00:00
date_end: 2024-10-15 23:59:59
price_low: 4.07800
price_high: 18.53900
price_median: 8.74200
price_average: 9.49971
price_current: 7.59000
price_unit: Cent/kWh
price_threshold_00: 4.07800
price_threshold_01: 5.96500
price_threshold_02: 6.66500
price_threshold_03: 7.17500
price_threshold_04: 7.59000
price_threshold_05: 7.62600
price_threshold_06: 7.84700
price_threshold_07: 8.08000
price_threshold_08: 8.30500
price_threshold_09: 8.33600
price_threshold_10: 8.40400
price_threshold_11: 8.64900
price_threshold_12: 8.83500
price_threshold_13: 8.90300
price_threshold_14: 8.95100
price_threshold_15: 9.12300
price_threshold_16: 9.27500
price_threshold_17: 9.73100
price_threshold_18: 11.05400
price_threshold_19: 11.45300
price_threshold_20: 12.06900
price_threshold_21: 13.67900
price_threshold_22: 17.66100
price_threshold_23: 18.53900
data_price_hour_rel_-14_amount: 9.12300
data_price_hour_abs_00_amount: 9.12300
data_price_hour_rel_-13_amount: 8.64900
data_price_hour_abs_01_amount: 8.64900
data_price_hour_rel_-12_amount: 8.83500
data_price_hour_abs_02_amount: 8.83500
data_price_hour_rel_-11_amount: 8.40400
data_price_hour_abs_03_amount: 8.40400
data_price_hour_rel_-10_amount: 8.08000
data_price_hour_abs_04_amount: 8.08000
data_price_hour_rel_-09_amount: 8.95100
data_price_hour_abs_05_amount: 8.95100
data_price_hour_rel_-08_amount: 11.45300
data_price_hour_abs_06_amount: 11.45300
data_price_hour_rel_-07_amount: 18.53900
data_price_hour_abs_07_amount: 18.53900
data_price_hour_rel_-06_amount: 17.66100
data_price_hour_abs_08_amount: 17.66100
data_price_hour_rel_-05_amount: 11.05400
data_price_hour_abs_09_amount: 11.05400
data_price_hour_rel_-04_amount: 9.27500
data_price_hour_abs_10_amount: 9.27500
data_price_hour_rel_-03_amount: 8.30500
data_price_hour_abs_11_amount: 8.30500
data_price_hour_rel_-02_amount: 7.84700
data_price_hour_abs_12_amount: 7.84700
data_price_hour_rel_-01_amount: 7.17500
data_price_hour_abs_13_amount: 7.17500
data_price_hour_rel_+00_amount: 7.59000
data_price_hour_abs_14_amount: 7.59000
data_price_hour_rel_+01_amount: 8.33600
data_price_hour_abs_15_amount: 8.33600
data_price_hour_rel_+02_amount: 8.90300
data_price_hour_abs_16_amount: 8.90300
data_price_hour_rel_+03_amount: 12.06900
data_price_hour_abs_17_amount: 12.06900
data_price_hour_rel_+04_amount: 13.67900
data_price_hour_abs_18_amount: 13.67900
data_price_hour_rel_+05_amount: 9.73100
data_price_hour_abs_19_amount: 9.73100
data_price_hour_rel_+06_amount: 7.62600
data_price_hour_abs_20_amount: 7.62600
data_price_hour_rel_+07_amount: 6.66500
data_price_hour_abs_21_amount: 6.66500
data_price_hour_rel_+08_amount: 5.96500
data_price_hour_abs_22_amount: 5.96500
data_price_hour_rel_+09_amount: 4.07800
data_price_hour_abs_23_amount: 4.07800