date_now: 2024-11-01 13:27:44
date_now_epoch: 1730464064417
date_now_day: 1
date_now_month: 11
date_now_year: 2024
date_start: 2024-11-01 00:00:00
date_end: 2024-11-01 23:59:59
price_low: 2.94900
price_high: 11.98700
price_median: 6.40050
price_average: 7.50600
price_current: 3.49000
price_unit: Cent/kWh
price_threshold_00: 2.94900
price_threshold_01: 3.20400
price_threshold_02: 3.49000
price_threshold_03: 5.45400
price_threshold_04: 5.50100
price_threshold_05: 5.69900
price_threshold_06: 5.71000
price_threshold_07: 6.12000
price_threshold_08: 6.29500
price_threshold_09: 6.32100
price_threshold_10: 6.33400
price_threshold_11: 6.38300
price_threshold_12: 6.41800
price_threshold_13: 6.96800
price_threshold_14: 7.03500
price_threshold_15: 8.56400
price_threshold_16: 8.93300
price_threshold_17: 9.84100
price_threshold_18: 10.46400
price_threshold_19: 11.32000
price_threshold_20: 11.59800
price_threshold_21: 11.75900
price_threshold_22: 11.79700
price_threshold_23: 11.98700
data_price_hour_rel_-13_amount: 6.33400
data_price_hour_abs_00_amount: 6.33400
data_price_hour_rel_-12_amount: 6.29500
data_price_hour_abs_01_amount: 6.29500
data_price_hour_rel_-11_amount: 5.71000
data_price_hour_abs_02_amount: 5.71000
data_price_hour_rel_-10_amount: 5.45400
data_price_hour_abs_03_amount: 5.45400
data_price_hour_rel_-09_amount: 5.69900
data_price_hour_abs_04_amount: 5.69900
data_price_hour_rel_-08_amount: 6.32100
data_price_hour_abs_05_amount: 6.32100
data_price_hour_rel_-07_amount: 6.96800
data_price_hour_abs_06_amount: 6.96800
data_price_hour_rel_-06_amount: 7.03500
data_price_hour_abs_07_amount: 7.03500
data_price_hour_rel_-05_amount: 6.41800
data_price_hour_abs_08_amount: 6.41800
data_price_hour_rel_-04_amount: 6.12000
data_price_hour_abs_09_amount: 6.12000
data_price_hour_rel_-03_amount: 5.50100
data_price_hour_abs_10_amount: 5.50100
data_price_hour_rel_-02_amount: 3.20400
data_price_hour_abs_11_amount: 3.20400
data_price_hour_rel_-01_amount: 2.94900
data_price_hour_abs_12_amount: 2.94900
data_price_hour_rel_+00_amount: 3.49000
data_price_hour_abs_13_amount: 3.49000
data_price_hour_rel_+01_amount: 6.38300
data_price_hour_abs_14_amount: 6.38300
data_price_hour_rel_+02_amount: 8.93300
data_price_hour_abs_15_amount: 8.93300
data_price_hour_rel_+03_amount: 11.59800
data_price_hour_abs_16_amount: 11.59800
data_price_hour_rel_+04_amount: 11.98700
data_price_hour_abs_17_amount: 11.98700
data_price_hour_rel_+05_amount: 11.79700
data_price_hour_abs_18_amount: 11.79700
data_price_hour_rel_+06_amount: 11.75900
data_price_hour_abs_19_amount: 11.75900
data_price_hour_rel_+07_amount: 11.32000
data_price_hour_abs_20_amount: 11.32000
data_price_hour_rel_+08_amount: 10.46400
data_price_hour_abs_21_amount: 10.46400
data_price_hour_rel_+09_amount: 9.84100
data_price_hour_abs_22_amount: 9.84100
data_price_hour_rel_+10_amount: 8.56400
data_price_hour_abs_23_amount: 8.56400