date_now: 2024-01-30 13:19:24
date_now_epoch: 1706617164637
date_now_day: 30
date_now_month: 1
date_now_year: 2024
date_start: 2024-01-30 00:00:00
date_end: 2024-01-30 23:59:59
price_low: 6.71800
price_high: 9.92300
price_median: 7.60800
price_average: 7.79671
price_current: 6.82300
price_unit: Cent/kWh
price_threshold_00: 6.71800
price_threshold_01: 6.74400
price_threshold_02: 6.81000
price_threshold_03: 6.82300
price_threshold_04: 6.87900
price_threshold_05: 6.93700
price_threshold_06: 6.93700
price_threshold_07: 7.01000
price_threshold_08: 7.15100
price_threshold_09: 7.19300
price_threshold_10: 7.19400
price_threshold_11: 7.50100
price_threshold_12: 7.71500
price_threshold_13: 7.80000
price_threshold_14: 7.84300
price_threshold_15: 7.94900
price_threshold_16: 8.23600
price_threshold_17: 8.49300
price_threshold_18: 8.60400
price_threshold_19: 8.81700
price_threshold_20: 9.06000
price_threshold_21: 9.19100
price_threshold_22: 9.59300
price_threshold_23: 9.92300
data_price_hour_rel_-13_amount: 7.19400
data_price_hour_abs_00_amount: 7.19400
data_price_hour_rel_-12_amount: 6.87900
data_price_hour_abs_01_amount: 6.87900
data_price_hour_rel_-11_amount: 6.93700
data_price_hour_abs_02_amount: 6.93700
data_price_hour_rel_-10_amount: 6.74400
data_price_hour_abs_03_amount: 6.74400
data_price_hour_rel_-09_amount: 6.71800
data_price_hour_abs_04_amount: 6.71800
data_price_hour_rel_-08_amount: 6.93700
data_price_hour_abs_05_amount: 6.93700
data_price_hour_rel_-07_amount: 7.84300
data_price_hour_abs_06_amount: 7.84300
data_price_hour_rel_-06_amount: 9.06000
data_price_hour_abs_07_amount: 9.06000
data_price_hour_rel_-05_amount: 9.59300
data_price_hour_abs_08_amount: 9.59300
data_price_hour_rel_-04_amount: 8.49300
data_price_hour_abs_09_amount: 8.49300
data_price_hour_rel_-03_amount: 7.71500
data_price_hour_abs_10_amount: 7.71500
data_price_hour_rel_-02_amount: 7.01000
data_price_hour_abs_11_amount: 7.01000
data_price_hour_rel_-01_amount: 6.81000
data_price_hour_abs_12_amount: 6.81000
data_price_hour_rel_+00_amount: 6.82300
data_price_hour_abs_13_amount: 6.82300
data_price_hour_rel_+01_amount: 7.19300
data_price_hour_abs_14_amount: 7.19300
data_price_hour_rel_+02_amount: 7.94900
data_price_hour_abs_15_amount: 7.94900
data_price_hour_rel_+03_amount: 8.23600
data_price_hour_abs_16_amount: 8.23600
data_price_hour_rel_+04_amount: 8.81700
data_price_hour_abs_17_amount: 8.81700
data_price_hour_rel_+05_amount: 9.92300
data_price_hour_abs_18_amount: 9.92300
data_price_hour_rel_+06_amount: 9.19100
data_price_hour_abs_19_amount: 9.19100
data_price_hour_rel_+07_amount: 8.60400
data_price_hour_abs_20_amount: 8.60400
data_price_hour_rel_+08_amount: 7.80000
data_price_hour_abs_21_amount: 7.80000
data_price_hour_rel_+09_amount: 7.50100
data_price_hour_abs_22_amount: 7.50100
data_price_hour_rel_+10_amount: 7.15100
data_price_hour_abs_23_amount: 7.15100