date_now: 2024-06-04 14:23:08
date_now_epoch: 1717503788988
date_now_day: 4
date_now_month: 6
date_now_year: 2024
date_start: 2024-06-04 00:00:00
date_end: 2024-06-04 23:59:59
price_low: 4.38600
price_high: 23.55200
price_median: 9.77000
price_average: 10.72317
price_current: 4.38600
price_unit: Cent/kWh
price_threshold_00: 4.38600
price_threshold_01: 4.70600
price_threshold_02: 5.52700
price_threshold_03: 6.40300
price_threshold_04: 6.73400
price_threshold_05: 7.58100
price_threshold_06: 8.13100
price_threshold_07: 8.48800
price_threshold_08: 9.16000
price_threshold_09: 9.22500
price_threshold_10: 9.29400
price_threshold_11: 9.54200
price_threshold_12: 9.99800
price_threshold_13: 10.46900
price_threshold_14: 10.68700
price_threshold_15: 10.73400
price_threshold_16: 11.23700
price_threshold_17: 11.62200
price_threshold_18: 14.06800
price_threshold_19: 14.16800
price_threshold_20: 16.20000
price_threshold_21: 17.67800
price_threshold_22: 17.76600
price_threshold_23: 23.55200
data_price_hour_rel_-14_amount: 10.68700
data_price_hour_abs_00_amount: 10.68700
data_price_hour_rel_-13_amount: 9.99800
data_price_hour_abs_01_amount: 9.99800
data_price_hour_rel_-12_amount: 9.54200
data_price_hour_abs_02_amount: 9.54200
data_price_hour_rel_-11_amount: 9.29400
data_price_hour_abs_03_amount: 9.29400
data_price_hour_rel_-10_amount: 9.22500
data_price_hour_abs_04_amount: 9.22500
data_price_hour_rel_-09_amount: 10.46900
data_price_hour_abs_05_amount: 10.46900
data_price_hour_rel_-08_amount: 16.20000
data_price_hour_abs_06_amount: 16.20000
data_price_hour_rel_-07_amount: 17.76600
data_price_hour_abs_07_amount: 17.76600
data_price_hour_rel_-06_amount: 14.16800
data_price_hour_abs_08_amount: 14.16800
data_price_hour_rel_-05_amount: 11.23700
data_price_hour_abs_09_amount: 11.23700
data_price_hour_rel_-04_amount: 9.16000
data_price_hour_abs_10_amount: 9.16000
data_price_hour_rel_-03_amount: 8.13100
data_price_hour_abs_11_amount: 8.13100
data_price_hour_rel_-02_amount: 6.73400
data_price_hour_abs_12_amount: 6.73400
data_price_hour_rel_-01_amount: 5.52700
data_price_hour_abs_13_amount: 5.52700
data_price_hour_rel_+00_amount: 4.38600
data_price_hour_abs_14_amount: 4.38600
data_price_hour_rel_+01_amount: 4.70600
data_price_hour_abs_15_amount: 4.70600
data_price_hour_rel_+02_amount: 6.40300
data_price_hour_abs_16_amount: 6.40300
data_price_hour_rel_+03_amount: 8.48800
data_price_hour_abs_17_amount: 8.48800
data_price_hour_rel_+04_amount: 11.62200
data_price_hour_abs_18_amount: 11.62200
data_price_hour_rel_+05_amount: 17.67800
data_price_hour_abs_19_amount: 17.67800
data_price_hour_rel_+06_amount: 23.55200
data_price_hour_abs_20_amount: 23.55200
data_price_hour_rel_+07_amount: 14.06800
data_price_hour_abs_21_amount: 14.06800
data_price_hour_rel_+08_amount: 10.73400
data_price_hour_abs_22_amount: 10.73400
data_price_hour_rel_+09_amount: 7.58100
data_price_hour_abs_23_amount: 7.58100