date_now: 2024-02-13 13:19:45
date_now_epoch: 1707826785358
date_now_day: 13
date_now_month: 2
date_now_year: 2024
date_start: 2024-02-13 00:00:00
date_end: 2024-02-13 23:59:59
price_low: 6.00600
price_high: 9.98800
price_median: 6.89000
price_average: 7.22279
price_current: 6.02600
price_unit: Cent/kWh
price_threshold_00: 6.00600
price_threshold_01: 6.02600
price_threshold_02: 6.04900
price_threshold_03: 6.05300
price_threshold_04: 6.31000
price_threshold_05: 6.34100
price_threshold_06: 6.35900
price_threshold_07: 6.38700
price_threshold_08: 6.47400
price_threshold_09: 6.53700
price_threshold_10: 6.83900
price_threshold_11: 6.85900
price_threshold_12: 6.92100
price_threshold_13: 7.06900
price_threshold_14: 7.07000
price_threshold_15: 7.18600
price_threshold_16: 7.51200
price_threshold_17: 7.79700
price_threshold_18: 7.83600
price_threshold_19: 8.21800
price_threshold_20: 8.91000
price_threshold_21: 9.09900
price_threshold_22: 9.50100
price_threshold_23: 9.98800
data_price_hour_rel_-13_amount: 6.85900
data_price_hour_abs_00_amount: 6.85900
data_price_hour_rel_-12_amount: 6.53700
data_price_hour_abs_01_amount: 6.53700
data_price_hour_rel_-11_amount: 6.34100
data_price_hour_abs_02_amount: 6.34100
data_price_hour_rel_-10_amount: 6.04900
data_price_hour_abs_03_amount: 6.04900
data_price_hour_rel_-09_amount: 6.00600
data_price_hour_abs_04_amount: 6.00600
data_price_hour_rel_-08_amount: 6.35900
data_price_hour_abs_05_amount: 6.35900
data_price_hour_rel_-07_amount: 7.06900
data_price_hour_abs_06_amount: 7.06900
data_price_hour_rel_-06_amount: 8.21800
data_price_hour_abs_07_amount: 8.21800
data_price_hour_rel_-05_amount: 8.91000
data_price_hour_abs_08_amount: 8.91000
data_price_hour_rel_-04_amount: 7.51200
data_price_hour_abs_09_amount: 7.51200
data_price_hour_rel_-03_amount: 6.92100
data_price_hour_abs_10_amount: 6.92100
data_price_hour_rel_-02_amount: 6.38700
data_price_hour_abs_11_amount: 6.38700
data_price_hour_rel_-01_amount: 6.05300
data_price_hour_abs_12_amount: 6.05300
data_price_hour_rel_+00_amount: 6.02600
data_price_hour_abs_13_amount: 6.02600
data_price_hour_rel_+01_amount: 6.31000
data_price_hour_abs_14_amount: 6.31000
data_price_hour_rel_+02_amount: 7.07000
data_price_hour_abs_15_amount: 7.07000
data_price_hour_rel_+03_amount: 7.83600
data_price_hour_abs_16_amount: 7.83600
data_price_hour_rel_+04_amount: 9.50100
data_price_hour_abs_17_amount: 9.50100
data_price_hour_rel_+05_amount: 9.98800
data_price_hour_abs_18_amount: 9.98800
data_price_hour_rel_+06_amount: 9.09900
data_price_hour_abs_19_amount: 9.09900
data_price_hour_rel_+07_amount: 7.79700
data_price_hour_abs_20_amount: 7.79700
data_price_hour_rel_+08_amount: 7.18600
data_price_hour_abs_21_amount: 7.18600
data_price_hour_rel_+09_amount: 6.83900
data_price_hour_abs_22_amount: 6.83900
data_price_hour_rel_+10_amount: 6.47400
data_price_hour_abs_23_amount: 6.47400