date_now: 2024-06-18 14:23:48
date_now_epoch: 1718713428059
date_now_day: 18
date_now_month: 6
date_now_year: 2024
date_start: 2024-06-18 00:00:00
date_end: 2024-06-18 23:59:59
price_low: 5.10300
price_high: 17.18700
price_median: 9.02900
price_average: 9.61983
price_current: 5.70400
price_unit: Cent/kWh
price_threshold_00: 5.10300
price_threshold_01: 5.11600
price_threshold_02: 5.48100
price_threshold_03: 5.70400
price_threshold_04: 6.99100
price_threshold_05: 7.31200
price_threshold_06: 7.62400
price_threshold_07: 8.09000
price_threshold_08: 8.75300
price_threshold_09: 8.92900
price_threshold_10: 9.00600
price_threshold_11: 9.02900
price_threshold_12: 9.02900
price_threshold_13: 9.16300
price_threshold_14: 9.59400
price_threshold_15: 9.59600
price_threshold_16: 9.69200
price_threshold_17: 10.42000
price_threshold_18: 13.01700
price_threshold_19: 13.32500
price_threshold_20: 13.44700
price_threshold_21: 13.44900
price_threshold_22: 15.81900
price_threshold_23: 17.18700
data_price_hour_rel_-14_amount: 9.69200
data_price_hour_abs_00_amount: 9.69200
data_price_hour_rel_-13_amount: 9.02900
data_price_hour_abs_01_amount: 9.02900
data_price_hour_rel_-12_amount: 8.75300
data_price_hour_abs_02_amount: 8.75300
data_price_hour_rel_-11_amount: 8.92900
data_price_hour_abs_03_amount: 8.92900
data_price_hour_rel_-10_amount: 9.02900
data_price_hour_abs_04_amount: 9.02900
data_price_hour_rel_-09_amount: 9.59400
data_price_hour_abs_05_amount: 9.59400
data_price_hour_rel_-08_amount: 13.44900
data_price_hour_abs_06_amount: 13.44900
data_price_hour_rel_-07_amount: 13.01700
data_price_hour_abs_07_amount: 13.01700
data_price_hour_rel_-06_amount: 9.59600
data_price_hour_abs_08_amount: 9.59600
data_price_hour_rel_-05_amount: 8.09000
data_price_hour_abs_09_amount: 8.09000
data_price_hour_rel_-04_amount: 6.99100
data_price_hour_abs_10_amount: 6.99100
data_price_hour_rel_-03_amount: 5.48100
data_price_hour_abs_11_amount: 5.48100
data_price_hour_rel_-02_amount: 5.11600
data_price_hour_abs_12_amount: 5.11600
data_price_hour_rel_-01_amount: 5.10300
data_price_hour_abs_13_amount: 5.10300
data_price_hour_rel_+00_amount: 5.70400
data_price_hour_abs_14_amount: 5.70400
data_price_hour_rel_+01_amount: 7.31200
data_price_hour_abs_15_amount: 7.31200
data_price_hour_rel_+02_amount: 7.62400
data_price_hour_abs_16_amount: 7.62400
data_price_hour_rel_+03_amount: 9.00600
data_price_hour_abs_17_amount: 9.00600
data_price_hour_rel_+04_amount: 13.32500
data_price_hour_abs_18_amount: 13.32500
data_price_hour_rel_+05_amount: 15.81900
data_price_hour_abs_19_amount: 15.81900
data_price_hour_rel_+06_amount: 17.18700
data_price_hour_abs_20_amount: 17.18700
data_price_hour_rel_+07_amount: 13.44700
data_price_hour_abs_21_amount: 13.44700
data_price_hour_rel_+08_amount: 10.42000
data_price_hour_abs_22_amount: 10.42000
data_price_hour_rel_+09_amount: 9.16300
data_price_hour_abs_23_amount: 9.16300