date_now: 2024-07-12 14:25:13
date_now_epoch: 1720787113972
date_now_day: 12
date_now_month: 7
date_now_year: 2024
date_start: 2024-07-12 00:00:00
date_end: 2024-07-12 23:59:59
price_low: 7.80400
price_high: 10.99200
price_median: 8.65100
price_average: 9.05958
price_current: 7.80400
price_unit: Cent/kWh
price_threshold_00: 7.80400
price_threshold_01: 7.81900
price_threshold_02: 7.86000
price_threshold_03: 7.91100
price_threshold_04: 8.22100
price_threshold_05: 8.28700
price_threshold_06: 8.30300
price_threshold_07: 8.32500
price_threshold_08: 8.42500
price_threshold_09: 8.55400
price_threshold_10: 8.56600
price_threshold_11: 8.57100
price_threshold_12: 8.73100
price_threshold_13: 8.98300
price_threshold_14: 9.22600
price_threshold_15: 9.32900
price_threshold_16: 9.46100
price_threshold_17: 9.58700
price_threshold_18: 10.23900
price_threshold_19: 10.24000
price_threshold_20: 10.24200
price_threshold_21: 10.79400
price_threshold_22: 10.96000
price_threshold_23: 10.99200
data_price_hour_rel_-14_amount: 10.24200
data_price_hour_abs_00_amount: 10.24200
data_price_hour_rel_-13_amount: 8.73100
data_price_hour_abs_01_amount: 8.73100
data_price_hour_rel_-12_amount: 8.28700
data_price_hour_abs_02_amount: 8.28700
data_price_hour_rel_-11_amount: 8.30300
data_price_hour_abs_03_amount: 8.30300
data_price_hour_rel_-10_amount: 8.22100
data_price_hour_abs_04_amount: 8.22100
data_price_hour_rel_-09_amount: 8.42500
data_price_hour_abs_05_amount: 8.42500
data_price_hour_rel_-08_amount: 10.79400
data_price_hour_abs_06_amount: 10.79400
data_price_hour_rel_-07_amount: 10.99200
data_price_hour_abs_07_amount: 10.99200
data_price_hour_rel_-06_amount: 10.96000
data_price_hour_abs_08_amount: 10.96000
data_price_hour_rel_-05_amount: 10.24000
data_price_hour_abs_09_amount: 10.24000
data_price_hour_rel_-04_amount: 9.58700
data_price_hour_abs_10_amount: 9.58700
data_price_hour_rel_-03_amount: 8.98300
data_price_hour_abs_11_amount: 8.98300
data_price_hour_rel_-02_amount: 8.32500
data_price_hour_abs_12_amount: 8.32500
data_price_hour_rel_-01_amount: 7.86000
data_price_hour_abs_13_amount: 7.86000
data_price_hour_rel_+00_amount: 7.80400
data_price_hour_abs_14_amount: 7.80400
data_price_hour_rel_+01_amount: 7.81900
data_price_hour_abs_15_amount: 7.81900
data_price_hour_rel_+02_amount: 8.57100
data_price_hour_abs_16_amount: 8.57100
data_price_hour_rel_+03_amount: 8.55400
data_price_hour_abs_17_amount: 8.55400
data_price_hour_rel_+04_amount: 9.22600
data_price_hour_abs_18_amount: 9.22600
data_price_hour_rel_+05_amount: 10.23900
data_price_hour_abs_19_amount: 10.23900
data_price_hour_rel_+06_amount: 9.32900
data_price_hour_abs_20_amount: 9.32900
data_price_hour_rel_+07_amount: 9.46100
data_price_hour_abs_21_amount: 9.46100
data_price_hour_rel_+08_amount: 8.56600
data_price_hour_abs_22_amount: 8.56600
data_price_hour_rel_+09_amount: 7.91100
data_price_hour_abs_23_amount: 7.91100