date_now: 2024-11-08 13:27:57
date_now_epoch: 1731068877551
date_now_day: 8
date_now_month: 11
date_now_year: 2024
date_start: 2024-11-08 00:00:00
date_end: 2024-11-08 23:59:59
price_low: 9.74500
price_high: 13.29100
price_median: 11.15950
price_average: 11.33892
price_current: 10.68100
price_unit: Cent/kWh
price_threshold_00: 9.74500
price_threshold_01: 9.76900
price_threshold_02: 9.79700
price_threshold_03: 9.82100
price_threshold_04: 9.95700
price_threshold_05: 9.97300
price_threshold_06: 10.40600
price_threshold_07: 10.55900
price_threshold_08: 10.68100
price_threshold_09: 10.71900
price_threshold_10: 10.94800
price_threshold_11: 11.09400
price_threshold_12: 11.22500
price_threshold_13: 11.30000
price_threshold_14: 11.57400
price_threshold_15: 11.73400
price_threshold_16: 12.35900
price_threshold_17: 12.65200
price_threshold_18: 12.71900
price_threshold_19: 12.75500
price_threshold_20: 12.85600
price_threshold_21: 12.91000
price_threshold_22: 13.29000
price_threshold_23: 13.29100
data_price_hour_rel_-13_amount: 9.95700
data_price_hour_abs_00_amount: 9.95700
data_price_hour_rel_-12_amount: 9.97300
data_price_hour_abs_01_amount: 9.97300
data_price_hour_rel_-11_amount: 9.79700
data_price_hour_abs_02_amount: 9.79700
data_price_hour_rel_-10_amount: 9.76900
data_price_hour_abs_03_amount: 9.76900
data_price_hour_rel_-09_amount: 9.74500
data_price_hour_abs_04_amount: 9.74500
data_price_hour_rel_-08_amount: 9.82100
data_price_hour_abs_05_amount: 9.82100
data_price_hour_rel_-07_amount: 10.71900
data_price_hour_abs_06_amount: 10.71900
data_price_hour_rel_-06_amount: 12.75500
data_price_hour_abs_07_amount: 12.75500
data_price_hour_rel_-05_amount: 13.29100
data_price_hour_abs_08_amount: 13.29100
data_price_hour_rel_-04_amount: 12.65200
data_price_hour_abs_09_amount: 12.65200
data_price_hour_rel_-03_amount: 11.73400
data_price_hour_abs_10_amount: 11.73400
data_price_hour_rel_-02_amount: 11.09400
data_price_hour_abs_11_amount: 11.09400
data_price_hour_rel_-01_amount: 10.55900
data_price_hour_abs_12_amount: 10.55900
data_price_hour_rel_+00_amount: 10.68100
data_price_hour_abs_13_amount: 10.68100
data_price_hour_rel_+01_amount: 11.22500
data_price_hour_abs_14_amount: 11.22500
data_price_hour_rel_+02_amount: 12.35900
data_price_hour_abs_15_amount: 12.35900
data_price_hour_rel_+03_amount: 12.91000
data_price_hour_abs_16_amount: 12.91000
data_price_hour_rel_+04_amount: 12.85600
data_price_hour_abs_17_amount: 12.85600
data_price_hour_rel_+05_amount: 13.29000
data_price_hour_abs_18_amount: 13.29000
data_price_hour_rel_+06_amount: 12.71900
data_price_hour_abs_19_amount: 12.71900
data_price_hour_rel_+07_amount: 11.57400
data_price_hour_abs_20_amount: 11.57400
data_price_hour_rel_+08_amount: 10.94800
data_price_hour_abs_21_amount: 10.94800
data_price_hour_rel_+09_amount: 11.30000
data_price_hour_abs_22_amount: 11.30000
data_price_hour_rel_+10_amount: 10.40600
data_price_hour_abs_23_amount: 10.40600