date_now: 2024-06-08 14:20:57
date_now_epoch: 1717849257628
date_now_day: 8
date_now_month: 6
date_now_year: 2024
date_start: 2024-06-08 00:00:00
date_end: 2024-06-08 23:59:59
price_low: -3.00300
price_high: 10.00000
price_median: 6.58300
price_average: 4.59688
price_current: -3.00300
price_unit: Cent/kWh
price_threshold_00: -3.00300
price_threshold_01: -2.37000
price_threshold_02: -2.06200
price_threshold_03: -1.02600
price_threshold_04: -0.82500
price_threshold_05: -0.22700
price_threshold_06: -0.01300
price_threshold_07: 0.00100
price_threshold_08: 1.22400
price_threshold_09: 4.22000
price_threshold_10: 4.49100
price_threshold_11: 6.28200
price_threshold_12: 6.88400
price_threshold_13: 7.87900
price_threshold_14: 7.93800
price_threshold_15: 7.96400
price_threshold_16: 8.21100
price_threshold_17: 8.33100
price_threshold_18: 8.35300
price_threshold_19: 9.00400
price_threshold_20: 9.30100
price_threshold_21: 9.83600
price_threshold_22: 9.93200
price_threshold_23: 10.00000
data_price_hour_rel_-14_amount: 9.83600
data_price_hour_abs_00_amount: 9.83600
data_price_hour_rel_-13_amount: 9.00400
data_price_hour_abs_01_amount: 9.00400
data_price_hour_rel_-12_amount: 8.33100
data_price_hour_abs_02_amount: 8.33100
data_price_hour_rel_-11_amount: 8.35300
data_price_hour_abs_03_amount: 8.35300
data_price_hour_rel_-10_amount: 7.96400
data_price_hour_abs_04_amount: 7.96400
data_price_hour_rel_-09_amount: 8.21100
data_price_hour_abs_05_amount: 8.21100
data_price_hour_rel_-08_amount: 7.93800
data_price_hour_abs_06_amount: 7.93800
data_price_hour_rel_-07_amount: 6.28200
data_price_hour_abs_07_amount: 6.28200
data_price_hour_rel_-06_amount: 4.22000
data_price_hour_abs_08_amount: 4.22000
data_price_hour_rel_-05_amount: 1.22400
data_price_hour_abs_09_amount: 1.22400
data_price_hour_rel_-04_amount: -0.01300
data_price_hour_abs_10_amount: -0.01300
data_price_hour_rel_-03_amount: -0.22700
data_price_hour_abs_11_amount: -0.22700
data_price_hour_rel_-02_amount: -1.02600
data_price_hour_abs_12_amount: -1.02600
data_price_hour_rel_-01_amount: -2.37000
data_price_hour_abs_13_amount: -2.37000
data_price_hour_rel_+00_amount: -3.00300
data_price_hour_abs_14_amount: -3.00300
data_price_hour_rel_+01_amount: -2.06200
data_price_hour_abs_15_amount: -2.06200
data_price_hour_rel_+02_amount: -0.82500
data_price_hour_abs_16_amount: -0.82500
data_price_hour_rel_+03_amount: 0.00100
data_price_hour_abs_17_amount: 0.00100
data_price_hour_rel_+04_amount: 4.49100
data_price_hour_abs_18_amount: 4.49100
data_price_hour_rel_+05_amount: 6.88400
data_price_hour_abs_19_amount: 6.88400
data_price_hour_rel_+06_amount: 9.93200
data_price_hour_abs_20_amount: 9.93200
data_price_hour_rel_+07_amount: 9.30100
data_price_hour_abs_21_amount: 9.30100
data_price_hour_rel_+08_amount: 10.00000
data_price_hour_abs_22_amount: 10.00000
data_price_hour_rel_+09_amount: 7.87900
data_price_hour_abs_23_amount: 7.87900