date_now: 2024-03-28 13:21:34
date_now_epoch: 1711628494605
date_now_day: 28
date_now_month: 3
date_now_year: 2024
date_start: 2024-03-28 00:00:00
date_end: 2024-03-28 23:59:59
price_low: 0.00400
price_high: 8.31900
price_median: 6.28900
price_average: 5.13492
price_current: 0.00500
price_unit: Cent/kWh
price_threshold_00: 0.00400
price_threshold_01: 0.00500
price_threshold_02: 0.67400
price_threshold_03: 0.98200
price_threshold_04: 2.50000
price_threshold_05: 3.30500
price_threshold_06: 3.31700
price_threshold_07: 3.70000
price_threshold_08: 4.70700
price_threshold_09: 5.18300
price_threshold_10: 5.27200
price_threshold_11: 6.25400
price_threshold_12: 6.32400
price_threshold_13: 6.44100
price_threshold_14: 6.52400
price_threshold_15: 6.66900
price_threshold_16: 7.03300
price_threshold_17: 7.16000
price_threshold_18: 7.26000
price_threshold_19: 7.39700
price_threshold_20: 7.90900
price_threshold_21: 8.09200
price_threshold_22: 8.20700
price_threshold_23: 8.31900
data_price_hour_rel_-13_amount: 7.90900
data_price_hour_abs_00_amount: 7.90900
data_price_hour_rel_-12_amount: 7.26000
data_price_hour_abs_01_amount: 7.26000
data_price_hour_rel_-11_amount: 6.52400
data_price_hour_abs_02_amount: 6.52400
data_price_hour_rel_-10_amount: 6.44100
data_price_hour_abs_03_amount: 6.44100
data_price_hour_rel_-09_amount: 6.66900
data_price_hour_abs_04_amount: 6.66900
data_price_hour_rel_-08_amount: 7.16000
data_price_hour_abs_05_amount: 7.16000
data_price_hour_rel_-07_amount: 8.20700
data_price_hour_abs_06_amount: 8.20700
data_price_hour_rel_-06_amount: 8.31900
data_price_hour_abs_07_amount: 8.31900
data_price_hour_rel_-05_amount: 8.09200
data_price_hour_abs_08_amount: 8.09200
data_price_hour_rel_-04_amount: 6.32400
data_price_hour_abs_09_amount: 6.32400
data_price_hour_rel_-03_amount: 4.70700
data_price_hour_abs_10_amount: 4.70700
data_price_hour_rel_-02_amount: 3.70000
data_price_hour_abs_11_amount: 3.70000
data_price_hour_rel_-01_amount: 0.67400
data_price_hour_abs_12_amount: 0.67400
data_price_hour_rel_+00_amount: 0.00500
data_price_hour_abs_13_amount: 0.00500
data_price_hour_rel_+01_amount: 0.00400
data_price_hour_abs_14_amount: 0.00400
data_price_hour_rel_+02_amount: 0.98200
data_price_hour_abs_15_amount: 0.98200
data_price_hour_rel_+03_amount: 3.31700
data_price_hour_abs_16_amount: 3.31700
data_price_hour_rel_+04_amount: 5.27200
data_price_hour_abs_17_amount: 5.27200
data_price_hour_rel_+05_amount: 7.39700
data_price_hour_abs_18_amount: 7.39700
data_price_hour_rel_+06_amount: 7.03300
data_price_hour_abs_19_amount: 7.03300
data_price_hour_rel_+07_amount: 6.25400
data_price_hour_abs_20_amount: 6.25400
data_price_hour_rel_+08_amount: 5.18300
data_price_hour_abs_21_amount: 5.18300
data_price_hour_rel_+09_amount: 3.30500
data_price_hour_abs_22_amount: 3.30500
data_price_hour_rel_+10_amount: 2.50000
data_price_hour_abs_23_amount: 2.50000