date_now: 2024-11-13 13:28:33
date_now_epoch: 1731500913133
date_now_day: 13
date_now_month: 11
date_now_year: 2024
date_start: 2024-11-13 00:00:00
date_end: 2024-11-13 23:59:59
price_low: 10.66200
price_high: 22.74300
price_median: 16.04450
price_average: 15.00925
price_current: 16.20700
price_unit: Cent/kWh
price_threshold_00: 10.66200
price_threshold_01: 10.74500
price_threshold_02: 10.78500
price_threshold_03: 11.06300
price_threshold_04: 11.17100
price_threshold_05: 11.35100
price_threshold_06: 11.48600
price_threshold_07: 11.71500
price_threshold_08: 11.90000
price_threshold_09: 12.52200
price_threshold_10: 13.11000
price_threshold_11: 15.99000
price_threshold_12: 16.09900
price_threshold_13: 16.17900
price_threshold_14: 16.20700
price_threshold_15: 16.47800
price_threshold_16: 16.56000
price_threshold_17: 17.39000
price_threshold_18: 17.77000
price_threshold_19: 17.82800
price_threshold_20: 17.84300
price_threshold_21: 20.08000
price_threshold_22: 22.54500
price_threshold_23: 22.74300
data_price_hour_rel_-13_amount: 11.71500
data_price_hour_abs_00_amount: 11.71500
data_price_hour_rel_-12_amount: 11.17100
data_price_hour_abs_01_amount: 11.17100
data_price_hour_rel_-11_amount: 10.78500
data_price_hour_abs_02_amount: 10.78500
data_price_hour_rel_-10_amount: 10.74500
data_price_hour_abs_03_amount: 10.74500
data_price_hour_rel_-09_amount: 11.06300
data_price_hour_abs_04_amount: 11.06300
data_price_hour_rel_-08_amount: 11.90000
data_price_hour_abs_05_amount: 11.90000
data_price_hour_rel_-07_amount: 13.11000
data_price_hour_abs_06_amount: 13.11000
data_price_hour_rel_-06_amount: 16.47800
data_price_hour_abs_07_amount: 16.47800
data_price_hour_rel_-05_amount: 22.54500
data_price_hour_abs_08_amount: 22.54500
data_price_hour_rel_-04_amount: 22.74300
data_price_hour_abs_09_amount: 22.74300
data_price_hour_rel_-03_amount: 20.08000
data_price_hour_abs_10_amount: 20.08000
data_price_hour_rel_-02_amount: 17.77000
data_price_hour_abs_11_amount: 17.77000
data_price_hour_rel_-01_amount: 16.09900
data_price_hour_abs_12_amount: 16.09900
data_price_hour_rel_+00_amount: 16.20700
data_price_hour_abs_13_amount: 16.20700
data_price_hour_rel_+01_amount: 15.99000
data_price_hour_abs_14_amount: 15.99000
data_price_hour_rel_+02_amount: 16.56000
data_price_hour_abs_15_amount: 16.56000
data_price_hour_rel_+03_amount: 17.82800
data_price_hour_abs_16_amount: 17.82800
data_price_hour_rel_+04_amount: 17.84300
data_price_hour_abs_17_amount: 17.84300
data_price_hour_rel_+05_amount: 17.39000
data_price_hour_abs_18_amount: 17.39000
data_price_hour_rel_+06_amount: 16.17900
data_price_hour_abs_19_amount: 16.17900
data_price_hour_rel_+07_amount: 12.52200
data_price_hour_abs_20_amount: 12.52200
data_price_hour_rel_+08_amount: 11.48600
data_price_hour_abs_21_amount: 11.48600
data_price_hour_rel_+09_amount: 11.35100
data_price_hour_abs_22_amount: 11.35100
data_price_hour_rel_+10_amount: 10.66200
data_price_hour_abs_23_amount: 10.66200