date_now: 2024-02-14 13:20:22
date_now_epoch: 1707913222528
date_now_day: 14
date_now_month: 2
date_now_year: 2024
date_start: 2024-02-14 00:00:00
date_end: 2024-02-14 23:59:59
price_low: 5.47900
price_high: 8.75800
price_median: 6.60300
price_average: 6.81642
price_current: 6.38200
price_unit: Cent/kWh
price_threshold_00: 5.47900
price_threshold_01: 5.50600
price_threshold_02: 5.57600
price_threshold_03: 5.84300
price_threshold_04: 5.93400
price_threshold_05: 6.06300
price_threshold_06: 6.26300
price_threshold_07: 6.32300
price_threshold_08: 6.32900
price_threshold_09: 6.38000
price_threshold_10: 6.38200
price_threshold_11: 6.38600
price_threshold_12: 6.82000
price_threshold_13: 6.90300
price_threshold_14: 6.96500
price_threshold_15: 6.96800
price_threshold_16: 7.22300
price_threshold_17: 7.27400
price_threshold_18: 7.64800
price_threshold_19: 7.85400
price_threshold_20: 7.97300
price_threshold_21: 8.29700
price_threshold_22: 8.44700
price_threshold_23: 8.75800
data_price_hour_rel_-13_amount: 6.06300
data_price_hour_abs_00_amount: 6.06300
data_price_hour_rel_-12_amount: 5.93400
data_price_hour_abs_01_amount: 5.93400
data_price_hour_rel_-11_amount: 5.57600
data_price_hour_abs_02_amount: 5.57600
data_price_hour_rel_-10_amount: 5.47900
data_price_hour_abs_03_amount: 5.47900
data_price_hour_rel_-09_amount: 5.50600
data_price_hour_abs_04_amount: 5.50600
data_price_hour_rel_-08_amount: 5.84300
data_price_hour_abs_05_amount: 5.84300
data_price_hour_rel_-07_amount: 6.32300
data_price_hour_abs_06_amount: 6.32300
data_price_hour_rel_-06_amount: 7.27400
data_price_hour_abs_07_amount: 7.27400
data_price_hour_rel_-05_amount: 7.97300
data_price_hour_abs_08_amount: 7.97300
data_price_hour_rel_-04_amount: 6.96500
data_price_hour_abs_09_amount: 6.96500
data_price_hour_rel_-03_amount: 6.38600
data_price_hour_abs_10_amount: 6.38600
data_price_hour_rel_-02_amount: 6.32900
data_price_hour_abs_11_amount: 6.32900
data_price_hour_rel_-01_amount: 6.26300
data_price_hour_abs_12_amount: 6.26300
data_price_hour_rel_+00_amount: 6.38200
data_price_hour_abs_13_amount: 6.38200
data_price_hour_rel_+01_amount: 6.90300
data_price_hour_abs_14_amount: 6.90300
data_price_hour_rel_+02_amount: 7.22300
data_price_hour_abs_15_amount: 7.22300
data_price_hour_rel_+03_amount: 7.85400
data_price_hour_abs_16_amount: 7.85400
data_price_hour_rel_+04_amount: 8.29700
data_price_hour_abs_17_amount: 8.29700
data_price_hour_rel_+05_amount: 8.75800
data_price_hour_abs_18_amount: 8.75800
data_price_hour_rel_+06_amount: 8.44700
data_price_hour_abs_19_amount: 8.44700
data_price_hour_rel_+07_amount: 7.64800
data_price_hour_abs_20_amount: 7.64800
data_price_hour_rel_+08_amount: 6.96800
data_price_hour_abs_21_amount: 6.96800
data_price_hour_rel_+09_amount: 6.82000
data_price_hour_abs_22_amount: 6.82000
data_price_hour_rel_+10_amount: 6.38000
data_price_hour_abs_23_amount: 6.38000