date_now: 2024-12-22 13:25:31
date_now_epoch: 1734870331660
date_now_day: 22
date_now_month: 12
date_now_year: 2024
date_start: 2024-12-22 00:00:00
date_end: 2024-12-22 23:59:59
price_low: -0.20600
price_high: 6.54700
price_median: 2.12900
price_average: 2.29346
price_current: 2.13900
price_unit: Cent/kWh
price_threshold_00: -0.20600
price_threshold_01: -0.10400
price_threshold_02: -0.06800
price_threshold_03: -0.04700
price_threshold_04: -0.04600
price_threshold_05: -0.01200
price_threshold_06: -0.00300
price_threshold_07: 0.00000
price_threshold_08: 0.34600
price_threshold_09: 2.01700
price_threshold_10: 2.06000
price_threshold_11: 2.11900
price_threshold_12: 2.13900
price_threshold_13: 2.30000
price_threshold_14: 2.45000
price_threshold_15: 2.80200
price_threshold_16: 3.62000
price_threshold_17: 3.66600
price_threshold_18: 4.17700
price_threshold_19: 4.69300
price_threshold_20: 4.69300
price_threshold_21: 5.82100
price_threshold_22: 6.07900
price_threshold_23: 6.54700
data_price_hour_rel_-13_amount: 0.00000
data_price_hour_abs_00_amount: 0.00000
data_price_hour_rel_-12_amount: -0.00300
data_price_hour_abs_01_amount: -0.00300
data_price_hour_rel_-11_amount: -0.04600
data_price_hour_abs_02_amount: -0.04600
data_price_hour_rel_-10_amount: -0.10400
data_price_hour_abs_03_amount: -0.10400
data_price_hour_rel_-09_amount: -0.20600
data_price_hour_abs_04_amount: -0.20600
data_price_hour_rel_-08_amount: -0.04700
data_price_hour_abs_05_amount: -0.04700
data_price_hour_rel_-07_amount: -0.06800
data_price_hour_abs_06_amount: -0.06800
data_price_hour_rel_-06_amount: -0.01200
data_price_hour_abs_07_amount: -0.01200
data_price_hour_rel_-05_amount: 0.34600
data_price_hour_abs_08_amount: 0.34600
data_price_hour_rel_-04_amount: 2.06000
data_price_hour_abs_09_amount: 2.06000
data_price_hour_rel_-03_amount: 2.01700
data_price_hour_abs_10_amount: 2.01700
data_price_hour_rel_-02_amount: 2.30000
data_price_hour_abs_11_amount: 2.30000
data_price_hour_rel_-01_amount: 2.11900
data_price_hour_abs_12_amount: 2.11900
data_price_hour_rel_+00_amount: 2.13900
data_price_hour_abs_13_amount: 2.13900
data_price_hour_rel_+01_amount: 2.80200
data_price_hour_abs_14_amount: 2.80200
data_price_hour_rel_+02_amount: 4.17700
data_price_hour_abs_15_amount: 4.17700
data_price_hour_rel_+03_amount: 4.69300
data_price_hour_abs_16_amount: 4.69300
data_price_hour_rel_+04_amount: 6.54700
data_price_hour_abs_17_amount: 6.54700
data_price_hour_rel_+05_amount: 6.07900
data_price_hour_abs_18_amount: 6.07900
data_price_hour_rel_+06_amount: 5.82100
data_price_hour_abs_19_amount: 5.82100
data_price_hour_rel_+07_amount: 4.69300
data_price_hour_abs_20_amount: 4.69300
data_price_hour_rel_+08_amount: 3.66600
data_price_hour_abs_21_amount: 3.66600
data_price_hour_rel_+09_amount: 3.62000
data_price_hour_abs_22_amount: 3.62000
data_price_hour_rel_+10_amount: 2.45000
data_price_hour_abs_23_amount: 2.45000