date_now: 2024-11-17 13:26:50
date_now_epoch: 1731846410751
date_now_day: 17
date_now_month: 11
date_now_year: 2024
date_start: 2024-11-17 00:00:00
date_end: 2024-11-17 23:59:59
price_low: 3.48100
price_high: 10.28400
price_median: 6.47950
price_average: 6.34817
price_current: 4.68600
price_unit: Cent/kWh
price_threshold_00: 3.48100
price_threshold_01: 4.20000
price_threshold_02: 4.23600
price_threshold_03: 4.68600
price_threshold_04: 5.49000
price_threshold_05: 5.74100
price_threshold_06: 5.87200
price_threshold_07: 6.06900
price_threshold_08: 6.12500
price_threshold_09: 6.20200
price_threshold_10: 6.47900
price_threshold_11: 6.47900
price_threshold_12: 6.48000
price_threshold_13: 6.48000
price_threshold_14: 6.54000
price_threshold_15: 6.54000
price_threshold_16: 6.83000
price_threshold_17: 6.87600
price_threshold_18: 6.92800
price_threshold_19: 7.01000
price_threshold_20: 7.24800
price_threshold_21: 8.01000
price_threshold_22: 8.07000
price_threshold_23: 10.28400
data_price_hour_rel_-13_amount: 8.01000
data_price_hour_abs_00_amount: 8.01000
data_price_hour_rel_-12_amount: 6.92800
data_price_hour_abs_01_amount: 6.92800
data_price_hour_rel_-11_amount: 7.24800
data_price_hour_abs_02_amount: 7.24800
data_price_hour_rel_-10_amount: 5.87200
data_price_hour_abs_03_amount: 5.87200
data_price_hour_rel_-09_amount: 4.20000
data_price_hour_abs_04_amount: 4.20000
data_price_hour_rel_-08_amount: 3.48100
data_price_hour_abs_05_amount: 3.48100
data_price_hour_rel_-07_amount: 4.23600
data_price_hour_abs_06_amount: 4.23600
data_price_hour_rel_-06_amount: 6.06900
data_price_hour_abs_07_amount: 6.06900
data_price_hour_rel_-05_amount: 6.48000
data_price_hour_abs_08_amount: 6.48000
data_price_hour_rel_-04_amount: 6.54000
data_price_hour_abs_09_amount: 6.54000
data_price_hour_rel_-03_amount: 6.83000
data_price_hour_abs_10_amount: 6.83000
data_price_hour_rel_-02_amount: 6.47900
data_price_hour_abs_11_amount: 6.47900
data_price_hour_rel_-01_amount: 5.49000
data_price_hour_abs_12_amount: 5.49000
data_price_hour_rel_+00_amount: 4.68600
data_price_hour_abs_13_amount: 4.68600
data_price_hour_rel_+01_amount: 6.12500
data_price_hour_abs_14_amount: 6.12500
data_price_hour_rel_+02_amount: 6.48000
data_price_hour_abs_15_amount: 6.48000
data_price_hour_rel_+03_amount: 7.01000
data_price_hour_abs_16_amount: 7.01000
data_price_hour_rel_+04_amount: 10.28400
data_price_hour_abs_17_amount: 10.28400
data_price_hour_rel_+05_amount: 8.07000
data_price_hour_abs_18_amount: 8.07000
data_price_hour_rel_+06_amount: 6.54000
data_price_hour_abs_19_amount: 6.54000
data_price_hour_rel_+07_amount: 5.74100
data_price_hour_abs_20_amount: 5.74100
data_price_hour_rel_+08_amount: 6.47900
data_price_hour_abs_21_amount: 6.47900
data_price_hour_rel_+09_amount: 6.87600
data_price_hour_abs_22_amount: 6.87600
data_price_hour_rel_+10_amount: 6.20200
data_price_hour_abs_23_amount: 6.20200