date_now: 2024-04-17 14:20:54
date_now_epoch: 1713356454358
date_now_day: 17
date_now_month: 4
date_now_year: 2024
date_start: 2024-04-17 00:00:00
date_end: 2024-04-17 23:59:59
price_low: 7.70300
price_high: 16.99700
price_median: 8.38700
price_average: 10.20088
price_current: 7.77100
price_unit: Cent/kWh
price_threshold_00: 7.70300
price_threshold_01: 7.77100
price_threshold_02: 7.99000
price_threshold_03: 8.00000
price_threshold_04: 8.08200
price_threshold_05: 8.13500
price_threshold_06: 8.24000
price_threshold_07: 8.29600
price_threshold_08: 8.29800
price_threshold_09: 8.37300
price_threshold_10: 8.38400
price_threshold_11: 8.38400
price_threshold_12: 8.39000
price_threshold_13: 8.69000
price_threshold_14: 8.78100
price_threshold_15: 9.90400
price_threshold_16: 10.46200
price_threshold_17: 10.93900
price_threshold_18: 11.49700
price_threshold_19: 13.00600
price_threshold_20: 15.51700
price_threshold_21: 15.99200
price_threshold_22: 16.99000
price_threshold_23: 16.99700
data_price_hour_rel_-14_amount: 8.38400
data_price_hour_abs_00_amount: 8.38400
data_price_hour_rel_-13_amount: 8.38400
data_price_hour_abs_01_amount: 8.38400
data_price_hour_rel_-12_amount: 8.13500
data_price_hour_abs_02_amount: 8.13500
data_price_hour_rel_-11_amount: 8.24000
data_price_hour_abs_03_amount: 8.24000
data_price_hour_rel_-10_amount: 8.29600
data_price_hour_abs_04_amount: 8.29600
data_price_hour_rel_-09_amount: 8.37300
data_price_hour_abs_05_amount: 8.37300
data_price_hour_rel_-08_amount: 10.93900
data_price_hour_abs_06_amount: 10.93900
data_price_hour_rel_-07_amount: 16.99700
data_price_hour_abs_07_amount: 16.99700
data_price_hour_rel_-06_amount: 15.51700
data_price_hour_abs_08_amount: 15.51700
data_price_hour_rel_-05_amount: 10.46200
data_price_hour_abs_09_amount: 10.46200
data_price_hour_rel_-04_amount: 8.39000
data_price_hour_abs_10_amount: 8.39000
data_price_hour_rel_-03_amount: 7.99000
data_price_hour_abs_11_amount: 7.99000
data_price_hour_rel_-02_amount: 8.29800
data_price_hour_abs_12_amount: 8.29800
data_price_hour_rel_-01_amount: 8.08200
data_price_hour_abs_13_amount: 8.08200
data_price_hour_rel_+00_amount: 7.77100
data_price_hour_abs_14_amount: 7.77100
data_price_hour_rel_+01_amount: 7.70300
data_price_hour_abs_15_amount: 7.70300
data_price_hour_rel_+02_amount: 8.00000
data_price_hour_abs_16_amount: 8.00000
data_price_hour_rel_+03_amount: 8.69000
data_price_hour_abs_17_amount: 8.69000
data_price_hour_rel_+04_amount: 11.49700
data_price_hour_abs_18_amount: 11.49700
data_price_hour_rel_+05_amount: 15.99200
data_price_hour_abs_19_amount: 15.99200
data_price_hour_rel_+06_amount: 16.99000
data_price_hour_abs_20_amount: 16.99000
data_price_hour_rel_+07_amount: 13.00600
data_price_hour_abs_21_amount: 13.00600
data_price_hour_rel_+08_amount: 9.90400
data_price_hour_abs_22_amount: 9.90400
data_price_hour_rel_+09_amount: 8.78100
data_price_hour_abs_23_amount: 8.78100