date_now: 2024-09-25 14:28:38
date_now_epoch: 1727267318052
date_now_day: 25
date_now_month: 9
date_now_year: 2024
date_start: 2024-09-25 00:00:00
date_end: 2024-09-25 23:59:59
price_low: 1.87800
price_high: 19.54200
price_median: 7.12750
price_average: 7.51425
price_current: 5.55300
price_unit: Cent/kWh
price_threshold_00: 1.87800
price_threshold_01: 1.91000
price_threshold_02: 2.52400
price_threshold_03: 3.92000
price_threshold_04: 3.94500
price_threshold_05: 4.21800
price_threshold_06: 4.94600
price_threshold_07: 5.14800
price_threshold_08: 5.47700
price_threshold_09: 5.55300
price_threshold_10: 6.39500
price_threshold_11: 7.03200
price_threshold_12: 7.22300
price_threshold_13: 7.83400
price_threshold_14: 8.22200
price_threshold_15: 8.37700
price_threshold_16: 8.81500
price_threshold_17: 8.96900
price_threshold_18: 9.16400
price_threshold_19: 9.66100
price_threshold_20: 10.78500
price_threshold_21: 13.18400
price_threshold_22: 15.62000
price_threshold_23: 19.54200
data_price_hour_rel_-14_amount: 5.14800
data_price_hour_abs_00_amount: 5.14800
data_price_hour_rel_-13_amount: 4.21800
data_price_hour_abs_01_amount: 4.21800
data_price_hour_rel_-12_amount: 3.92000
data_price_hour_abs_02_amount: 3.92000
data_price_hour_rel_-11_amount: 3.94500
data_price_hour_abs_03_amount: 3.94500
data_price_hour_rel_-10_amount: 5.47700
data_price_hour_abs_04_amount: 5.47700
data_price_hour_rel_-09_amount: 6.39500
data_price_hour_abs_05_amount: 6.39500
data_price_hour_rel_-08_amount: 7.83400
data_price_hour_abs_06_amount: 7.83400
data_price_hour_rel_-07_amount: 8.37700
data_price_hour_abs_07_amount: 8.37700
data_price_hour_rel_-06_amount: 8.81500
data_price_hour_abs_08_amount: 8.81500
data_price_hour_rel_-05_amount: 7.03200
data_price_hour_abs_09_amount: 7.03200
data_price_hour_rel_-04_amount: 4.94600
data_price_hour_abs_10_amount: 4.94600
data_price_hour_rel_-03_amount: 2.52400
data_price_hour_abs_11_amount: 2.52400
data_price_hour_rel_-02_amount: 1.91000
data_price_hour_abs_12_amount: 1.91000
data_price_hour_rel_-01_amount: 1.87800
data_price_hour_abs_13_amount: 1.87800
data_price_hour_rel_+00_amount: 5.55300
data_price_hour_abs_14_amount: 5.55300
data_price_hour_rel_+01_amount: 7.22300
data_price_hour_abs_15_amount: 7.22300
data_price_hour_rel_+02_amount: 8.96900
data_price_hour_abs_16_amount: 8.96900
data_price_hour_rel_+03_amount: 10.78500
data_price_hour_abs_17_amount: 10.78500
data_price_hour_rel_+04_amount: 15.62000
data_price_hour_abs_18_amount: 15.62000
data_price_hour_rel_+05_amount: 19.54200
data_price_hour_abs_19_amount: 19.54200
data_price_hour_rel_+06_amount: 13.18400
data_price_hour_abs_20_amount: 13.18400
data_price_hour_rel_+07_amount: 9.66100
data_price_hour_abs_21_amount: 9.66100
data_price_hour_rel_+08_amount: 9.16400
data_price_hour_abs_22_amount: 9.16400
data_price_hour_rel_+09_amount: 8.22200
data_price_hour_abs_23_amount: 8.22200