date_now: 2024-02-10 13:18:42
date_now_epoch: 1707567522351
date_now_day: 10
date_now_month: 2
date_now_year: 2024
date_start: 2024-02-10 00:00:00
date_end: 2024-02-10 23:59:59
price_low: 6.31000
price_high: 8.89500
price_median: 6.94800
price_average: 7.21275
price_current: 6.67200
price_unit: Cent/kWh
price_threshold_00: 6.31000
price_threshold_01: 6.34600
price_threshold_02: 6.40800
price_threshold_03: 6.43900
price_threshold_04: 6.44000
price_threshold_05: 6.44100
price_threshold_06: 6.58200
price_threshold_07: 6.58600
price_threshold_08: 6.67200
price_threshold_09: 6.78400
price_threshold_10: 6.83000
price_threshold_11: 6.94300
price_threshold_12: 6.95300
price_threshold_13: 7.09100
price_threshold_14: 7.44000
price_threshold_15: 7.45900
price_threshold_16: 7.48600
price_threshold_17: 7.71700
price_threshold_18: 7.77000
price_threshold_19: 8.03800
price_threshold_20: 8.10100
price_threshold_21: 8.61300
price_threshold_22: 8.76200
price_threshold_23: 8.89500
data_price_hour_rel_-13_amount: 6.31000
data_price_hour_abs_00_amount: 6.31000
data_price_hour_rel_-12_amount: 6.40800
data_price_hour_abs_01_amount: 6.40800
data_price_hour_rel_-11_amount: 6.44000
data_price_hour_abs_02_amount: 6.44000
data_price_hour_rel_-10_amount: 6.43900
data_price_hour_abs_03_amount: 6.43900
data_price_hour_rel_-09_amount: 6.44100
data_price_hour_abs_04_amount: 6.44100
data_price_hour_rel_-08_amount: 6.58200
data_price_hour_abs_05_amount: 6.58200
data_price_hour_rel_-07_amount: 7.09100
data_price_hour_abs_06_amount: 7.09100
data_price_hour_rel_-06_amount: 7.48600
data_price_hour_abs_07_amount: 7.48600
data_price_hour_rel_-05_amount: 7.77000
data_price_hour_abs_08_amount: 7.77000
data_price_hour_rel_-04_amount: 8.03800
data_price_hour_abs_09_amount: 8.03800
data_price_hour_rel_-03_amount: 7.45900
data_price_hour_abs_10_amount: 7.45900
data_price_hour_rel_-02_amount: 6.94300
data_price_hour_abs_11_amount: 6.94300
data_price_hour_rel_-01_amount: 6.83000
data_price_hour_abs_12_amount: 6.83000
data_price_hour_rel_+00_amount: 6.67200
data_price_hour_abs_13_amount: 6.67200
data_price_hour_rel_+01_amount: 6.95300
data_price_hour_abs_14_amount: 6.95300
data_price_hour_rel_+02_amount: 7.71700
data_price_hour_abs_15_amount: 7.71700
data_price_hour_rel_+03_amount: 8.61300
data_price_hour_abs_16_amount: 8.61300
data_price_hour_rel_+04_amount: 8.89500
data_price_hour_abs_17_amount: 8.89500
data_price_hour_rel_+05_amount: 8.76200
data_price_hour_abs_18_amount: 8.76200
data_price_hour_rel_+06_amount: 8.10100
data_price_hour_abs_19_amount: 8.10100
data_price_hour_rel_+07_amount: 7.44000
data_price_hour_abs_20_amount: 7.44000
data_price_hour_rel_+08_amount: 6.78400
data_price_hour_abs_21_amount: 6.78400
data_price_hour_rel_+09_amount: 6.58600
data_price_hour_abs_22_amount: 6.58600
data_price_hour_rel_+10_amount: 6.34600
data_price_hour_abs_23_amount: 6.34600