date_now: 2024-06-29 14:22:52
date_now_epoch: 1719663772156
date_now_day: 29
date_now_month: 6
date_now_year: 2024
date_start: 2024-06-29 00:00:00
date_end: 2024-06-29 23:59:59
price_low: -0.02300
price_high: 13.92000
price_median: 9.52250
price_average: 7.05533
price_current: -0.00800
price_unit: Cent/kWh
price_threshold_00: -0.02300
price_threshold_01: -0.00800
price_threshold_02: -0.00200
price_threshold_03: 0.00400
price_threshold_04: 0.13000
price_threshold_05: 0.50400
price_threshold_06: 1.19100
price_threshold_07: 2.95800
price_threshold_08: 6.69100
price_threshold_09: 6.95100
price_threshold_10: 8.41400
price_threshold_11: 9.38300
price_threshold_12: 9.66200
price_threshold_13: 10.00800
price_threshold_14: 10.30700
price_threshold_15: 10.43000
price_threshold_16: 10.80900
price_threshold_17: 10.95600
price_threshold_18: 10.98900
price_threshold_19: 10.99100
price_threshold_20: 11.04000
price_threshold_21: 11.33000
price_threshold_22: 12.69300
price_threshold_23: 13.92000
data_price_hour_rel_-14_amount: 11.04000
data_price_hour_abs_00_amount: 11.04000
data_price_hour_rel_-13_amount: 10.99100
data_price_hour_abs_01_amount: 10.99100
data_price_hour_rel_-12_amount: 10.98900
data_price_hour_abs_02_amount: 10.98900
data_price_hour_rel_-11_amount: 10.95600
data_price_hour_abs_03_amount: 10.95600
data_price_hour_rel_-10_amount: 10.80900
data_price_hour_abs_04_amount: 10.80900
data_price_hour_rel_-09_amount: 10.30700
data_price_hour_abs_05_amount: 10.30700
data_price_hour_rel_-08_amount: 9.66200
data_price_hour_abs_06_amount: 9.66200
data_price_hour_rel_-07_amount: 8.41400
data_price_hour_abs_07_amount: 8.41400
data_price_hour_rel_-06_amount: 6.69100
data_price_hour_abs_08_amount: 6.69100
data_price_hour_rel_-05_amount: 2.95800
data_price_hour_abs_09_amount: 2.95800
data_price_hour_rel_-04_amount: 0.50400
data_price_hour_abs_10_amount: 0.50400
data_price_hour_rel_-03_amount: 0.00400
data_price_hour_abs_11_amount: 0.00400
data_price_hour_rel_-02_amount: -0.00200
data_price_hour_abs_12_amount: -0.00200
data_price_hour_rel_-01_amount: -0.02300
data_price_hour_abs_13_amount: -0.02300
data_price_hour_rel_+00_amount: -0.00800
data_price_hour_abs_14_amount: -0.00800
data_price_hour_rel_+01_amount: 0.13000
data_price_hour_abs_15_amount: 0.13000
data_price_hour_rel_+02_amount: 1.19100
data_price_hour_abs_16_amount: 1.19100
data_price_hour_rel_+03_amount: 6.95100
data_price_hour_abs_17_amount: 6.95100
data_price_hour_rel_+04_amount: 10.43000
data_price_hour_abs_18_amount: 10.43000
data_price_hour_rel_+05_amount: 12.69300
data_price_hour_abs_19_amount: 12.69300
data_price_hour_rel_+06_amount: 13.92000
data_price_hour_abs_20_amount: 13.92000
data_price_hour_rel_+07_amount: 11.33000
data_price_hour_abs_21_amount: 11.33000
data_price_hour_rel_+08_amount: 10.00800
data_price_hour_abs_22_amount: 10.00800
data_price_hour_rel_+09_amount: 9.38300
data_price_hour_abs_23_amount: 9.38300