date_now: 2024-06-13 14:23:49
date_now_epoch: 1718281429811
date_now_day: 13
date_now_month: 6
date_now_year: 2024
date_start: 2024-06-13 00:00:00
date_end: 2024-06-13 23:59:59
price_low: 3.84800
price_high: 11.88200
price_median: 7.96400
price_average: 8.28429
price_current: 3.84800
price_unit: Cent/kWh
price_threshold_00: 3.84800
price_threshold_01: 4.27100
price_threshold_02: 5.08500
price_threshold_03: 5.98300
price_threshold_04: 6.00900
price_threshold_05: 6.80500
price_threshold_06: 6.80700
price_threshold_07: 7.00700
price_threshold_08: 7.14500
price_threshold_09: 7.26200
price_threshold_10: 7.52900
price_threshold_11: 7.73300
price_threshold_12: 8.19500
price_threshold_13: 8.51600
price_threshold_14: 8.80300
price_threshold_15: 9.49700
price_threshold_16: 9.99300
price_threshold_17: 10.49900
price_threshold_18: 10.97700
price_threshold_19: 10.99700
price_threshold_20: 10.99800
price_threshold_21: 11.49100
price_threshold_22: 11.49100
price_threshold_23: 11.88200
data_price_hour_rel_-14_amount: 9.49700
data_price_hour_abs_00_amount: 9.49700
data_price_hour_rel_-13_amount: 8.19500
data_price_hour_abs_01_amount: 8.19500
data_price_hour_rel_-12_amount: 7.00700
data_price_hour_abs_02_amount: 7.00700
data_price_hour_rel_-11_amount: 7.73300
data_price_hour_abs_03_amount: 7.73300
data_price_hour_rel_-10_amount: 6.80700
data_price_hour_abs_04_amount: 6.80700
data_price_hour_rel_-09_amount: 8.51600
data_price_hour_abs_05_amount: 8.51600
data_price_hour_rel_-08_amount: 10.97700
data_price_hour_abs_06_amount: 10.97700
data_price_hour_rel_-07_amount: 11.88200
data_price_hour_abs_07_amount: 11.88200
data_price_hour_rel_-06_amount: 11.49100
data_price_hour_abs_08_amount: 11.49100
data_price_hour_rel_-05_amount: 8.80300
data_price_hour_abs_09_amount: 8.80300
data_price_hour_rel_-04_amount: 6.80500
data_price_hour_abs_10_amount: 6.80500
data_price_hour_rel_-03_amount: 5.98300
data_price_hour_abs_11_amount: 5.98300
data_price_hour_rel_-02_amount: 5.08500
data_price_hour_abs_12_amount: 5.08500
data_price_hour_rel_-01_amount: 4.27100
data_price_hour_abs_13_amount: 4.27100
data_price_hour_rel_+00_amount: 3.84800
data_price_hour_abs_14_amount: 3.84800
data_price_hour_rel_+01_amount: 6.00900
data_price_hour_abs_15_amount: 6.00900
data_price_hour_rel_+02_amount: 7.14500
data_price_hour_abs_16_amount: 7.14500
data_price_hour_rel_+03_amount: 7.26200
data_price_hour_abs_17_amount: 7.26200
data_price_hour_rel_+04_amount: 9.99300
data_price_hour_abs_18_amount: 9.99300
data_price_hour_rel_+05_amount: 11.49100
data_price_hour_abs_19_amount: 11.49100
data_price_hour_rel_+06_amount: 10.99800
data_price_hour_abs_20_amount: 10.99800
data_price_hour_rel_+07_amount: 10.99700
data_price_hour_abs_21_amount: 10.99700
data_price_hour_rel_+08_amount: 10.49900
data_price_hour_abs_22_amount: 10.49900
data_price_hour_rel_+09_amount: 7.52900
data_price_hour_abs_23_amount: 7.52900