date_now: 2024-12-14 13:28:08
date_now_epoch: 1734179288785
date_now_day: 14
date_now_month: 12
date_now_year: 2024
date_start: 2024-12-14 00:00:00
date_end: 2024-12-14 23:59:59
price_low: 7.38100
price_high: 12.49800
price_median: 10.03450
price_average: 10.12267
price_current: 10.29600
price_unit: Cent/kWh
price_threshold_00: 7.38100
price_threshold_01: 8.27800
price_threshold_02: 8.60100
price_threshold_03: 8.72500
price_threshold_04: 9.15500
price_threshold_05: 9.23500
price_threshold_06: 9.31500
price_threshold_07: 9.34400
price_threshold_08: 9.56000
price_threshold_09: 9.66300
price_threshold_10: 9.82400
price_threshold_11: 9.90200
price_threshold_12: 10.16700
price_threshold_13: 10.29600
price_threshold_14: 10.47100
price_threshold_15: 10.56700
price_threshold_16: 10.74800
price_threshold_17: 10.80400
price_threshold_18: 11.13600
price_threshold_19: 11.37500
price_threshold_20: 11.69400
price_threshold_21: 12.09300
price_threshold_22: 12.11200
price_threshold_23: 12.49800
data_price_hour_rel_-13_amount: 11.69400
data_price_hour_abs_00_amount: 11.69400
data_price_hour_rel_-12_amount: 11.13600
data_price_hour_abs_01_amount: 11.13600
data_price_hour_rel_-11_amount: 10.80400
data_price_hour_abs_02_amount: 10.80400
data_price_hour_rel_-10_amount: 9.90200
data_price_hour_abs_03_amount: 9.90200
data_price_hour_rel_-09_amount: 9.34400
data_price_hour_abs_04_amount: 9.34400
data_price_hour_rel_-08_amount: 9.15500
data_price_hour_abs_05_amount: 9.15500
data_price_hour_rel_-07_amount: 9.23500
data_price_hour_abs_06_amount: 9.23500
data_price_hour_rel_-06_amount: 10.16700
data_price_hour_abs_07_amount: 10.16700
data_price_hour_rel_-05_amount: 11.37500
data_price_hour_abs_08_amount: 11.37500
data_price_hour_rel_-04_amount: 12.49800
data_price_hour_abs_09_amount: 12.49800
data_price_hour_rel_-03_amount: 12.09300
data_price_hour_abs_10_amount: 12.09300
data_price_hour_rel_-02_amount: 10.74800
data_price_hour_abs_11_amount: 10.74800
data_price_hour_rel_-01_amount: 10.47100
data_price_hour_abs_12_amount: 10.47100
data_price_hour_rel_+00_amount: 10.29600
data_price_hour_abs_13_amount: 10.29600
data_price_hour_rel_+01_amount: 9.66300
data_price_hour_abs_14_amount: 9.66300
data_price_hour_rel_+02_amount: 9.82400
data_price_hour_abs_15_amount: 9.82400
data_price_hour_rel_+03_amount: 10.56700
data_price_hour_abs_16_amount: 10.56700
data_price_hour_rel_+04_amount: 12.11200
data_price_hour_abs_17_amount: 12.11200
data_price_hour_rel_+05_amount: 9.31500
data_price_hour_abs_18_amount: 9.31500
data_price_hour_rel_+06_amount: 9.56000
data_price_hour_abs_19_amount: 9.56000
data_price_hour_rel_+07_amount: 8.60100
data_price_hour_abs_20_amount: 8.60100
data_price_hour_rel_+08_amount: 8.27800
data_price_hour_abs_21_amount: 8.27800
data_price_hour_rel_+09_amount: 8.72500
data_price_hour_abs_22_amount: 8.72500
data_price_hour_rel_+10_amount: 7.38100
data_price_hour_abs_23_amount: 7.38100