date_now: 2024-07-16 14:25:38
date_now_epoch: 1721132738683
date_now_day: 16
date_now_month: 7
date_now_year: 2024
date_start: 2024-07-16 00:00:00
date_end: 2024-07-16 23:59:59
price_low: -1.14800
price_high: 12.16000
price_median: 5.76300
price_average: 5.03012
price_current: -1.14800
price_unit: Cent/kWh
price_threshold_00: -1.14800
price_threshold_01: -1.11400
price_threshold_02: -1.10300
price_threshold_03: -0.80300
price_threshold_04: -0.23000
price_threshold_05: 0.00600
price_threshold_06: 2.14900
price_threshold_07: 2.21200
price_threshold_08: 3.68200
price_threshold_09: 3.81600
price_threshold_10: 5.03200
price_threshold_11: 5.24900
price_threshold_12: 6.27700
price_threshold_13: 6.30200
price_threshold_14: 6.37700
price_threshold_15: 7.65900
price_threshold_16: 8.03500
price_threshold_17: 8.19900
price_threshold_18: 8.43100
price_threshold_19: 8.43100
price_threshold_20: 9.09500
price_threshold_21: 10.58100
price_threshold_22: 11.42800
price_threshold_23: 12.16000
data_price_hour_rel_-14_amount: 7.65900
data_price_hour_abs_00_amount: 7.65900
data_price_hour_rel_-13_amount: 6.37700
data_price_hour_abs_01_amount: 6.37700
data_price_hour_rel_-12_amount: 5.24900
data_price_hour_abs_02_amount: 5.24900
data_price_hour_rel_-11_amount: 3.68200
data_price_hour_abs_03_amount: 3.68200
data_price_hour_rel_-10_amount: 3.81600
data_price_hour_abs_04_amount: 3.81600
data_price_hour_rel_-09_amount: 5.03200
data_price_hour_abs_05_amount: 5.03200
data_price_hour_rel_-08_amount: 8.03500
data_price_hour_abs_06_amount: 8.03500
data_price_hour_rel_-07_amount: 9.09500
data_price_hour_abs_07_amount: 9.09500
data_price_hour_rel_-06_amount: 8.43100
data_price_hour_abs_08_amount: 8.43100
data_price_hour_rel_-05_amount: 6.27700
data_price_hour_abs_09_amount: 6.27700
data_price_hour_rel_-04_amount: 2.14900
data_price_hour_abs_10_amount: 2.14900
data_price_hour_rel_-03_amount: 0.00600
data_price_hour_abs_11_amount: 0.00600
data_price_hour_rel_-02_amount: -0.80300
data_price_hour_abs_12_amount: -0.80300
data_price_hour_rel_-01_amount: -1.10300
data_price_hour_abs_13_amount: -1.10300
data_price_hour_rel_+00_amount: -1.14800
data_price_hour_abs_14_amount: -1.14800
data_price_hour_rel_+01_amount: -1.11400
data_price_hour_abs_15_amount: -1.11400
data_price_hour_rel_+02_amount: -0.23000
data_price_hour_abs_16_amount: -0.23000
data_price_hour_rel_+03_amount: 2.21200
data_price_hour_abs_17_amount: 2.21200
data_price_hour_rel_+04_amount: 6.30200
data_price_hour_abs_18_amount: 6.30200
data_price_hour_rel_+05_amount: 8.19900
data_price_hour_abs_19_amount: 8.19900
data_price_hour_rel_+06_amount: 12.16000
data_price_hour_abs_20_amount: 12.16000
data_price_hour_rel_+07_amount: 11.42800
data_price_hour_abs_21_amount: 11.42800
data_price_hour_rel_+08_amount: 10.58100
data_price_hour_abs_22_amount: 10.58100
data_price_hour_rel_+09_amount: 8.43100
data_price_hour_abs_23_amount: 8.43100