date_now: 2024-04-27 14:19:00
date_now_epoch: 1714220340270
date_now_day: 27
date_now_month: 4
date_now_year: 2024
date_start: 2024-04-27 00:00:00
date_end: 2024-04-27 23:59:59
price_low: -0.00600
price_high: 11.99000
price_median: 7.74700
price_average: 6.21688
price_current: 0.00000
price_unit: Cent/kWh
price_threshold_00: -0.00600
price_threshold_01: 0.00000
price_threshold_02: 0.00000
price_threshold_03: 0.00300
price_threshold_04: 0.84300
price_threshold_05: 1.99500
price_threshold_06: 3.60200
price_threshold_07: 5.90700
price_threshold_08: 6.21800
price_threshold_09: 6.52300
price_threshold_10: 6.86500
price_threshold_11: 7.59000
price_threshold_12: 7.90400
price_threshold_13: 8.50000
price_threshold_14: 8.56800
price_threshold_15: 8.60800
price_threshold_16: 8.61800
price_threshold_17: 8.65900
price_threshold_18: 8.76900
price_threshold_19: 8.89000
price_threshold_20: 8.90300
price_threshold_21: 9.02900
price_threshold_22: 11.22700
price_threshold_23: 11.99000
data_price_hour_rel_-14_amount: 9.02900
data_price_hour_abs_00_amount: 9.02900
data_price_hour_rel_-13_amount: 8.89000
data_price_hour_abs_01_amount: 8.89000
data_price_hour_rel_-12_amount: 8.65900
data_price_hour_abs_02_amount: 8.65900
data_price_hour_rel_-11_amount: 8.90300
data_price_hour_abs_03_amount: 8.90300
data_price_hour_rel_-10_amount: 8.76900
data_price_hour_abs_04_amount: 8.76900
data_price_hour_rel_-09_amount: 8.56800
data_price_hour_abs_05_amount: 8.56800
data_price_hour_rel_-08_amount: 8.60800
data_price_hour_abs_06_amount: 8.60800
data_price_hour_rel_-07_amount: 7.90400
data_price_hour_abs_07_amount: 7.90400
data_price_hour_rel_-06_amount: 6.86500
data_price_hour_abs_08_amount: 6.86500
data_price_hour_rel_-05_amount: 5.90700
data_price_hour_abs_09_amount: 5.90700
data_price_hour_rel_-04_amount: 3.60200
data_price_hour_abs_10_amount: 3.60200
data_price_hour_rel_-03_amount: 0.84300
data_price_hour_abs_11_amount: 0.84300
data_price_hour_rel_-02_amount: 0.00300
data_price_hour_abs_12_amount: 0.00300
data_price_hour_rel_-01_amount: -0.00600
data_price_hour_abs_13_amount: -0.00600
data_price_hour_rel_+00_amount: 0.00000
data_price_hour_abs_14_amount: 0.00000
data_price_hour_rel_+01_amount: 0.00000
data_price_hour_abs_15_amount: 0.00000
data_price_hour_rel_+02_amount: 1.99500
data_price_hour_abs_16_amount: 1.99500
data_price_hour_rel_+03_amount: 6.21800
data_price_hour_abs_17_amount: 6.21800
data_price_hour_rel_+04_amount: 8.61800
data_price_hour_abs_18_amount: 8.61800
data_price_hour_rel_+05_amount: 11.99000
data_price_hour_abs_19_amount: 11.99000
data_price_hour_rel_+06_amount: 11.22700
data_price_hour_abs_20_amount: 11.22700
data_price_hour_rel_+07_amount: 8.50000
data_price_hour_abs_21_amount: 8.50000
data_price_hour_rel_+08_amount: 7.59000
data_price_hour_abs_22_amount: 7.59000
data_price_hour_rel_+09_amount: 6.52300
data_price_hour_abs_23_amount: 6.52300