date_now: 2024-11-30 13:27:38
date_now_epoch: 1732969658290
date_now_day: 30
date_now_month: 11
date_now_year: 2024
date_start: 2024-11-30 00:00:00
date_end: 2024-11-30 23:59:59
price_low: 8.52000
price_high: 13.69400
price_median: 9.60900
price_average: 10.42404
price_current: 9.00300
price_unit: Cent/kWh
price_threshold_00: 8.52000
price_threshold_01: 8.61200
price_threshold_02: 8.69000
price_threshold_03: 8.77000
price_threshold_04: 8.81800
price_threshold_05: 8.89000
price_threshold_06: 8.96900
price_threshold_07: 9.00300
price_threshold_08: 9.01800
price_threshold_09: 9.11700
price_threshold_10: 9.20000
price_threshold_11: 9.33500
price_threshold_12: 9.88300
price_threshold_13: 10.30600
price_threshold_14: 10.66700
price_threshold_15: 10.73900
price_threshold_16: 11.47800
price_threshold_17: 11.50800
price_threshold_18: 12.43400
price_threshold_19: 12.45100
price_threshold_20: 13.19600
price_threshold_21: 13.28900
price_threshold_22: 13.59000
price_threshold_23: 13.69400
data_price_hour_rel_-13_amount: 9.88300
data_price_hour_abs_00_amount: 9.88300
data_price_hour_rel_-12_amount: 9.20000
data_price_hour_abs_01_amount: 9.20000
data_price_hour_rel_-11_amount: 8.96900
data_price_hour_abs_02_amount: 8.96900
data_price_hour_rel_-10_amount: 8.69000
data_price_hour_abs_03_amount: 8.69000
data_price_hour_rel_-09_amount: 8.81800
data_price_hour_abs_04_amount: 8.81800
data_price_hour_rel_-08_amount: 9.01800
data_price_hour_abs_05_amount: 9.01800
data_price_hour_rel_-07_amount: 8.89000
data_price_hour_abs_06_amount: 8.89000
data_price_hour_rel_-06_amount: 10.30600
data_price_hour_abs_07_amount: 10.30600
data_price_hour_rel_-05_amount: 10.73900
data_price_hour_abs_08_amount: 10.73900
data_price_hour_rel_-04_amount: 9.11700
data_price_hour_abs_09_amount: 9.11700
data_price_hour_rel_-03_amount: 8.52000
data_price_hour_abs_10_amount: 8.52000
data_price_hour_rel_-02_amount: 8.61200
data_price_hour_abs_11_amount: 8.61200
data_price_hour_rel_-01_amount: 8.77000
data_price_hour_abs_12_amount: 8.77000
data_price_hour_rel_+00_amount: 9.00300
data_price_hour_abs_13_amount: 9.00300
data_price_hour_rel_+01_amount: 9.33500
data_price_hour_abs_14_amount: 9.33500
data_price_hour_rel_+02_amount: 12.43400
data_price_hour_abs_15_amount: 12.43400
data_price_hour_rel_+03_amount: 13.28900
data_price_hour_abs_16_amount: 13.28900
data_price_hour_rel_+04_amount: 13.69400
data_price_hour_abs_17_amount: 13.69400
data_price_hour_rel_+05_amount: 13.59000
data_price_hour_abs_18_amount: 13.59000
data_price_hour_rel_+06_amount: 13.19600
data_price_hour_abs_19_amount: 13.19600
data_price_hour_rel_+07_amount: 12.45100
data_price_hour_abs_20_amount: 12.45100
data_price_hour_rel_+08_amount: 11.50800
data_price_hour_abs_21_amount: 11.50800
data_price_hour_rel_+09_amount: 11.47800
data_price_hour_abs_22_amount: 11.47800
data_price_hour_rel_+10_amount: 10.66700
data_price_hour_abs_23_amount: 10.66700