date_now: 2024-09-04 14:27:13
date_now_epoch: 1725452833830
date_now_day: 4
date_now_month: 9
date_now_year: 2024
date_start: 2024-09-04 00:00:00
date_end: 2024-09-04 23:59:59
price_low: 8.92000
price_high: 32.00700
price_median: 10.76900
price_average: 12.58367
price_current: 8.92000
price_unit: Cent/kWh
price_threshold_00: 8.92000
price_threshold_01: 9.04900
price_threshold_02: 9.20000
price_threshold_03: 9.27200
price_threshold_04: 9.60600
price_threshold_05: 9.90300
price_threshold_06: 9.90600
price_threshold_07: 9.95800
price_threshold_08: 9.99800
price_threshold_09: 10.10200
price_threshold_10: 10.18500
price_threshold_11: 10.72100
price_threshold_12: 10.81700
price_threshold_13: 10.85900
price_threshold_14: 10.93700
price_threshold_15: 12.39700
price_threshold_16: 12.52900
price_threshold_17: 13.04200
price_threshold_18: 14.40200
price_threshold_19: 15.57000
price_threshold_20: 15.58900
price_threshold_21: 18.11600
price_threshold_22: 18.92300
price_threshold_23: 32.00700
data_price_hour_rel_-14_amount: 10.81700
data_price_hour_abs_00_amount: 10.81700
data_price_hour_rel_-13_amount: 10.10200
data_price_hour_abs_01_amount: 10.10200
data_price_hour_rel_-12_amount: 9.90300
data_price_hour_abs_02_amount: 9.90300
data_price_hour_rel_-11_amount: 9.99800
data_price_hour_abs_03_amount: 9.99800
data_price_hour_rel_-10_amount: 9.90600
data_price_hour_abs_04_amount: 9.90600
data_price_hour_rel_-09_amount: 10.93700
data_price_hour_abs_05_amount: 10.93700
data_price_hour_rel_-08_amount: 14.40200
data_price_hour_abs_06_amount: 14.40200
data_price_hour_rel_-07_amount: 18.11600
data_price_hour_abs_07_amount: 18.11600
data_price_hour_rel_-06_amount: 15.58900
data_price_hour_abs_08_amount: 15.58900
data_price_hour_rel_-05_amount: 12.52900
data_price_hour_abs_09_amount: 12.52900
data_price_hour_rel_-04_amount: 10.72100
data_price_hour_abs_10_amount: 10.72100
data_price_hour_rel_-03_amount: 9.60600
data_price_hour_abs_11_amount: 9.60600
data_price_hour_rel_-02_amount: 9.20000
data_price_hour_abs_12_amount: 9.20000
data_price_hour_rel_-01_amount: 9.04900
data_price_hour_abs_13_amount: 9.04900
data_price_hour_rel_+00_amount: 8.92000
data_price_hour_abs_14_amount: 8.92000
data_price_hour_rel_+01_amount: 9.27200
data_price_hour_abs_15_amount: 9.27200
data_price_hour_rel_+02_amount: 10.18500
data_price_hour_abs_16_amount: 10.18500
data_price_hour_rel_+03_amount: 12.39700
data_price_hour_abs_17_amount: 12.39700
data_price_hour_rel_+04_amount: 15.57000
data_price_hour_abs_18_amount: 15.57000
data_price_hour_rel_+05_amount: 32.00700
data_price_hour_abs_19_amount: 32.00700
data_price_hour_rel_+06_amount: 18.92300
data_price_hour_abs_20_amount: 18.92300
data_price_hour_rel_+07_amount: 13.04200
data_price_hour_abs_21_amount: 13.04200
data_price_hour_rel_+08_amount: 10.85900
data_price_hour_abs_22_amount: 10.85900
data_price_hour_rel_+09_amount: 9.95800
data_price_hour_abs_23_amount: 9.95800