date_now: 2024-02-09 13:19:24
date_now_epoch: 1707481164455
date_now_day: 9
date_now_month: 2
date_now_year: 2024
date_start: 2024-02-09 00:00:00
date_end: 2024-02-09 23:59:59
price_low: 4.99600
price_high: 9.54500
price_median: 6.97300
price_average: 7.05179
price_current: 6.77400
price_unit: Cent/kWh
price_threshold_00: 4.99600
price_threshold_01: 5.16100
price_threshold_02: 5.23200
price_threshold_03: 5.57400
price_threshold_04: 5.86100
price_threshold_05: 5.90800
price_threshold_06: 6.04300
price_threshold_07: 6.67900
price_threshold_08: 6.77400
price_threshold_09: 6.78500
price_threshold_10: 6.83700
price_threshold_11: 6.95200
price_threshold_12: 6.99400
price_threshold_13: 7.01300
price_threshold_14: 7.09400
price_threshold_15: 7.32200
price_threshold_16: 7.49100
price_threshold_17: 7.52000
price_threshold_18: 8.04400
price_threshold_19: 8.15600
price_threshold_20: 8.70500
price_threshold_21: 9.01200
price_threshold_22: 9.54500
price_threshold_23: 9.54500
data_price_hour_rel_-13_amount: 6.04300
data_price_hour_abs_00_amount: 6.04300
data_price_hour_rel_-12_amount: 5.86100
data_price_hour_abs_01_amount: 5.86100
data_price_hour_rel_-11_amount: 5.57400
data_price_hour_abs_02_amount: 5.57400
data_price_hour_rel_-10_amount: 5.16100
data_price_hour_abs_03_amount: 5.16100
data_price_hour_rel_-09_amount: 4.99600
data_price_hour_abs_04_amount: 4.99600
data_price_hour_rel_-08_amount: 5.23200
data_price_hour_abs_05_amount: 5.23200
data_price_hour_rel_-07_amount: 5.90800
data_price_hour_abs_06_amount: 5.90800
data_price_hour_rel_-06_amount: 6.67900
data_price_hour_abs_07_amount: 6.67900
data_price_hour_rel_-05_amount: 7.01300
data_price_hour_abs_08_amount: 7.01300
data_price_hour_rel_-04_amount: 6.83700
data_price_hour_abs_09_amount: 6.83700
data_price_hour_rel_-03_amount: 6.95200
data_price_hour_abs_10_amount: 6.95200
data_price_hour_rel_-02_amount: 6.99400
data_price_hour_abs_11_amount: 6.99400
data_price_hour_rel_-01_amount: 6.78500
data_price_hour_abs_12_amount: 6.78500
data_price_hour_rel_+00_amount: 6.77400
data_price_hour_abs_13_amount: 6.77400
data_price_hour_rel_+01_amount: 7.32200
data_price_hour_abs_14_amount: 7.32200
data_price_hour_rel_+02_amount: 8.15600
data_price_hour_abs_15_amount: 8.15600
data_price_hour_rel_+03_amount: 9.01200
data_price_hour_abs_16_amount: 9.01200
data_price_hour_rel_+04_amount: 9.54500
data_price_hour_abs_17_amount: 9.54500
data_price_hour_rel_+05_amount: 9.54500
data_price_hour_abs_18_amount: 9.54500
data_price_hour_rel_+06_amount: 8.70500
data_price_hour_abs_19_amount: 8.70500
data_price_hour_rel_+07_amount: 8.04400
data_price_hour_abs_20_amount: 8.04400
data_price_hour_rel_+08_amount: 7.52000
data_price_hour_abs_21_amount: 7.52000
data_price_hour_rel_+09_amount: 7.49100
data_price_hour_abs_22_amount: 7.49100
data_price_hour_rel_+10_amount: 7.09400
data_price_hour_abs_23_amount: 7.09400