date_now: 2024-02-28 13:19:42
date_now_epoch: 1709122782440
date_now_day: 28
date_now_month: 2
date_now_year: 2024
date_start: 2024-02-28 00:00:00
date_end: 2024-02-28 23:59:59
price_low: 5.51200
price_high: 10.44900
price_median: 6.64400
price_average: 7.18213
price_current: 6.07200
price_unit: Cent/kWh
price_threshold_00: 5.51200
price_threshold_01: 5.94000
price_threshold_02: 6.03600
price_threshold_03: 6.07200
price_threshold_04: 6.13400
price_threshold_05: 6.15100
price_threshold_06: 6.25900
price_threshold_07: 6.34600
price_threshold_08: 6.37400
price_threshold_09: 6.39300
price_threshold_10: 6.40200
price_threshold_11: 6.54400
price_threshold_12: 6.74400
price_threshold_13: 6.75500
price_threshold_14: 7.04300
price_threshold_15: 7.39900
price_threshold_16: 7.43000
price_threshold_17: 7.49600
price_threshold_18: 7.82900
price_threshold_19: 8.54600
price_threshold_20: 9.30400
price_threshold_21: 9.32400
price_threshold_22: 9.88900
price_threshold_23: 10.44900
data_price_hour_rel_-13_amount: 6.03600
data_price_hour_abs_00_amount: 6.03600
data_price_hour_rel_-12_amount: 5.94000
data_price_hour_abs_01_amount: 5.94000
data_price_hour_rel_-11_amount: 6.13400
data_price_hour_abs_02_amount: 6.13400
data_price_hour_rel_-10_amount: 6.34600
data_price_hour_abs_03_amount: 6.34600
data_price_hour_rel_-09_amount: 6.37400
data_price_hour_abs_04_amount: 6.37400
data_price_hour_rel_-08_amount: 6.74400
data_price_hour_abs_05_amount: 6.74400
data_price_hour_rel_-07_amount: 7.43000
data_price_hour_abs_06_amount: 7.43000
data_price_hour_rel_-06_amount: 9.88900
data_price_hour_abs_07_amount: 9.88900
data_price_hour_rel_-05_amount: 10.44900
data_price_hour_abs_08_amount: 10.44900
data_price_hour_rel_-04_amount: 8.54600
data_price_hour_abs_09_amount: 8.54600
data_price_hour_rel_-03_amount: 7.39900
data_price_hour_abs_10_amount: 7.39900
data_price_hour_rel_-02_amount: 6.75500
data_price_hour_abs_11_amount: 6.75500
data_price_hour_rel_-01_amount: 6.39300
data_price_hour_abs_12_amount: 6.39300
data_price_hour_rel_+00_amount: 6.07200
data_price_hour_abs_13_amount: 6.07200
data_price_hour_rel_+01_amount: 6.15100
data_price_hour_abs_14_amount: 6.15100
data_price_hour_rel_+02_amount: 7.04300
data_price_hour_abs_15_amount: 7.04300
data_price_hour_rel_+03_amount: 7.49600
data_price_hour_abs_16_amount: 7.49600
data_price_hour_rel_+04_amount: 9.30400
data_price_hour_abs_17_amount: 9.30400
data_price_hour_rel_+05_amount: 9.32400
data_price_hour_abs_18_amount: 9.32400
data_price_hour_rel_+06_amount: 7.82900
data_price_hour_abs_19_amount: 7.82900
data_price_hour_rel_+07_amount: 6.54400
data_price_hour_abs_20_amount: 6.54400
data_price_hour_rel_+08_amount: 6.25900
data_price_hour_abs_21_amount: 6.25900
data_price_hour_rel_+09_amount: 6.40200
data_price_hour_abs_22_amount: 6.40200
data_price_hour_rel_+10_amount: 5.51200
data_price_hour_abs_23_amount: 5.51200