date_now: 2024-05-31 14:22:47
date_now_epoch: 1717158167083
date_now_day: 31
date_now_month: 5
date_now_year: 2024
date_start: 2024-05-31 00:00:00
date_end: 2024-05-31 23:59:59
price_low: 6.53000
price_high: 11.50000
price_median: 8.71200
price_average: 8.92171
price_current: 6.53000
price_unit: Cent/kWh
price_threshold_00: 6.53000
price_threshold_01: 6.69400
price_threshold_02: 6.85000
price_threshold_03: 7.37100
price_threshold_04: 7.45300
price_threshold_05: 7.49100
price_threshold_06: 7.50700
price_threshold_07: 7.94900
price_threshold_08: 8.07100
price_threshold_09: 8.20200
price_threshold_10: 8.41000
price_threshold_11: 8.41800
price_threshold_12: 9.00600
price_threshold_13: 9.19700
price_threshold_14: 9.44600
price_threshold_15: 9.62100
price_threshold_16: 10.17400
price_threshold_17: 10.23600
price_threshold_18: 10.62700
price_threshold_19: 10.79100
price_threshold_20: 10.79400
price_threshold_21: 10.87200
price_threshold_22: 10.91100
price_threshold_23: 11.50000
data_price_hour_rel_-14_amount: 9.62100
data_price_hour_abs_00_amount: 9.62100
data_price_hour_rel_-13_amount: 8.07100
data_price_hour_abs_01_amount: 8.07100
data_price_hour_rel_-12_amount: 7.94900
data_price_hour_abs_02_amount: 7.94900
data_price_hour_rel_-11_amount: 7.37100
data_price_hour_abs_03_amount: 7.37100
data_price_hour_rel_-10_amount: 7.45300
data_price_hour_abs_04_amount: 7.45300
data_price_hour_rel_-09_amount: 9.00600
data_price_hour_abs_05_amount: 9.00600
data_price_hour_rel_-08_amount: 10.62700
data_price_hour_abs_06_amount: 10.62700
data_price_hour_rel_-07_amount: 10.91100
data_price_hour_abs_07_amount: 10.91100
data_price_hour_rel_-06_amount: 10.87200
data_price_hour_abs_08_amount: 10.87200
data_price_hour_rel_-05_amount: 10.23600
data_price_hour_abs_09_amount: 10.23600
data_price_hour_rel_-04_amount: 9.19700
data_price_hour_abs_10_amount: 9.19700
data_price_hour_rel_-03_amount: 8.20200
data_price_hour_abs_11_amount: 8.20200
data_price_hour_rel_-02_amount: 7.49100
data_price_hour_abs_12_amount: 7.49100
data_price_hour_rel_-01_amount: 6.85000
data_price_hour_abs_13_amount: 6.85000
data_price_hour_rel_+00_amount: 6.53000
data_price_hour_abs_14_amount: 6.53000
data_price_hour_rel_+01_amount: 6.69400
data_price_hour_abs_15_amount: 6.69400
data_price_hour_rel_+02_amount: 7.50700
data_price_hour_abs_16_amount: 7.50700
data_price_hour_rel_+03_amount: 8.41000
data_price_hour_abs_17_amount: 8.41000
data_price_hour_rel_+04_amount: 9.44600
data_price_hour_abs_18_amount: 9.44600
data_price_hour_rel_+05_amount: 10.79400
data_price_hour_abs_19_amount: 10.79400
data_price_hour_rel_+06_amount: 11.50000
data_price_hour_abs_20_amount: 11.50000
data_price_hour_rel_+07_amount: 10.79100
data_price_hour_abs_21_amount: 10.79100
data_price_hour_rel_+08_amount: 10.17400
data_price_hour_abs_22_amount: 10.17400
data_price_hour_rel_+09_amount: 8.41800
data_price_hour_abs_23_amount: 8.41800