date_now: 2024-10-24 14:28:39
date_now_epoch: 1729772919390
date_now_day: 24
date_now_month: 10
date_now_year: 2024
date_start: 2024-10-24 00:00:00
date_end: 2024-10-24 23:59:59
price_low: 7.91500
price_high: 17.12700
price_median: 9.33450
price_average: 10.16792
price_current: 8.15100
price_unit: Cent/kWh
price_threshold_00: 7.91500
price_threshold_01: 8.02900
price_threshold_02: 8.04500
price_threshold_03: 8.06700
price_threshold_04: 8.15100
price_threshold_05: 8.24200
price_threshold_06: 8.36100
price_threshold_07: 8.38200
price_threshold_08: 8.39600
price_threshold_09: 8.99000
price_threshold_10: 9.17500
price_threshold_11: 9.30500
price_threshold_12: 9.36400
price_threshold_13: 9.57000
price_threshold_14: 9.66100
price_threshold_15: 10.19100
price_threshold_16: 10.32100
price_threshold_17: 11.41900
price_threshold_18: 11.61700
price_threshold_19: 11.73000
price_threshold_20: 12.99000
price_threshold_21: 14.15300
price_threshold_22: 14.82900
price_threshold_23: 17.12700
data_price_hour_rel_-14_amount: 9.17500
data_price_hour_abs_00_amount: 9.17500
data_price_hour_rel_-13_amount: 8.24200
data_price_hour_abs_01_amount: 8.24200
data_price_hour_rel_-12_amount: 8.06700
data_price_hour_abs_02_amount: 8.06700
data_price_hour_rel_-11_amount: 8.02900
data_price_hour_abs_03_amount: 8.02900
data_price_hour_rel_-10_amount: 8.04500
data_price_hour_abs_04_amount: 8.04500
data_price_hour_rel_-09_amount: 8.38200
data_price_hour_abs_05_amount: 8.38200
data_price_hour_rel_-08_amount: 10.32100
data_price_hour_abs_06_amount: 10.32100
data_price_hour_rel_-07_amount: 14.82900
data_price_hour_abs_07_amount: 14.82900
data_price_hour_rel_-06_amount: 17.12700
data_price_hour_abs_08_amount: 17.12700
data_price_hour_rel_-05_amount: 11.73000
data_price_hour_abs_09_amount: 11.73000
data_price_hour_rel_-04_amount: 10.19100
data_price_hour_abs_10_amount: 10.19100
data_price_hour_rel_-03_amount: 9.30500
data_price_hour_abs_11_amount: 9.30500
data_price_hour_rel_-02_amount: 8.39600
data_price_hour_abs_12_amount: 8.39600
data_price_hour_rel_-01_amount: 7.91500
data_price_hour_abs_13_amount: 7.91500
data_price_hour_rel_+00_amount: 8.15100
data_price_hour_abs_14_amount: 8.15100
data_price_hour_rel_+01_amount: 9.57000
data_price_hour_abs_15_amount: 9.57000
data_price_hour_rel_+02_amount: 11.61700
data_price_hour_abs_16_amount: 11.61700
data_price_hour_rel_+03_amount: 12.99000
data_price_hour_abs_17_amount: 12.99000
data_price_hour_rel_+04_amount: 14.15300
data_price_hour_abs_18_amount: 14.15300
data_price_hour_rel_+05_amount: 11.41900
data_price_hour_abs_19_amount: 11.41900
data_price_hour_rel_+06_amount: 9.66100
data_price_hour_abs_20_amount: 9.66100
data_price_hour_rel_+07_amount: 9.36400
data_price_hour_abs_21_amount: 9.36400
data_price_hour_rel_+08_amount: 8.99000
data_price_hour_abs_22_amount: 8.99000
data_price_hour_rel_+09_amount: 8.36100
data_price_hour_abs_23_amount: 8.36100