date_now: 2024-10-07 14:29:27
date_now_epoch: 1728304167459
date_now_day: 7
date_now_month: 10
date_now_year: 2024
date_start: 2024-10-07 00:00:00
date_end: 2024-10-07 23:59:59
price_low: 3.01500
price_high: 23.76500
price_median: 6.73000
price_average: 8.37200
price_current: 5.50000
price_unit: Cent/kWh
price_threshold_00: 3.01500
price_threshold_01: 3.32500
price_threshold_02: 3.45800
price_threshold_03: 3.53400
price_threshold_04: 3.60900
price_threshold_05: 4.32900
price_threshold_06: 4.67300
price_threshold_07: 5.41100
price_threshold_08: 5.50000
price_threshold_09: 6.02200
price_threshold_10: 6.60900
price_threshold_11: 6.70100
price_threshold_12: 6.75900
price_threshold_13: 7.91200
price_threshold_14: 9.18600
price_threshold_15: 9.19100
price_threshold_16: 9.79000
price_threshold_17: 9.99300
price_threshold_18: 10.09200
price_threshold_19: 10.83200
price_threshold_20: 12.07100
price_threshold_21: 12.19800
price_threshold_22: 22.95300
price_threshold_23: 23.76500
data_price_hour_rel_-14_amount: 3.45800
data_price_hour_abs_00_amount: 3.45800
data_price_hour_rel_-13_amount: 3.53400
data_price_hour_abs_01_amount: 3.53400
data_price_hour_rel_-12_amount: 3.32500
data_price_hour_abs_02_amount: 3.32500
data_price_hour_rel_-11_amount: 3.01500
data_price_hour_abs_03_amount: 3.01500
data_price_hour_rel_-10_amount: 3.60900
data_price_hour_abs_04_amount: 3.60900
data_price_hour_rel_-09_amount: 4.67300
data_price_hour_abs_05_amount: 4.67300
data_price_hour_rel_-08_amount: 6.75900
data_price_hour_abs_06_amount: 6.75900
data_price_hour_rel_-07_amount: 10.09200
data_price_hour_abs_07_amount: 10.09200
data_price_hour_rel_-06_amount: 10.83200
data_price_hour_abs_08_amount: 10.83200
data_price_hour_rel_-05_amount: 9.18600
data_price_hour_abs_09_amount: 9.18600
data_price_hour_rel_-04_amount: 6.60900
data_price_hour_abs_10_amount: 6.60900
data_price_hour_rel_-03_amount: 6.02200
data_price_hour_abs_11_amount: 6.02200
data_price_hour_rel_-02_amount: 5.41100
data_price_hour_abs_12_amount: 5.41100
data_price_hour_rel_-01_amount: 4.32900
data_price_hour_abs_13_amount: 4.32900
data_price_hour_rel_+00_amount: 5.50000
data_price_hour_abs_14_amount: 5.50000
data_price_hour_rel_+01_amount: 6.70100
data_price_hour_abs_15_amount: 6.70100
data_price_hour_rel_+02_amount: 9.79000
data_price_hour_abs_16_amount: 9.79000
data_price_hour_rel_+03_amount: 12.07100
data_price_hour_abs_17_amount: 12.07100
data_price_hour_rel_+04_amount: 23.76500
data_price_hour_abs_18_amount: 23.76500
data_price_hour_rel_+05_amount: 22.95300
data_price_hour_abs_19_amount: 22.95300
data_price_hour_rel_+06_amount: 12.19800
data_price_hour_abs_20_amount: 12.19800
data_price_hour_rel_+07_amount: 9.99300
data_price_hour_abs_21_amount: 9.99300
data_price_hour_rel_+08_amount: 9.19100
data_price_hour_abs_22_amount: 9.19100
data_price_hour_rel_+09_amount: 7.91200
data_price_hour_abs_23_amount: 7.91200