date_now: 2024-02-07 13:19:27
date_now_epoch: 1707308367882
date_now_day: 7
date_now_month: 2
date_now_year: 2024
date_start: 2024-02-07 00:00:00
date_end: 2024-02-07 23:59:59
price_low: 3.41500
price_high: 13.62200
price_median: 8.02050
price_average: 7.91596
price_current: 7.92400
price_unit: Cent/kWh
price_threshold_00: 3.41500
price_threshold_01: 3.55200
price_threshold_02: 4.11700
price_threshold_03: 4.65900
price_threshold_04: 5.44700
price_threshold_05: 5.96300
price_threshold_06: 7.48300
price_threshold_07: 7.59800
price_threshold_08: 7.79900
price_threshold_09: 7.80100
price_threshold_10: 7.92100
price_threshold_11: 7.92400
price_threshold_12: 8.11700
price_threshold_13: 8.36300
price_threshold_14: 8.55300
price_threshold_15: 8.66700
price_threshold_16: 8.70000
price_threshold_17: 8.76500
price_threshold_18: 8.82100
price_threshold_19: 9.73000
price_threshold_20: 9.99100
price_threshold_21: 10.97000
price_threshold_22: 12.00500
price_threshold_23: 13.62200
data_price_hour_rel_-13_amount: 4.11700
data_price_hour_abs_00_amount: 4.11700
data_price_hour_rel_-12_amount: 3.55200
data_price_hour_abs_01_amount: 3.55200
data_price_hour_rel_-11_amount: 3.41500
data_price_hour_abs_02_amount: 3.41500
data_price_hour_rel_-10_amount: 4.65900
data_price_hour_abs_03_amount: 4.65900
data_price_hour_rel_-09_amount: 5.44700
data_price_hour_abs_04_amount: 5.44700
data_price_hour_rel_-08_amount: 5.96300
data_price_hour_abs_05_amount: 5.96300
data_price_hour_rel_-07_amount: 7.48300
data_price_hour_abs_06_amount: 7.48300
data_price_hour_rel_-06_amount: 8.66700
data_price_hour_abs_07_amount: 8.66700
data_price_hour_rel_-05_amount: 8.70000
data_price_hour_abs_08_amount: 8.70000
data_price_hour_rel_-04_amount: 8.55300
data_price_hour_abs_09_amount: 8.55300
data_price_hour_rel_-03_amount: 8.11700
data_price_hour_abs_10_amount: 8.11700
data_price_hour_rel_-02_amount: 7.80100
data_price_hour_abs_11_amount: 7.80100
data_price_hour_rel_-01_amount: 7.59800
data_price_hour_abs_12_amount: 7.59800
data_price_hour_rel_+00_amount: 7.92400
data_price_hour_abs_13_amount: 7.92400
data_price_hour_rel_+01_amount: 7.79900
data_price_hour_abs_14_amount: 7.79900
data_price_hour_rel_+02_amount: 8.82100
data_price_hour_abs_15_amount: 8.82100
data_price_hour_rel_+03_amount: 9.73000
data_price_hour_abs_16_amount: 9.73000
data_price_hour_rel_+04_amount: 12.00500
data_price_hour_abs_17_amount: 12.00500
data_price_hour_rel_+05_amount: 13.62200
data_price_hour_abs_18_amount: 13.62200
data_price_hour_rel_+06_amount: 10.97000
data_price_hour_abs_19_amount: 10.97000
data_price_hour_rel_+07_amount: 9.99100
data_price_hour_abs_20_amount: 9.99100
data_price_hour_rel_+08_amount: 8.76500
data_price_hour_abs_21_amount: 8.76500
data_price_hour_rel_+09_amount: 8.36300
data_price_hour_abs_22_amount: 8.36300
data_price_hour_rel_+10_amount: 7.92100
data_price_hour_abs_23_amount: 7.92100