date_now: 2024-01-20 13:20:03
date_now_epoch: 1705753203819
date_now_day: 20
date_now_month: 1
date_now_year: 2024
date_start: 2024-01-20 00:00:00
date_end: 2024-01-20 23:59:59
price_low: 6.17500
price_high: 9.98700
price_median: 7.12850
price_average: 7.36621
price_current: 6.87800
price_unit: Cent/kWh
price_threshold_00: 6.17500
price_threshold_01: 6.18200
price_threshold_02: 6.18500
price_threshold_03: 6.25900
price_threshold_04: 6.34500
price_threshold_05: 6.35400
price_threshold_06: 6.60000
price_threshold_07: 6.69000
price_threshold_08: 6.77300
price_threshold_09: 6.87800
price_threshold_10: 6.91300
price_threshold_11: 7.07700
price_threshold_12: 7.18000
price_threshold_13: 7.33900
price_threshold_14: 7.46800
price_threshold_15: 7.48200
price_threshold_16: 7.57400
price_threshold_17: 7.79000
price_threshold_18: 7.91100
price_threshold_19: 8.19700
price_threshold_20: 8.78000
price_threshold_21: 9.15700
price_threshold_22: 9.49300
price_threshold_23: 9.98700
data_price_hour_rel_-13_amount: 6.60000
data_price_hour_abs_00_amount: 6.60000
data_price_hour_rel_-12_amount: 6.34500
data_price_hour_abs_01_amount: 6.34500
data_price_hour_rel_-11_amount: 6.35400
data_price_hour_abs_02_amount: 6.35400
data_price_hour_rel_-10_amount: 6.18200
data_price_hour_abs_03_amount: 6.18200
data_price_hour_rel_-09_amount: 6.18500
data_price_hour_abs_04_amount: 6.18500
data_price_hour_rel_-08_amount: 6.17500
data_price_hour_abs_05_amount: 6.17500
data_price_hour_rel_-07_amount: 6.25900
data_price_hour_abs_06_amount: 6.25900
data_price_hour_rel_-06_amount: 6.69000
data_price_hour_abs_07_amount: 6.69000
data_price_hour_rel_-05_amount: 7.48200
data_price_hour_abs_08_amount: 7.48200
data_price_hour_rel_-04_amount: 7.79000
data_price_hour_abs_09_amount: 7.79000
data_price_hour_rel_-03_amount: 7.18000
data_price_hour_abs_10_amount: 7.18000
data_price_hour_rel_-02_amount: 7.07700
data_price_hour_abs_11_amount: 7.07700
data_price_hour_rel_-01_amount: 6.77300
data_price_hour_abs_12_amount: 6.77300
data_price_hour_rel_+00_amount: 6.87800
data_price_hour_abs_13_amount: 6.87800
data_price_hour_rel_+01_amount: 7.33900
data_price_hour_abs_14_amount: 7.33900
data_price_hour_rel_+02_amount: 7.91100
data_price_hour_abs_15_amount: 7.91100
data_price_hour_rel_+03_amount: 8.78000
data_price_hour_abs_16_amount: 8.78000
data_price_hour_rel_+04_amount: 9.49300
data_price_hour_abs_17_amount: 9.49300
data_price_hour_rel_+05_amount: 9.98700
data_price_hour_abs_18_amount: 9.98700
data_price_hour_rel_+06_amount: 9.15700
data_price_hour_abs_19_amount: 9.15700
data_price_hour_rel_+07_amount: 8.19700
data_price_hour_abs_20_amount: 8.19700
data_price_hour_rel_+08_amount: 7.57400
data_price_hour_abs_21_amount: 7.57400
data_price_hour_rel_+09_amount: 7.46800
data_price_hour_abs_22_amount: 7.46800
data_price_hour_rel_+10_amount: 6.91300
data_price_hour_abs_23_amount: 6.91300