date_now: 2024-10-25 14:28:38
date_now_epoch: 1729859318265
date_now_day: 25
date_now_month: 10
date_now_year: 2024
date_start: 2024-10-25 00:00:00
date_end: 2024-10-25 23:59:59
price_low: 7.81800
price_high: 22.73200
price_median: 10.77750
price_average: 11.27158
price_current: 8.24700
price_unit: Cent/kWh
price_threshold_00: 7.81800
price_threshold_01: 7.96900
price_threshold_02: 8.10800
price_threshold_03: 8.20700
price_threshold_04: 8.24700
price_threshold_05: 8.25000
price_threshold_06: 8.26000
price_threshold_07: 8.44700
price_threshold_08: 9.39000
price_threshold_09: 9.45900
price_threshold_10: 9.93300
price_threshold_11: 10.74000
price_threshold_12: 10.81500
price_threshold_13: 10.89400
price_threshold_14: 11.39600
price_threshold_15: 11.62900
price_threshold_16: 11.80300
price_threshold_17: 12.24300
price_threshold_18: 12.37500
price_threshold_19: 12.38600
price_threshold_20: 15.05900
price_threshold_21: 15.87300
price_threshold_22: 18.48500
price_threshold_23: 22.73200
data_price_hour_rel_-14_amount: 8.25000
data_price_hour_abs_00_amount: 8.25000
data_price_hour_rel_-13_amount: 8.20700
data_price_hour_abs_01_amount: 8.20700
data_price_hour_rel_-12_amount: 7.96900
data_price_hour_abs_02_amount: 7.96900
data_price_hour_rel_-11_amount: 8.26000
data_price_hour_abs_03_amount: 8.26000
data_price_hour_rel_-10_amount: 8.44700
data_price_hour_abs_04_amount: 8.44700
data_price_hour_rel_-09_amount: 9.45900
data_price_hour_abs_05_amount: 9.45900
data_price_hour_rel_-08_amount: 10.89400
data_price_hour_abs_06_amount: 10.89400
data_price_hour_rel_-07_amount: 12.37500
data_price_hour_abs_07_amount: 12.37500
data_price_hour_rel_-06_amount: 15.05900
data_price_hour_abs_08_amount: 15.05900
data_price_hour_rel_-05_amount: 12.24300
data_price_hour_abs_09_amount: 12.24300
data_price_hour_rel_-04_amount: 10.81500
data_price_hour_abs_10_amount: 10.81500
data_price_hour_rel_-03_amount: 9.39000
data_price_hour_abs_11_amount: 9.39000
data_price_hour_rel_-02_amount: 8.10800
data_price_hour_abs_12_amount: 8.10800
data_price_hour_rel_-01_amount: 7.81800
data_price_hour_abs_13_amount: 7.81800
data_price_hour_rel_+00_amount: 8.24700
data_price_hour_abs_14_amount: 8.24700
data_price_hour_rel_+01_amount: 9.93300
data_price_hour_abs_15_amount: 9.93300
data_price_hour_rel_+02_amount: 11.80300
data_price_hour_abs_16_amount: 11.80300
data_price_hour_rel_+03_amount: 15.87300
data_price_hour_abs_17_amount: 15.87300
data_price_hour_rel_+04_amount: 22.73200
data_price_hour_abs_18_amount: 22.73200
data_price_hour_rel_+05_amount: 18.48500
data_price_hour_abs_19_amount: 18.48500
data_price_hour_rel_+06_amount: 12.38600
data_price_hour_abs_20_amount: 12.38600
data_price_hour_rel_+07_amount: 11.62900
data_price_hour_abs_21_amount: 11.62900
data_price_hour_rel_+08_amount: 11.39600
data_price_hour_abs_22_amount: 11.39600
data_price_hour_rel_+09_amount: 10.74000
data_price_hour_abs_23_amount: 10.74000