date_now: 2024-10-18 14:28:06
date_now_epoch: 1729254486505
date_now_day: 18
date_now_month: 10
date_now_year: 2024
date_start: 2024-10-18 00:00:00
date_end: 2024-10-18 23:59:59
price_low: 7.88400
price_high: 18.12800
price_median: 8.94000
price_average: 10.22738
price_current: 8.11900
price_unit: Cent/kWh
price_threshold_00: 7.88400
price_threshold_01: 8.02000
price_threshold_02: 8.09500
price_threshold_03: 8.11600
price_threshold_04: 8.11900
price_threshold_05: 8.11900
price_threshold_06: 8.27300
price_threshold_07: 8.29600
price_threshold_08: 8.43400
price_threshold_09: 8.43400
price_threshold_10: 8.53000
price_threshold_11: 8.55400
price_threshold_12: 9.32600
price_threshold_13: 9.57600
price_threshold_14: 9.68300
price_threshold_15: 9.88900
price_threshold_16: 10.32500
price_threshold_17: 10.32900
price_threshold_18: 11.10000
price_threshold_19: 13.36700
price_threshold_20: 14.25800
price_threshold_21: 14.97800
price_threshold_22: 15.62400
price_threshold_23: 18.12800
data_price_hour_rel_-14_amount: 8.09500
data_price_hour_abs_00_amount: 8.09500
data_price_hour_rel_-13_amount: 8.11600
data_price_hour_abs_01_amount: 8.11600
data_price_hour_rel_-12_amount: 8.27300
data_price_hour_abs_02_amount: 8.27300
data_price_hour_rel_-11_amount: 7.88400
data_price_hour_abs_03_amount: 7.88400
data_price_hour_rel_-10_amount: 8.11900
data_price_hour_abs_04_amount: 8.11900
data_price_hour_rel_-09_amount: 8.43400
data_price_hour_abs_05_amount: 8.43400
data_price_hour_rel_-08_amount: 9.88900
data_price_hour_abs_06_amount: 9.88900
data_price_hour_rel_-07_amount: 14.97800
data_price_hour_abs_07_amount: 14.97800
data_price_hour_rel_-06_amount: 15.62400
data_price_hour_abs_08_amount: 15.62400
data_price_hour_rel_-05_amount: 11.10000
data_price_hour_abs_09_amount: 11.10000
data_price_hour_rel_-04_amount: 9.57600
data_price_hour_abs_10_amount: 9.57600
data_price_hour_rel_-03_amount: 8.53000
data_price_hour_abs_11_amount: 8.53000
data_price_hour_rel_-02_amount: 8.29600
data_price_hour_abs_12_amount: 8.29600
data_price_hour_rel_-01_amount: 8.02000
data_price_hour_abs_13_amount: 8.02000
data_price_hour_rel_+00_amount: 8.11900
data_price_hour_abs_14_amount: 8.11900
data_price_hour_rel_+01_amount: 8.43400
data_price_hour_abs_15_amount: 8.43400
data_price_hour_rel_+02_amount: 10.32900
data_price_hour_abs_16_amount: 10.32900
data_price_hour_rel_+03_amount: 13.36700
data_price_hour_abs_17_amount: 13.36700
data_price_hour_rel_+04_amount: 18.12800
data_price_hour_abs_18_amount: 18.12800
data_price_hour_rel_+05_amount: 14.25800
data_price_hour_abs_19_amount: 14.25800
data_price_hour_rel_+06_amount: 10.32500
data_price_hour_abs_20_amount: 10.32500
data_price_hour_rel_+07_amount: 9.68300
data_price_hour_abs_21_amount: 9.68300
data_price_hour_rel_+08_amount: 9.32600
data_price_hour_abs_22_amount: 9.32600
data_price_hour_rel_+09_amount: 8.55400
data_price_hour_abs_23_amount: 8.55400