date_now: 2024-01-03 13:20:56
date_now_epoch: 1704284456602
date_now_day: 3
date_now_month: 1
date_now_year: 2024
date_start: 2024-01-03 00:00:00
date_end: 2024-01-03 23:59:59
price_low: -0.13800
price_high: 8.29700
price_median: 5.75600
price_average: 4.52150
price_current: 5.44200
price_unit: Cent/kWh
price_threshold_00: -0.13800
price_threshold_01: -0.13100
price_threshold_02: -0.13100
price_threshold_03: -0.13000
price_threshold_04: -0.12300
price_threshold_05: -0.00800
price_threshold_06: 0.10900
price_threshold_07: 4.05900
price_threshold_08: 5.38900
price_threshold_09: 5.44200
price_threshold_10: 5.48900
price_threshold_11: 5.70000
price_threshold_12: 5.81200
price_threshold_13: 5.96100
price_threshold_14: 6.06100
price_threshold_15: 6.08600
price_threshold_16: 6.50000
price_threshold_17: 6.71800
price_threshold_18: 6.74100
price_threshold_19: 7.32300
price_threshold_20: 7.35900
price_threshold_21: 7.90300
price_threshold_22: 8.22800
price_threshold_23: 8.29700
data_price_hour_rel_-13_amount: -0.00800
data_price_hour_abs_00_amount: -0.00800
data_price_hour_rel_-12_amount: -0.12300
data_price_hour_abs_01_amount: -0.12300
data_price_hour_rel_-11_amount: -0.13000
data_price_hour_abs_02_amount: -0.13000
data_price_hour_rel_-10_amount: -0.13100
data_price_hour_abs_03_amount: -0.13100
data_price_hour_rel_-09_amount: -0.13100
data_price_hour_abs_04_amount: -0.13100
data_price_hour_rel_-08_amount: -0.13800
data_price_hour_abs_05_amount: -0.13800
data_price_hour_rel_-07_amount: 0.10900
data_price_hour_abs_06_amount: 0.10900
data_price_hour_rel_-06_amount: 4.05900
data_price_hour_abs_07_amount: 4.05900
data_price_hour_rel_-05_amount: 5.96100
data_price_hour_abs_08_amount: 5.96100
data_price_hour_rel_-04_amount: 6.06100
data_price_hour_abs_09_amount: 6.06100
data_price_hour_rel_-03_amount: 5.70000
data_price_hour_abs_10_amount: 5.70000
data_price_hour_rel_-02_amount: 5.48900
data_price_hour_abs_11_amount: 5.48900
data_price_hour_rel_-01_amount: 5.38900
data_price_hour_abs_12_amount: 5.38900
data_price_hour_rel_+00_amount: 5.44200
data_price_hour_abs_13_amount: 5.44200
data_price_hour_rel_+01_amount: 6.08600
data_price_hour_abs_14_amount: 6.08600
data_price_hour_rel_+02_amount: 6.71800
data_price_hour_abs_15_amount: 6.71800
data_price_hour_rel_+03_amount: 7.35900
data_price_hour_abs_16_amount: 7.35900
data_price_hour_rel_+04_amount: 8.22800
data_price_hour_abs_17_amount: 8.22800
data_price_hour_rel_+05_amount: 8.29700
data_price_hour_abs_18_amount: 8.29700
data_price_hour_rel_+06_amount: 7.90300
data_price_hour_abs_19_amount: 7.90300
data_price_hour_rel_+07_amount: 7.32300
data_price_hour_abs_20_amount: 7.32300
data_price_hour_rel_+08_amount: 6.74100
data_price_hour_abs_21_amount: 6.74100
data_price_hour_rel_+09_amount: 6.50000
data_price_hour_abs_22_amount: 6.50000
data_price_hour_rel_+10_amount: 5.81200
data_price_hour_abs_23_amount: 5.81200