date_now: 2024-02-19 13:20:21
date_now_epoch: 1708345221628
date_now_day: 19
date_now_month: 2
date_now_year: 2024
date_start: 2024-02-19 00:00:00
date_end: 2024-02-19 23:59:59
price_low: 4.30400
price_high: 9.76500
price_median: 6.80350
price_average: 6.52887
price_current: 6.09900
price_unit: Cent/kWh
price_threshold_00: 4.30400
price_threshold_01: 4.39100
price_threshold_02: 4.40000
price_threshold_03: 4.42100
price_threshold_04: 4.49200
price_threshold_05: 5.15700
price_threshold_06: 5.90700
price_threshold_07: 6.09900
price_threshold_08: 6.24700
price_threshold_09: 6.59600
price_threshold_10: 6.62700
price_threshold_11: 6.74700
price_threshold_12: 6.86000
price_threshold_13: 6.91300
price_threshold_14: 6.92800
price_threshold_15: 7.08300
price_threshold_16: 7.15100
price_threshold_17: 7.18600
price_threshold_18: 7.50300
price_threshold_19: 7.62500
price_threshold_20: 7.90900
price_threshold_21: 7.99800
price_threshold_22: 8.38400
price_threshold_23: 9.76500
data_price_hour_rel_-13_amount: 4.40000
data_price_hour_abs_00_amount: 4.40000
data_price_hour_rel_-12_amount: 4.30400
data_price_hour_abs_01_amount: 4.30400
data_price_hour_rel_-11_amount: 4.42100
data_price_hour_abs_02_amount: 4.42100
data_price_hour_rel_-10_amount: 4.39100
data_price_hour_abs_03_amount: 4.39100
data_price_hour_rel_-09_amount: 4.49200
data_price_hour_abs_04_amount: 4.49200
data_price_hour_rel_-08_amount: 5.15700
data_price_hour_abs_05_amount: 5.15700
data_price_hour_rel_-07_amount: 6.86000
data_price_hour_abs_06_amount: 6.86000
data_price_hour_rel_-06_amount: 7.90900
data_price_hour_abs_07_amount: 7.90900
data_price_hour_rel_-05_amount: 8.38400
data_price_hour_abs_08_amount: 8.38400
data_price_hour_rel_-04_amount: 7.50300
data_price_hour_abs_09_amount: 7.50300
data_price_hour_rel_-03_amount: 7.08300
data_price_hour_abs_10_amount: 7.08300
data_price_hour_rel_-02_amount: 6.91300
data_price_hour_abs_11_amount: 6.91300
data_price_hour_rel_-01_amount: 6.24700
data_price_hour_abs_12_amount: 6.24700
data_price_hour_rel_+00_amount: 6.09900
data_price_hour_abs_13_amount: 6.09900
data_price_hour_rel_+01_amount: 6.59600
data_price_hour_abs_14_amount: 6.59600
data_price_hour_rel_+02_amount: 6.92800
data_price_hour_abs_15_amount: 6.92800
data_price_hour_rel_+03_amount: 7.15100
data_price_hour_abs_16_amount: 7.15100
data_price_hour_rel_+04_amount: 7.62500
data_price_hour_abs_17_amount: 7.62500
data_price_hour_rel_+05_amount: 9.76500
data_price_hour_abs_18_amount: 9.76500
data_price_hour_rel_+06_amount: 7.99800
data_price_hour_abs_19_amount: 7.99800
data_price_hour_rel_+07_amount: 7.18600
data_price_hour_abs_20_amount: 7.18600
data_price_hour_rel_+08_amount: 6.74700
data_price_hour_abs_21_amount: 6.74700
data_price_hour_rel_+09_amount: 6.62700
data_price_hour_abs_22_amount: 6.62700
data_price_hour_rel_+10_amount: 5.90700
data_price_hour_abs_23_amount: 5.90700