date_now: 2024-03-15 13:19:36
date_now_epoch: 1710505176842
date_now_day: 15
date_now_month: 3
date_now_year: 2024
date_start: 2024-03-15 00:00:00
date_end: 2024-03-15 23:59:59
price_low: 3.68700
price_high: 8.79900
price_median: 5.04500
price_average: 5.59000
price_current: 3.68700
price_unit: Cent/kWh
price_threshold_00: 3.68700
price_threshold_01: 3.83400
price_threshold_02: 3.92700
price_threshold_03: 4.39500
price_threshold_04: 4.49300
price_threshold_05: 4.55700
price_threshold_06: 4.65600
price_threshold_07: 4.65800
price_threshold_08: 4.69600
price_threshold_09: 4.83900
price_threshold_10: 4.93300
price_threshold_11: 4.93500
price_threshold_12: 5.15500
price_threshold_13: 5.38000
price_threshold_14: 5.53600
price_threshold_15: 5.63500
price_threshold_16: 6.22600
price_threshold_17: 6.42600
price_threshold_18: 6.67000
price_threshold_19: 6.87500
price_threshold_20: 6.95300
price_threshold_21: 8.20300
price_threshold_22: 8.69200
price_threshold_23: 8.79900
data_price_hour_rel_-13_amount: 4.83900
data_price_hour_abs_00_amount: 4.83900
data_price_hour_rel_-12_amount: 4.65800
data_price_hour_abs_01_amount: 4.65800
data_price_hour_rel_-11_amount: 4.55700
data_price_hour_abs_02_amount: 4.55700
data_price_hour_rel_-10_amount: 4.39500
data_price_hour_abs_03_amount: 4.39500
data_price_hour_rel_-09_amount: 4.69600
data_price_hour_abs_04_amount: 4.69600
data_price_hour_rel_-08_amount: 4.93500
data_price_hour_abs_05_amount: 4.93500
data_price_hour_rel_-07_amount: 6.22600
data_price_hour_abs_06_amount: 6.22600
data_price_hour_rel_-06_amount: 6.95300
data_price_hour_abs_07_amount: 6.95300
data_price_hour_rel_-05_amount: 6.87500
data_price_hour_abs_08_amount: 6.87500
data_price_hour_rel_-04_amount: 5.38000
data_price_hour_abs_09_amount: 5.38000
data_price_hour_rel_-03_amount: 4.65600
data_price_hour_abs_10_amount: 4.65600
data_price_hour_rel_-02_amount: 3.92700
data_price_hour_abs_11_amount: 3.92700
data_price_hour_rel_-01_amount: 3.83400
data_price_hour_abs_12_amount: 3.83400
data_price_hour_rel_+00_amount: 3.68700
data_price_hour_abs_13_amount: 3.68700
data_price_hour_rel_+01_amount: 4.49300
data_price_hour_abs_14_amount: 4.49300
data_price_hour_rel_+02_amount: 5.15500
data_price_hour_abs_15_amount: 5.15500
data_price_hour_rel_+03_amount: 6.67000
data_price_hour_abs_16_amount: 6.67000
data_price_hour_rel_+04_amount: 8.69200
data_price_hour_abs_17_amount: 8.69200
data_price_hour_rel_+05_amount: 8.20300
data_price_hour_abs_18_amount: 8.20300
data_price_hour_rel_+06_amount: 8.79900
data_price_hour_abs_19_amount: 8.79900
data_price_hour_rel_+07_amount: 6.42600
data_price_hour_abs_20_amount: 6.42600
data_price_hour_rel_+08_amount: 5.53600
data_price_hour_abs_21_amount: 5.53600
data_price_hour_rel_+09_amount: 5.63500
data_price_hour_abs_22_amount: 5.63500
data_price_hour_rel_+10_amount: 4.93300
data_price_hour_abs_23_amount: 4.93300