date_now: 2024-10-30 13:29:00
date_now_epoch: 1730291340343
date_now_day: 30
date_now_month: 10
date_now_year: 2024
date_start: 2024-10-30 00:00:00
date_end: 2024-10-30 23:59:59
price_low: 9.80500
price_high: 19.38800
price_median: 11.51700
price_average: 12.46904
price_current: 10.69500
price_unit: Cent/kWh
price_threshold_00: 9.80500
price_threshold_01: 9.81600
price_threshold_02: 10.05200
price_threshold_03: 10.05600
price_threshold_04: 10.07100
price_threshold_05: 10.25300
price_threshold_06: 10.63200
price_threshold_07: 10.69500
price_threshold_08: 10.96800
price_threshold_09: 11.13100
price_threshold_10: 11.23700
price_threshold_11: 11.50000
price_threshold_12: 11.53400
price_threshold_13: 12.26700
price_threshold_14: 12.35400
price_threshold_15: 12.43400
price_threshold_16: 12.61600
price_threshold_17: 13.35600
price_threshold_18: 13.89100
price_threshold_19: 13.96800
price_threshold_20: 15.94400
price_threshold_21: 16.00000
price_threshold_22: 19.28900
price_threshold_23: 19.38800
data_price_hour_rel_-13_amount: 10.07100
data_price_hour_abs_00_amount: 10.07100
data_price_hour_rel_-12_amount: 10.05200
data_price_hour_abs_01_amount: 10.05200
data_price_hour_rel_-11_amount: 9.81600
data_price_hour_abs_02_amount: 9.81600
data_price_hour_rel_-10_amount: 9.80500
data_price_hour_abs_03_amount: 9.80500
data_price_hour_rel_-09_amount: 10.05600
data_price_hour_abs_04_amount: 10.05600
data_price_hour_rel_-08_amount: 10.63200
data_price_hour_abs_05_amount: 10.63200
data_price_hour_rel_-07_amount: 12.35400
data_price_hour_abs_06_amount: 12.35400
data_price_hour_rel_-06_amount: 13.96800
data_price_hour_abs_07_amount: 13.96800
data_price_hour_rel_-05_amount: 13.89100
data_price_hour_abs_08_amount: 13.89100
data_price_hour_rel_-04_amount: 12.43400
data_price_hour_abs_09_amount: 12.43400
data_price_hour_rel_-03_amount: 11.50000
data_price_hour_abs_10_amount: 11.50000
data_price_hour_rel_-02_amount: 10.96800
data_price_hour_abs_11_amount: 10.96800
data_price_hour_rel_-01_amount: 10.25300
data_price_hour_abs_12_amount: 10.25300
data_price_hour_rel_+00_amount: 10.69500
data_price_hour_abs_13_amount: 10.69500
data_price_hour_rel_+01_amount: 11.13100
data_price_hour_abs_14_amount: 11.13100
data_price_hour_rel_+02_amount: 12.61600
data_price_hour_abs_15_amount: 12.61600
data_price_hour_rel_+03_amount: 16.00000
data_price_hour_abs_16_amount: 16.00000
data_price_hour_rel_+04_amount: 19.38800
data_price_hour_abs_17_amount: 19.38800
data_price_hour_rel_+05_amount: 19.28900
data_price_hour_abs_18_amount: 19.28900
data_price_hour_rel_+06_amount: 15.94400
data_price_hour_abs_19_amount: 15.94400
data_price_hour_rel_+07_amount: 13.35600
data_price_hour_abs_20_amount: 13.35600
data_price_hour_rel_+08_amount: 12.26700
data_price_hour_abs_21_amount: 12.26700
data_price_hour_rel_+09_amount: 11.53400
data_price_hour_abs_22_amount: 11.53400
data_price_hour_rel_+10_amount: 11.23700
data_price_hour_abs_23_amount: 11.23700