date_now: 2024-01-09 13:21:52
date_now_epoch: 1704802912595
date_now_day: 9
date_now_month: 1
date_now_year: 2024
date_start: 2024-01-09 00:00:00
date_end: 2024-01-09 23:59:59
price_low: 8.41400
price_high: 13.78400
price_median: 10.97000
price_average: 10.93946
price_current: 10.08200
price_unit: Cent/kWh
price_threshold_00: 8.41400
price_threshold_01: 8.50000
price_threshold_02: 8.57200
price_threshold_03: 8.70400
price_threshold_04: 8.81600
price_threshold_05: 8.92800
price_threshold_06: 9.70900
price_threshold_07: 10.02200
price_threshold_08: 10.08200
price_threshold_09: 10.57800
price_threshold_10: 10.61800
price_threshold_11: 10.85100
price_threshold_12: 11.08900
price_threshold_13: 11.16800
price_threshold_14: 11.31900
price_threshold_15: 11.94000
price_threshold_16: 12.02400
price_threshold_17: 12.09100
price_threshold_18: 12.40600
price_threshold_19: 12.78500
price_threshold_20: 13.04300
price_threshold_21: 13.32400
price_threshold_22: 13.78000
price_threshold_23: 13.78400
data_price_hour_rel_-13_amount: 8.81600
data_price_hour_abs_00_amount: 8.81600
data_price_hour_rel_-12_amount: 8.70400
data_price_hour_abs_01_amount: 8.70400
data_price_hour_rel_-11_amount: 8.50000
data_price_hour_abs_02_amount: 8.50000
data_price_hour_rel_-10_amount: 8.41400
data_price_hour_abs_03_amount: 8.41400
data_price_hour_rel_-09_amount: 8.57200
data_price_hour_abs_04_amount: 8.57200
data_price_hour_rel_-08_amount: 8.92800
data_price_hour_abs_05_amount: 8.92800
data_price_hour_rel_-07_amount: 10.85100
data_price_hour_abs_06_amount: 10.85100
data_price_hour_rel_-06_amount: 12.40600
data_price_hour_abs_07_amount: 12.40600
data_price_hour_rel_-05_amount: 13.32400
data_price_hour_abs_08_amount: 13.32400
data_price_hour_rel_-04_amount: 12.09100
data_price_hour_abs_09_amount: 12.09100
data_price_hour_rel_-03_amount: 11.31900
data_price_hour_abs_10_amount: 11.31900
data_price_hour_rel_-02_amount: 10.57800
data_price_hour_abs_11_amount: 10.57800
data_price_hour_rel_-01_amount: 10.02200
data_price_hour_abs_12_amount: 10.02200
data_price_hour_rel_+00_amount: 10.08200
data_price_hour_abs_13_amount: 10.08200
data_price_hour_rel_+01_amount: 11.08900
data_price_hour_abs_14_amount: 11.08900
data_price_hour_rel_+02_amount: 11.94000
data_price_hour_abs_15_amount: 11.94000
data_price_hour_rel_+03_amount: 12.78500
data_price_hour_abs_16_amount: 12.78500
data_price_hour_rel_+04_amount: 13.78400
data_price_hour_abs_17_amount: 13.78400
data_price_hour_rel_+05_amount: 13.78000
data_price_hour_abs_18_amount: 13.78000
data_price_hour_rel_+06_amount: 13.04300
data_price_hour_abs_19_amount: 13.04300
data_price_hour_rel_+07_amount: 12.02400
data_price_hour_abs_20_amount: 12.02400
data_price_hour_rel_+08_amount: 11.16800
data_price_hour_abs_21_amount: 11.16800
data_price_hour_rel_+09_amount: 10.61800
data_price_hour_abs_22_amount: 10.61800
data_price_hour_rel_+10_amount: 9.70900
data_price_hour_abs_23_amount: 9.70900