date_now: 2024-02-24 13:17:55
date_now_epoch: 1708777075326
date_now_day: 24
date_now_month: 2
date_now_year: 2024
date_start: 2024-02-24 00:00:00
date_end: 2024-02-24 23:59:59
price_low: 3.22200
price_high: 8.00000
price_median: 5.73500
price_average: 5.71983
price_current: 3.22200
price_unit: Cent/kWh
price_threshold_00: 3.22200
price_threshold_01: 3.76000
price_threshold_02: 4.03200
price_threshold_03: 4.50000
price_threshold_04: 4.58400
price_threshold_05: 4.91600
price_threshold_06: 5.22000
price_threshold_07: 5.52000
price_threshold_08: 5.53900
price_threshold_09: 5.59500
price_threshold_10: 5.62200
price_threshold_11: 5.71000
price_threshold_12: 5.76000
price_threshold_13: 5.95000
price_threshold_14: 5.99400
price_threshold_15: 6.16700
price_threshold_16: 6.39000
price_threshold_17: 6.44000
price_threshold_18: 6.51700
price_threshold_19: 6.61100
price_threshold_20: 6.64700
price_threshold_21: 7.16700
price_threshold_22: 7.41300
price_threshold_23: 8.00000
data_price_hour_rel_-13_amount: 6.64700
data_price_hour_abs_00_amount: 6.64700
data_price_hour_rel_-12_amount: 6.39000
data_price_hour_abs_01_amount: 6.39000
data_price_hour_rel_-11_amount: 5.95000
data_price_hour_abs_02_amount: 5.95000
data_price_hour_rel_-10_amount: 5.52000
data_price_hour_abs_03_amount: 5.52000
data_price_hour_rel_-09_amount: 5.53900
data_price_hour_abs_04_amount: 5.53900
data_price_hour_rel_-08_amount: 5.71000
data_price_hour_abs_05_amount: 5.71000
data_price_hour_rel_-07_amount: 6.16700
data_price_hour_abs_06_amount: 6.16700
data_price_hour_rel_-06_amount: 6.61100
data_price_hour_abs_07_amount: 6.61100
data_price_hour_rel_-05_amount: 6.44000
data_price_hour_abs_08_amount: 6.44000
data_price_hour_rel_-04_amount: 5.76000
data_price_hour_abs_09_amount: 5.76000
data_price_hour_rel_-03_amount: 4.91600
data_price_hour_abs_10_amount: 4.91600
data_price_hour_rel_-02_amount: 4.58400
data_price_hour_abs_11_amount: 4.58400
data_price_hour_rel_-01_amount: 4.03200
data_price_hour_abs_12_amount: 4.03200
data_price_hour_rel_+00_amount: 3.22200
data_price_hour_abs_13_amount: 3.22200
data_price_hour_rel_+01_amount: 3.76000
data_price_hour_abs_14_amount: 3.76000
data_price_hour_rel_+02_amount: 4.50000
data_price_hour_abs_15_amount: 4.50000
data_price_hour_rel_+03_amount: 5.59500
data_price_hour_abs_16_amount: 5.59500
data_price_hour_rel_+04_amount: 7.16700
data_price_hour_abs_17_amount: 7.16700
data_price_hour_rel_+05_amount: 8.00000
data_price_hour_abs_18_amount: 8.00000
data_price_hour_rel_+06_amount: 7.41300
data_price_hour_abs_19_amount: 7.41300
data_price_hour_rel_+07_amount: 6.51700
data_price_hour_abs_20_amount: 6.51700
data_price_hour_rel_+08_amount: 5.99400
data_price_hour_abs_21_amount: 5.99400
data_price_hour_rel_+09_amount: 5.62200
data_price_hour_abs_22_amount: 5.62200
data_price_hour_rel_+10_amount: 5.22000
data_price_hour_abs_23_amount: 5.22000