date_now: 2024-10-08 14:27:39
date_now_epoch: 1728390459593
date_now_day: 8
date_now_month: 10
date_now_year: 2024
date_start: 2024-10-08 00:00:00
date_end: 2024-10-08 23:59:59
price_low: 5.96700
price_high: 16.82000
price_median: 8.54850
price_average: 9.13167
price_current: 8.83900
price_unit: Cent/kWh
price_threshold_00: 5.96700
price_threshold_01: 5.96900
price_threshold_02: 6.39900
price_threshold_03: 6.70700
price_threshold_04: 6.74300
price_threshold_05: 6.76000
price_threshold_06: 7.23300
price_threshold_07: 7.60000
price_threshold_08: 8.03300
price_threshold_09: 8.05000
price_threshold_10: 8.25300
price_threshold_11: 8.50000
price_threshold_12: 8.59700
price_threshold_13: 8.66000
price_threshold_14: 8.83900
price_threshold_15: 9.00800
price_threshold_16: 9.49000
price_threshold_17: 10.11900
price_threshold_18: 10.62400
price_threshold_19: 11.03700
price_threshold_20: 11.44100
price_threshold_21: 12.63400
price_threshold_22: 15.67700
price_threshold_23: 16.82000
data_price_hour_rel_-14_amount: 7.23300
data_price_hour_abs_00_amount: 7.23300
data_price_hour_rel_-13_amount: 6.70700
data_price_hour_abs_01_amount: 6.70700
data_price_hour_rel_-12_amount: 6.39900
data_price_hour_abs_02_amount: 6.39900
data_price_hour_rel_-11_amount: 5.96700
data_price_hour_abs_03_amount: 5.96700
data_price_hour_rel_-10_amount: 5.96900
data_price_hour_abs_04_amount: 5.96900
data_price_hour_rel_-09_amount: 6.74300
data_price_hour_abs_05_amount: 6.74300
data_price_hour_rel_-08_amount: 8.59700
data_price_hour_abs_06_amount: 8.59700
data_price_hour_rel_-07_amount: 11.03700
data_price_hour_abs_07_amount: 11.03700
data_price_hour_rel_-06_amount: 10.62400
data_price_hour_abs_08_amount: 10.62400
data_price_hour_rel_-05_amount: 8.50000
data_price_hour_abs_09_amount: 8.50000
data_price_hour_rel_-04_amount: 8.03300
data_price_hour_abs_10_amount: 8.03300
data_price_hour_rel_-03_amount: 8.05000
data_price_hour_abs_11_amount: 8.05000
data_price_hour_rel_-02_amount: 7.60000
data_price_hour_abs_12_amount: 7.60000
data_price_hour_rel_-01_amount: 8.25300
data_price_hour_abs_13_amount: 8.25300
data_price_hour_rel_+00_amount: 8.83900
data_price_hour_abs_14_amount: 8.83900
data_price_hour_rel_+01_amount: 9.00800
data_price_hour_abs_15_amount: 9.00800
data_price_hour_rel_+02_amount: 10.11900
data_price_hour_abs_16_amount: 10.11900
data_price_hour_rel_+03_amount: 12.63400
data_price_hour_abs_17_amount: 12.63400
data_price_hour_rel_+04_amount: 15.67700
data_price_hour_abs_18_amount: 15.67700
data_price_hour_rel_+05_amount: 16.82000
data_price_hour_abs_19_amount: 16.82000
data_price_hour_rel_+06_amount: 11.44100
data_price_hour_abs_20_amount: 11.44100
data_price_hour_rel_+07_amount: 9.49000
data_price_hour_abs_21_amount: 9.49000
data_price_hour_rel_+08_amount: 8.66000
data_price_hour_abs_22_amount: 8.66000
data_price_hour_rel_+09_amount: 6.76000
data_price_hour_abs_23_amount: 6.76000