date_now: 2024-03-05 13:20:05
date_now_epoch: 1709641205150
date_now_day: 5
date_now_month: 3
date_now_year: 2024
date_start: 2024-03-05 00:00:00
date_end: 2024-03-05 23:59:59
price_low: 5.98600
price_high: 11.29900
price_median: 7.13400
price_average: 7.46013
price_current: 6.58300
price_unit: Cent/kWh
price_threshold_00: 5.98600
price_threshold_01: 6.05600
price_threshold_02: 6.13300
price_threshold_03: 6.16700
price_threshold_04: 6.16700
price_threshold_05: 6.19600
price_threshold_06: 6.58300
price_threshold_07: 6.60100
price_threshold_08: 6.96100
price_threshold_09: 6.97200
price_threshold_10: 7.06700
price_threshold_11: 7.11500
price_threshold_12: 7.15300
price_threshold_13: 7.18300
price_threshold_14: 7.60800
price_threshold_15: 7.62800
price_threshold_16: 7.70000
price_threshold_17: 7.92800
price_threshold_18: 8.20700
price_threshold_19: 8.28100
price_threshold_20: 8.30200
price_threshold_21: 9.31200
price_threshold_22: 10.43800
price_threshold_23: 11.29900
data_price_hour_rel_-13_amount: 6.19600
data_price_hour_abs_00_amount: 6.19600
data_price_hour_rel_-12_amount: 6.16700
data_price_hour_abs_01_amount: 6.16700
data_price_hour_rel_-11_amount: 6.13300
data_price_hour_abs_02_amount: 6.13300
data_price_hour_rel_-10_amount: 5.98600
data_price_hour_abs_03_amount: 5.98600
data_price_hour_rel_-09_amount: 6.05600
data_price_hour_abs_04_amount: 6.05600
data_price_hour_rel_-08_amount: 6.16700
data_price_hour_abs_05_amount: 6.16700
data_price_hour_rel_-07_amount: 7.15300
data_price_hour_abs_06_amount: 7.15300
data_price_hour_rel_-06_amount: 7.92800
data_price_hour_abs_07_amount: 7.92800
data_price_hour_rel_-05_amount: 8.30200
data_price_hour_abs_08_amount: 8.30200
data_price_hour_rel_-04_amount: 7.70000
data_price_hour_abs_09_amount: 7.70000
data_price_hour_rel_-03_amount: 7.11500
data_price_hour_abs_10_amount: 7.11500
data_price_hour_rel_-02_amount: 6.97200
data_price_hour_abs_11_amount: 6.97200
data_price_hour_rel_-01_amount: 6.60100
data_price_hour_abs_12_amount: 6.60100
data_price_hour_rel_+00_amount: 6.58300
data_price_hour_abs_13_amount: 6.58300
data_price_hour_rel_+01_amount: 6.96100
data_price_hour_abs_14_amount: 6.96100
data_price_hour_rel_+02_amount: 7.06700
data_price_hour_abs_15_amount: 7.06700
data_price_hour_rel_+03_amount: 7.62800
data_price_hour_abs_16_amount: 7.62800
data_price_hour_rel_+04_amount: 8.20700
data_price_hour_abs_17_amount: 8.20700
data_price_hour_rel_+05_amount: 10.43800
data_price_hour_abs_18_amount: 10.43800
data_price_hour_rel_+06_amount: 11.29900
data_price_hour_abs_19_amount: 11.29900
data_price_hour_rel_+07_amount: 9.31200
data_price_hour_abs_20_amount: 9.31200
data_price_hour_rel_+08_amount: 8.28100
data_price_hour_abs_21_amount: 8.28100
data_price_hour_rel_+09_amount: 7.60800
data_price_hour_abs_22_amount: 7.60800
data_price_hour_rel_+10_amount: 7.18300
data_price_hour_abs_23_amount: 7.18300