date_now: 2024-08-16 14:25:18
date_now_epoch: 1723811118712
date_now_day: 16
date_now_month: 8
date_now_year: 2024
date_start: 2024-08-16 00:00:00
date_end: 2024-08-16 23:59:59
price_low: 4.75700
price_high: 24.31200
price_median: 9.65000
price_average: 10.80388
price_current: 4.75700
price_unit: Cent/kWh
price_threshold_00: 4.75700
price_threshold_01: 4.99300
price_threshold_02: 5.06800
price_threshold_03: 5.51600
price_threshold_04: 5.98300
price_threshold_05: 7.61500
price_threshold_06: 8.26700
price_threshold_07: 8.55800
price_threshold_08: 8.58300
price_threshold_09: 8.67800
price_threshold_10: 8.77600
price_threshold_11: 9.20500
price_threshold_12: 10.09500
price_threshold_13: 10.37600
price_threshold_14: 10.89700
price_threshold_15: 11.61700
price_threshold_16: 12.48300
price_threshold_17: 12.84200
price_threshold_18: 13.45400
price_threshold_19: 13.49100
price_threshold_20: 13.49200
price_threshold_21: 17.18300
price_threshold_22: 23.05200
price_threshold_23: 24.31200
data_price_hour_rel_-14_amount: 10.89700
data_price_hour_abs_00_amount: 10.89700
data_price_hour_rel_-13_amount: 8.67800
data_price_hour_abs_01_amount: 8.67800
data_price_hour_rel_-12_amount: 8.55800
data_price_hour_abs_02_amount: 8.55800
data_price_hour_rel_-11_amount: 8.58300
data_price_hour_abs_03_amount: 8.58300
data_price_hour_rel_-10_amount: 8.77600
data_price_hour_abs_04_amount: 8.77600
data_price_hour_rel_-09_amount: 9.20500
data_price_hour_abs_05_amount: 9.20500
data_price_hour_rel_-08_amount: 12.84200
data_price_hour_abs_06_amount: 12.84200
data_price_hour_rel_-07_amount: 13.49100
data_price_hour_abs_07_amount: 13.49100
data_price_hour_rel_-06_amount: 12.48300
data_price_hour_abs_08_amount: 12.48300
data_price_hour_rel_-05_amount: 10.09500
data_price_hour_abs_09_amount: 10.09500
data_price_hour_rel_-04_amount: 7.61500
data_price_hour_abs_10_amount: 7.61500
data_price_hour_rel_-03_amount: 5.98300
data_price_hour_abs_11_amount: 5.98300
data_price_hour_rel_-02_amount: 5.06800
data_price_hour_abs_12_amount: 5.06800
data_price_hour_rel_-01_amount: 4.99300
data_price_hour_abs_13_amount: 4.99300
data_price_hour_rel_+00_amount: 4.75700
data_price_hour_abs_14_amount: 4.75700
data_price_hour_rel_+01_amount: 5.51600
data_price_hour_abs_15_amount: 5.51600
data_price_hour_rel_+02_amount: 8.26700
data_price_hour_abs_16_amount: 8.26700
data_price_hour_rel_+03_amount: 10.37600
data_price_hour_abs_17_amount: 10.37600
data_price_hour_rel_+04_amount: 13.49200
data_price_hour_abs_18_amount: 13.49200
data_price_hour_rel_+05_amount: 23.05200
data_price_hour_abs_19_amount: 23.05200
data_price_hour_rel_+06_amount: 24.31200
data_price_hour_abs_20_amount: 24.31200
data_price_hour_rel_+07_amount: 17.18300
data_price_hour_abs_21_amount: 17.18300
data_price_hour_rel_+08_amount: 13.45400
data_price_hour_abs_22_amount: 13.45400
data_price_hour_rel_+09_amount: 11.61700
data_price_hour_abs_23_amount: 11.61700