date_now: 2024-04-24 14:25:41
date_now_epoch: 1713961541490
date_now_day: 24
date_now_month: 4
date_now_year: 2024
date_start: 2024-04-24 00:00:00
date_end: 2024-04-24 23:59:59
price_low: 7.48600
price_high: 14.34400
price_median: 8.74750
price_average: 9.43042
price_current: 7.65300
price_unit: Cent/kWh
price_threshold_00: 7.48600
price_threshold_01: 7.65300
price_threshold_02: 7.71600
price_threshold_03: 7.73700
price_threshold_04: 7.79700
price_threshold_05: 8.00900
price_threshold_06: 8.07100
price_threshold_07: 8.11200
price_threshold_08: 8.18000
price_threshold_09: 8.18300
price_threshold_10: 8.26000
price_threshold_11: 8.66000
price_threshold_12: 8.83500
price_threshold_13: 9.02100
price_threshold_14: 9.07400
price_threshold_15: 9.18100
price_threshold_16: 10.15400
price_threshold_17: 10.16600
price_threshold_18: 10.53100
price_threshold_19: 10.70700
price_threshold_20: 12.11600
price_threshold_21: 12.81700
price_threshold_22: 13.52000
price_threshold_23: 14.34400
data_price_hour_rel_-14_amount: 8.18000
data_price_hour_abs_00_amount: 8.18000
data_price_hour_rel_-13_amount: 7.79700
data_price_hour_abs_01_amount: 7.79700
data_price_hour_rel_-12_amount: 7.71600
data_price_hour_abs_02_amount: 7.71600
data_price_hour_rel_-11_amount: 7.48600
data_price_hour_abs_03_amount: 7.48600
data_price_hour_rel_-10_amount: 7.73700
data_price_hour_abs_04_amount: 7.73700
data_price_hour_rel_-09_amount: 8.18300
data_price_hour_abs_05_amount: 8.18300
data_price_hour_rel_-08_amount: 10.16600
data_price_hour_abs_06_amount: 10.16600
data_price_hour_rel_-07_amount: 12.81700
data_price_hour_abs_07_amount: 12.81700
data_price_hour_rel_-06_amount: 10.70700
data_price_hour_abs_08_amount: 10.70700
data_price_hour_rel_-05_amount: 9.18100
data_price_hour_abs_09_amount: 9.18100
data_price_hour_rel_-04_amount: 9.07400
data_price_hour_abs_10_amount: 9.07400
data_price_hour_rel_-03_amount: 8.83500
data_price_hour_abs_11_amount: 8.83500
data_price_hour_rel_-02_amount: 8.26000
data_price_hour_abs_12_amount: 8.26000
data_price_hour_rel_-01_amount: 8.00900
data_price_hour_abs_13_amount: 8.00900
data_price_hour_rel_+00_amount: 7.65300
data_price_hour_abs_14_amount: 7.65300
data_price_hour_rel_+01_amount: 8.07100
data_price_hour_abs_15_amount: 8.07100
data_price_hour_rel_+02_amount: 8.11200
data_price_hour_abs_16_amount: 8.11200
data_price_hour_rel_+03_amount: 8.66000
data_price_hour_abs_17_amount: 8.66000
data_price_hour_rel_+04_amount: 10.15400
data_price_hour_abs_18_amount: 10.15400
data_price_hour_rel_+05_amount: 13.52000
data_price_hour_abs_19_amount: 13.52000
data_price_hour_rel_+06_amount: 14.34400
data_price_hour_abs_20_amount: 14.34400
data_price_hour_rel_+07_amount: 12.11600
data_price_hour_abs_21_amount: 12.11600
data_price_hour_rel_+08_amount: 10.53100
data_price_hour_abs_22_amount: 10.53100
data_price_hour_rel_+09_amount: 9.02100
data_price_hour_abs_23_amount: 9.02100