date_now: 2024-02-12 13:20:16
date_now_epoch: 1707740416886
date_now_day: 12
date_now_month: 2
date_now_year: 2024
date_start: 2024-02-12 00:00:00
date_end: 2024-02-12 23:59:59
price_low: 5.92100
price_high: 10.40000
price_median: 6.94550
price_average: 7.47517
price_current: 6.37500
price_unit: Cent/kWh
price_threshold_00: 5.92100
price_threshold_01: 5.93900
price_threshold_02: 6.06500
price_threshold_03: 6.15900
price_threshold_04: 6.19000
price_threshold_05: 6.37500
price_threshold_06: 6.39500
price_threshold_07: 6.43500
price_threshold_08: 6.50000
price_threshold_09: 6.58700
price_threshold_10: 6.64000
price_threshold_11: 6.73700
price_threshold_12: 7.15400
price_threshold_13: 7.60000
price_threshold_14: 7.84200
price_threshold_15: 7.91400
price_threshold_16: 7.91500
price_threshold_17: 8.54100
price_threshold_18: 8.54700
price_threshold_19: 8.90800
price_threshold_20: 9.39000
price_threshold_21: 9.60000
price_threshold_22: 9.65000
price_threshold_23: 10.40000
data_price_hour_rel_-13_amount: 6.43500
data_price_hour_abs_00_amount: 6.43500
data_price_hour_rel_-12_amount: 6.15900
data_price_hour_abs_01_amount: 6.15900
data_price_hour_rel_-11_amount: 6.06500
data_price_hour_abs_02_amount: 6.06500
data_price_hour_rel_-10_amount: 5.93900
data_price_hour_abs_03_amount: 5.93900
data_price_hour_rel_-09_amount: 5.92100
data_price_hour_abs_04_amount: 5.92100
data_price_hour_rel_-08_amount: 6.50000
data_price_hour_abs_05_amount: 6.50000
data_price_hour_rel_-07_amount: 7.60000
data_price_hour_abs_06_amount: 7.60000
data_price_hour_rel_-06_amount: 8.54100
data_price_hour_abs_07_amount: 8.54100
data_price_hour_rel_-05_amount: 10.40000
data_price_hour_abs_08_amount: 10.40000
data_price_hour_rel_-04_amount: 9.65000
data_price_hour_abs_09_amount: 9.65000
data_price_hour_rel_-03_amount: 8.54700
data_price_hour_abs_10_amount: 8.54700
data_price_hour_rel_-02_amount: 7.91400
data_price_hour_abs_11_amount: 7.91400
data_price_hour_rel_-01_amount: 6.73700
data_price_hour_abs_12_amount: 6.73700
data_price_hour_rel_+00_amount: 6.37500
data_price_hour_abs_13_amount: 6.37500
data_price_hour_rel_+01_amount: 6.39500
data_price_hour_abs_14_amount: 6.39500
data_price_hour_rel_+02_amount: 6.64000
data_price_hour_abs_15_amount: 6.64000
data_price_hour_rel_+03_amount: 7.84200
data_price_hour_abs_16_amount: 7.84200
data_price_hour_rel_+04_amount: 9.39000
data_price_hour_abs_17_amount: 9.39000
data_price_hour_rel_+05_amount: 9.60000
data_price_hour_abs_18_amount: 9.60000
data_price_hour_rel_+06_amount: 8.90800
data_price_hour_abs_19_amount: 8.90800
data_price_hour_rel_+07_amount: 7.91500
data_price_hour_abs_20_amount: 7.91500
data_price_hour_rel_+08_amount: 7.15400
data_price_hour_abs_21_amount: 7.15400
data_price_hour_rel_+09_amount: 6.58700
data_price_hour_abs_22_amount: 6.58700
data_price_hour_rel_+10_amount: 6.19000
data_price_hour_abs_23_amount: 6.19000