date_now: 2024-01-06 13:19:29
date_now_epoch: 1704543569785
date_now_day: 6
date_now_month: 1
date_now_year: 2024
date_start: 2024-01-06 00:00:00
date_end: 2024-01-06 23:59:59
price_low: 7.30100
price_high: 10.42700
price_median: 9.02700
price_average: 8.87246
price_current: 9.52200
price_unit: Cent/kWh
price_threshold_00: 7.30100
price_threshold_01: 7.30100
price_threshold_02: 7.45900
price_threshold_03: 7.51000
price_threshold_04: 7.61300
price_threshold_05: 7.98700
price_threshold_06: 8.02000
price_threshold_07: 8.13900
price_threshold_08: 8.22500
price_threshold_09: 8.65700
price_threshold_10: 8.80000
price_threshold_11: 8.84000
price_threshold_12: 9.21400
price_threshold_13: 9.22300
price_threshold_14: 9.25500
price_threshold_15: 9.50900
price_threshold_16: 9.52200
price_threshold_17: 9.73000
price_threshold_18: 9.90000
price_threshold_19: 9.91600
price_threshold_20: 9.98500
price_threshold_21: 10.04300
price_threshold_22: 10.36300
price_threshold_23: 10.42700
data_price_hour_rel_-13_amount: 8.22500
data_price_hour_abs_00_amount: 8.22500
data_price_hour_rel_-12_amount: 8.02000
data_price_hour_abs_01_amount: 8.02000
data_price_hour_rel_-11_amount: 7.61300
data_price_hour_abs_02_amount: 7.61300
data_price_hour_rel_-10_amount: 7.30100
data_price_hour_abs_03_amount: 7.30100
data_price_hour_rel_-09_amount: 7.30100
data_price_hour_abs_04_amount: 7.30100
data_price_hour_rel_-08_amount: 7.45900
data_price_hour_abs_05_amount: 7.45900
data_price_hour_rel_-07_amount: 7.51000
data_price_hour_abs_06_amount: 7.51000
data_price_hour_rel_-06_amount: 8.13900
data_price_hour_abs_07_amount: 8.13900
data_price_hour_rel_-05_amount: 8.84000
data_price_hour_abs_08_amount: 8.84000
data_price_hour_rel_-04_amount: 9.22300
data_price_hour_abs_09_amount: 9.22300
data_price_hour_rel_-03_amount: 9.73000
data_price_hour_abs_10_amount: 9.73000
data_price_hour_rel_-02_amount: 10.04300
data_price_hour_abs_11_amount: 10.04300
data_price_hour_rel_-01_amount: 9.91600
data_price_hour_abs_12_amount: 9.91600
data_price_hour_rel_+00_amount: 9.52200
data_price_hour_abs_13_amount: 9.52200
data_price_hour_rel_+01_amount: 9.25500
data_price_hour_abs_14_amount: 9.25500
data_price_hour_rel_+02_amount: 9.50900
data_price_hour_abs_15_amount: 9.50900
data_price_hour_rel_+03_amount: 9.98500
data_price_hour_abs_16_amount: 9.98500
data_price_hour_rel_+04_amount: 10.42700
data_price_hour_abs_17_amount: 10.42700
data_price_hour_rel_+05_amount: 10.36300
data_price_hour_abs_18_amount: 10.36300
data_price_hour_rel_+06_amount: 9.90000
data_price_hour_abs_19_amount: 9.90000
data_price_hour_rel_+07_amount: 9.21400
data_price_hour_abs_20_amount: 9.21400
data_price_hour_rel_+08_amount: 8.80000
data_price_hour_abs_21_amount: 8.80000
data_price_hour_rel_+09_amount: 8.65700
data_price_hour_abs_22_amount: 8.65700
data_price_hour_rel_+10_amount: 7.98700
data_price_hour_abs_23_amount: 7.98700