date_now: 2024-10-19 14:26:30
date_now_epoch: 1729340790290
date_now_day: 19
date_now_month: 10
date_now_year: 2024
date_start: 2024-10-19 00:00:00
date_end: 2024-10-19 23:59:59
price_low: 6.09600
price_high: 13.58200
price_median: 8.15150
price_average: 8.55163
price_current: 6.38900
price_unit: Cent/kWh
price_threshold_00: 6.09600
price_threshold_01: 6.38900
price_threshold_02: 6.61600
price_threshold_03: 7.33200
price_threshold_04: 7.33300
price_threshold_05: 7.52600
price_threshold_06: 7.58700
price_threshold_07: 7.67700
price_threshold_08: 7.88000
price_threshold_09: 7.90700
price_threshold_10: 7.99100
price_threshold_11: 8.00000
price_threshold_12: 8.30300
price_threshold_13: 8.38300
price_threshold_14: 8.46000
price_threshold_15: 8.70600
price_threshold_16: 8.96600
price_threshold_17: 9.01800
price_threshold_18: 9.19100
price_threshold_19: 9.68000
price_threshold_20: 9.80900
price_threshold_21: 10.91400
price_threshold_22: 11.89300
price_threshold_23: 13.58200
data_price_hour_rel_-14_amount: 8.70600
data_price_hour_abs_00_amount: 8.70600
data_price_hour_rel_-13_amount: 8.30300
data_price_hour_abs_01_amount: 8.30300
data_price_hour_rel_-12_amount: 7.99100
data_price_hour_abs_02_amount: 7.99100
data_price_hour_rel_-11_amount: 7.52600
data_price_hour_abs_03_amount: 7.52600
data_price_hour_rel_-10_amount: 7.58700
data_price_hour_abs_04_amount: 7.58700
data_price_hour_rel_-09_amount: 7.67700
data_price_hour_abs_05_amount: 7.67700
data_price_hour_rel_-08_amount: 8.00000
data_price_hour_abs_06_amount: 8.00000
data_price_hour_rel_-07_amount: 9.19100
data_price_hour_abs_07_amount: 9.19100
data_price_hour_rel_-06_amount: 8.96600
data_price_hour_abs_08_amount: 8.96600
data_price_hour_rel_-05_amount: 8.46000
data_price_hour_abs_09_amount: 8.46000
data_price_hour_rel_-04_amount: 7.88000
data_price_hour_abs_10_amount: 7.88000
data_price_hour_rel_-03_amount: 7.33200
data_price_hour_abs_11_amount: 7.33200
data_price_hour_rel_-02_amount: 6.61600
data_price_hour_abs_12_amount: 6.61600
data_price_hour_rel_-01_amount: 6.09600
data_price_hour_abs_13_amount: 6.09600
data_price_hour_rel_+00_amount: 6.38900
data_price_hour_abs_14_amount: 6.38900
data_price_hour_rel_+01_amount: 7.90700
data_price_hour_abs_15_amount: 7.90700
data_price_hour_rel_+02_amount: 9.80900
data_price_hour_abs_16_amount: 9.80900
data_price_hour_rel_+03_amount: 10.91400
data_price_hour_abs_17_amount: 10.91400
data_price_hour_rel_+04_amount: 13.58200
data_price_hour_abs_18_amount: 13.58200
data_price_hour_rel_+05_amount: 11.89300
data_price_hour_abs_19_amount: 11.89300
data_price_hour_rel_+06_amount: 9.68000
data_price_hour_abs_20_amount: 9.68000
data_price_hour_rel_+07_amount: 9.01800
data_price_hour_abs_21_amount: 9.01800
data_price_hour_rel_+08_amount: 8.38300
data_price_hour_abs_22_amount: 8.38300
data_price_hour_rel_+09_amount: 7.33300
data_price_hour_abs_23_amount: 7.33300