date_now: 2024-10-05 14:26:13
date_now_epoch: 1728131173795
date_now_day: 5
date_now_month: 10
date_now_year: 2024
date_start: 2024-10-05 00:00:00
date_end: 2024-10-05 23:59:59
price_low: 3.88800
price_high: 14.86500
price_median: 8.35300
price_average: 8.59337
price_current: 4.34900
price_unit: Cent/kWh
price_threshold_00: 3.88800
price_threshold_01: 4.34900
price_threshold_02: 5.14400
price_threshold_03: 6.29200
price_threshold_04: 6.70000
price_threshold_05: 6.82700
price_threshold_06: 7.55400
price_threshold_07: 7.57200
price_threshold_08: 7.71200
price_threshold_09: 7.98200
price_threshold_10: 8.14000
price_threshold_11: 8.24200
price_threshold_12: 8.46400
price_threshold_13: 8.52300
price_threshold_14: 8.62000
price_threshold_15: 9.31000
price_threshold_16: 9.65600
price_threshold_17: 9.94800
price_threshold_18: 10.04000
price_threshold_19: 10.30000
price_threshold_20: 10.72300
price_threshold_21: 11.06200
price_threshold_22: 14.32800
price_threshold_23: 14.86500
data_price_hour_rel_-14_amount: 9.31000
data_price_hour_abs_00_amount: 9.31000
data_price_hour_rel_-13_amount: 8.46400
data_price_hour_abs_01_amount: 8.46400
data_price_hour_rel_-12_amount: 8.14000
data_price_hour_abs_02_amount: 8.14000
data_price_hour_rel_-11_amount: 7.55400
data_price_hour_abs_03_amount: 7.55400
data_price_hour_rel_-10_amount: 7.57200
data_price_hour_abs_04_amount: 7.57200
data_price_hour_rel_-09_amount: 7.98200
data_price_hour_abs_05_amount: 7.98200
data_price_hour_rel_-08_amount: 8.62000
data_price_hour_abs_06_amount: 8.62000
data_price_hour_rel_-07_amount: 10.04000
data_price_hour_abs_07_amount: 10.04000
data_price_hour_rel_-06_amount: 11.06200
data_price_hour_abs_08_amount: 11.06200
data_price_hour_rel_-05_amount: 10.30000
data_price_hour_abs_09_amount: 10.30000
data_price_hour_rel_-04_amount: 8.24200
data_price_hour_abs_10_amount: 8.24200
data_price_hour_rel_-03_amount: 6.82700
data_price_hour_abs_11_amount: 6.82700
data_price_hour_rel_-02_amount: 5.14400
data_price_hour_abs_12_amount: 5.14400
data_price_hour_rel_-01_amount: 3.88800
data_price_hour_abs_13_amount: 3.88800
data_price_hour_rel_+00_amount: 4.34900
data_price_hour_abs_14_amount: 4.34900
data_price_hour_rel_+01_amount: 6.29200
data_price_hour_abs_15_amount: 6.29200
data_price_hour_rel_+02_amount: 7.71200
data_price_hour_abs_16_amount: 7.71200
data_price_hour_rel_+03_amount: 9.94800
data_price_hour_abs_17_amount: 9.94800
data_price_hour_rel_+04_amount: 14.86500
data_price_hour_abs_18_amount: 14.86500
data_price_hour_rel_+05_amount: 14.32800
data_price_hour_abs_19_amount: 14.32800
data_price_hour_rel_+06_amount: 10.72300
data_price_hour_abs_20_amount: 10.72300
data_price_hour_rel_+07_amount: 9.65600
data_price_hour_abs_21_amount: 9.65600
data_price_hour_rel_+08_amount: 8.52300
data_price_hour_abs_22_amount: 8.52300
data_price_hour_rel_+09_amount: 6.70000
data_price_hour_abs_23_amount: 6.70000