date_now: 2024-09-15 14:25:00
date_now_epoch: 1726403100168
date_now_day: 15
date_now_month: 9
date_now_year: 2024
date_start: 2024-09-15 00:00:00
date_end: 2024-09-15 23:59:59
price_low: -0.04100
price_high: 13.31600
price_median: 6.81650
price_average: 6.21263
price_current: -0.04100
price_unit: Cent/kWh
price_threshold_00: -0.04100
price_threshold_01: -0.02700
price_threshold_02: -0.00100
price_threshold_03: 0.00000
price_threshold_04: 0.00700
price_threshold_05: 1.09200
price_threshold_06: 1.97000
price_threshold_07: 5.40700
price_threshold_08: 6.36600
price_threshold_09: 6.56100
price_threshold_10: 6.66000
price_threshold_11: 6.71500
price_threshold_12: 6.91800
price_threshold_13: 7.00700
price_threshold_14: 7.69600
price_threshold_15: 7.81100
price_threshold_16: 8.22500
price_threshold_17: 8.54200
price_threshold_18: 9.26000
price_threshold_19: 10.71100
price_threshold_20: 11.26800
price_threshold_21: 11.28000
price_threshold_22: 12.36000
price_threshold_23: 13.31600
data_price_hour_rel_-14_amount: 7.81100
data_price_hour_abs_00_amount: 7.81100
data_price_hour_rel_-13_amount: 7.00700
data_price_hour_abs_01_amount: 7.00700
data_price_hour_rel_-12_amount: 6.66000
data_price_hour_abs_02_amount: 6.66000
data_price_hour_rel_-11_amount: 6.71500
data_price_hour_abs_03_amount: 6.71500
data_price_hour_rel_-10_amount: 6.36600
data_price_hour_abs_04_amount: 6.36600
data_price_hour_rel_-09_amount: 6.56100
data_price_hour_abs_05_amount: 6.56100
data_price_hour_rel_-08_amount: 6.91800
data_price_hour_abs_06_amount: 6.91800
data_price_hour_rel_-07_amount: 8.54200
data_price_hour_abs_07_amount: 8.54200
data_price_hour_rel_-06_amount: 7.69600
data_price_hour_abs_08_amount: 7.69600
data_price_hour_rel_-05_amount: 5.40700
data_price_hour_abs_09_amount: 5.40700
data_price_hour_rel_-04_amount: 1.09200
data_price_hour_abs_10_amount: 1.09200
data_price_hour_rel_-03_amount: 0.00700
data_price_hour_abs_11_amount: 0.00700
data_price_hour_rel_-02_amount: 0.00000
data_price_hour_abs_12_amount: 0.00000
data_price_hour_rel_-01_amount: -0.00100
data_price_hour_abs_13_amount: -0.00100
data_price_hour_rel_+00_amount: -0.04100
data_price_hour_abs_14_amount: -0.04100
data_price_hour_rel_+01_amount: -0.02700
data_price_hour_abs_15_amount: -0.02700
data_price_hour_rel_+02_amount: 1.97000
data_price_hour_abs_16_amount: 1.97000
data_price_hour_rel_+03_amount: 8.22500
data_price_hour_abs_17_amount: 8.22500
data_price_hour_rel_+04_amount: 11.28000
data_price_hour_abs_18_amount: 11.28000
data_price_hour_rel_+05_amount: 13.31600
data_price_hour_abs_19_amount: 13.31600
data_price_hour_rel_+06_amount: 12.36000
data_price_hour_abs_20_amount: 12.36000
data_price_hour_rel_+07_amount: 11.26800
data_price_hour_abs_21_amount: 11.26800
data_price_hour_rel_+08_amount: 10.71100
data_price_hour_abs_22_amount: 10.71100
data_price_hour_rel_+09_amount: 9.26000
data_price_hour_abs_23_amount: 9.26000