date_now: 2024-09-08 14:24:20
date_now_epoch: 1725798260989
date_now_day: 8
date_now_month: 9
date_now_year: 2024
date_start: 2024-09-08 00:00:00
date_end: 2024-09-08 23:59:59
price_low: 0.00100
price_high: 12.81200
price_median: 8.28750
price_average: 6.89979
price_current: 0.11600
price_unit: Cent/kWh
price_threshold_00: 0.00100
price_threshold_01: 0.00400
price_threshold_02: 0.04400
price_threshold_03: 0.11600
price_threshold_04: 0.31700
price_threshold_05: 0.82900
price_threshold_06: 4.05800
price_threshold_07: 5.86200
price_threshold_08: 7.67300
price_threshold_09: 8.20000
price_threshold_10: 8.20700
price_threshold_11: 8.23900
price_threshold_12: 8.33600
price_threshold_13: 8.36800
price_threshold_14: 8.51000
price_threshold_15: 8.64600
price_threshold_16: 9.39100
price_threshold_17: 9.59900
price_threshold_18: 9.71300
price_threshold_19: 10.58000
price_threshold_20: 11.72000
price_threshold_21: 11.95500
price_threshold_22: 12.41500
price_threshold_23: 12.81200
data_price_hour_rel_-14_amount: 9.39100
data_price_hour_abs_00_amount: 9.39100
data_price_hour_rel_-13_amount: 8.64600
data_price_hour_abs_01_amount: 8.64600
data_price_hour_rel_-12_amount: 8.36800
data_price_hour_abs_02_amount: 8.36800
data_price_hour_rel_-11_amount: 8.20000
data_price_hour_abs_03_amount: 8.20000
data_price_hour_rel_-10_amount: 8.23900
data_price_hour_abs_04_amount: 8.23900
data_price_hour_rel_-09_amount: 8.51000
data_price_hour_abs_05_amount: 8.51000
data_price_hour_rel_-08_amount: 8.33600
data_price_hour_abs_06_amount: 8.33600
data_price_hour_rel_-07_amount: 8.20700
data_price_hour_abs_07_amount: 8.20700
data_price_hour_rel_-06_amount: 7.67300
data_price_hour_abs_08_amount: 7.67300
data_price_hour_rel_-05_amount: 4.05800
data_price_hour_abs_09_amount: 4.05800
data_price_hour_rel_-04_amount: 0.82900
data_price_hour_abs_10_amount: 0.82900
data_price_hour_rel_-03_amount: 0.04400
data_price_hour_abs_11_amount: 0.04400
data_price_hour_rel_-02_amount: 0.00400
data_price_hour_abs_12_amount: 0.00400
data_price_hour_rel_-01_amount: 0.00100
data_price_hour_abs_13_amount: 0.00100
data_price_hour_rel_+00_amount: 0.11600
data_price_hour_abs_14_amount: 0.11600
data_price_hour_rel_+01_amount: 0.31700
data_price_hour_abs_15_amount: 0.31700
data_price_hour_rel_+02_amount: 5.86200
data_price_hour_abs_16_amount: 5.86200
data_price_hour_rel_+03_amount: 9.59900
data_price_hour_abs_17_amount: 9.59900
data_price_hour_rel_+04_amount: 11.95500
data_price_hour_abs_18_amount: 11.95500
data_price_hour_rel_+05_amount: 12.41500
data_price_hour_abs_19_amount: 12.41500
data_price_hour_rel_+06_amount: 12.81200
data_price_hour_abs_20_amount: 12.81200
data_price_hour_rel_+07_amount: 11.72000
data_price_hour_abs_21_amount: 11.72000
data_price_hour_rel_+08_amount: 10.58000
data_price_hour_abs_22_amount: 10.58000
data_price_hour_rel_+09_amount: 9.71300
data_price_hour_abs_23_amount: 9.71300