date_now: 2024-01-29 13:20:12
date_now_epoch: 1706530812967
date_now_day: 29
date_now_month: 1
date_now_year: 2024
date_start: 2024-01-29 00:00:00
date_end: 2024-01-29 23:59:59
price_low: 4.72600
price_high: 12.74200
price_median: 8.14200
price_average: 8.10329
price_current: 7.49900
price_unit: Cent/kWh
price_threshold_00: 4.72600
price_threshold_01: 4.79700
price_threshold_02: 4.81200
price_threshold_03: 4.99700
price_threshold_04: 5.15800
price_threshold_05: 6.00600
price_threshold_06: 7.02400
price_threshold_07: 7.12700
price_threshold_08: 7.49900
price_threshold_09: 7.89000
price_threshold_10: 8.00000
price_threshold_11: 8.02900
price_threshold_12: 8.25500
price_threshold_13: 8.34200
price_threshold_14: 8.67900
price_threshold_15: 8.83900
price_threshold_16: 9.19800
price_threshold_17: 9.35700
price_threshold_18: 9.76000
price_threshold_19: 9.91700
price_threshold_20: 10.75200
price_threshold_21: 10.84300
price_threshold_22: 11.73000
price_threshold_23: 12.74200
data_price_hour_rel_-13_amount: 4.99700
data_price_hour_abs_00_amount: 4.99700
data_price_hour_rel_-12_amount: 4.72600
data_price_hour_abs_01_amount: 4.72600
data_price_hour_rel_-11_amount: 4.81200
data_price_hour_abs_02_amount: 4.81200
data_price_hour_rel_-10_amount: 4.79700
data_price_hour_abs_03_amount: 4.79700
data_price_hour_rel_-09_amount: 5.15800
data_price_hour_abs_04_amount: 5.15800
data_price_hour_rel_-08_amount: 6.00600
data_price_hour_abs_05_amount: 6.00600
data_price_hour_rel_-07_amount: 8.00000
data_price_hour_abs_06_amount: 8.00000
data_price_hour_rel_-06_amount: 9.35700
data_price_hour_abs_07_amount: 9.35700
data_price_hour_rel_-05_amount: 9.91700
data_price_hour_abs_08_amount: 9.91700
data_price_hour_rel_-04_amount: 8.83900
data_price_hour_abs_09_amount: 8.83900
data_price_hour_rel_-03_amount: 7.89000
data_price_hour_abs_10_amount: 7.89000
data_price_hour_rel_-02_amount: 7.12700
data_price_hour_abs_11_amount: 7.12700
data_price_hour_rel_-01_amount: 7.02400
data_price_hour_abs_12_amount: 7.02400
data_price_hour_rel_+00_amount: 7.49900
data_price_hour_abs_13_amount: 7.49900
data_price_hour_rel_+01_amount: 8.25500
data_price_hour_abs_14_amount: 8.25500
data_price_hour_rel_+02_amount: 9.76000
data_price_hour_abs_15_amount: 9.76000
data_price_hour_rel_+03_amount: 10.84300
data_price_hour_abs_16_amount: 10.84300
data_price_hour_rel_+04_amount: 12.74200
data_price_hour_abs_17_amount: 12.74200
data_price_hour_rel_+05_amount: 11.73000
data_price_hour_abs_18_amount: 11.73000
data_price_hour_rel_+06_amount: 10.75200
data_price_hour_abs_19_amount: 10.75200
data_price_hour_rel_+07_amount: 9.19800
data_price_hour_abs_20_amount: 9.19800
data_price_hour_rel_+08_amount: 8.67900
data_price_hour_abs_21_amount: 8.67900
data_price_hour_rel_+09_amount: 8.34200
data_price_hour_abs_22_amount: 8.34200
data_price_hour_rel_+10_amount: 8.02900
data_price_hour_abs_23_amount: 8.02900