date_now: 2024-11-03 13:25:45
date_now_epoch: 1730636745516
date_now_day: 3
date_now_month: 11
date_now_year: 2024
date_start: 2024-11-03 00:00:00
date_end: 2024-11-03 23:59:59
price_low: 5.26300
price_high: 12.79100
price_median: 9.50450
price_average: 9.34342
price_current: 6.10800
price_unit: Cent/kWh
price_threshold_00: 5.26300
price_threshold_01: 6.07800
price_threshold_02: 6.10800
price_threshold_03: 7.07100
price_threshold_04: 8.39700
price_threshold_05: 8.43700
price_threshold_06: 8.50900
price_threshold_07: 8.74300
price_threshold_08: 8.84700
price_threshold_09: 8.85000
price_threshold_10: 8.90500
price_threshold_11: 9.45300
price_threshold_12: 9.55600
price_threshold_13: 9.66300
price_threshold_14: 9.81100
price_threshold_15: 10.06900
price_threshold_16: 10.09500
price_threshold_17: 10.11900
price_threshold_18: 10.20000
price_threshold_19: 11.08000
price_threshold_20: 11.51600
price_threshold_21: 12.07200
price_threshold_22: 12.60900
price_threshold_23: 12.79100
data_price_hour_rel_-13_amount: 10.11900
data_price_hour_abs_00_amount: 10.11900
data_price_hour_rel_-12_amount: 9.66300
data_price_hour_abs_01_amount: 9.66300
data_price_hour_rel_-11_amount: 8.90500
data_price_hour_abs_02_amount: 8.90500
data_price_hour_rel_-10_amount: 8.50900
data_price_hour_abs_03_amount: 8.50900
data_price_hour_rel_-09_amount: 8.74300
data_price_hour_abs_04_amount: 8.74300
data_price_hour_rel_-08_amount: 8.85000
data_price_hour_abs_05_amount: 8.85000
data_price_hour_rel_-07_amount: 9.55600
data_price_hour_abs_06_amount: 9.55600
data_price_hour_rel_-06_amount: 9.81100
data_price_hour_abs_07_amount: 9.81100
data_price_hour_rel_-05_amount: 8.84700
data_price_hour_abs_08_amount: 8.84700
data_price_hour_rel_-04_amount: 8.39700
data_price_hour_abs_09_amount: 8.39700
data_price_hour_rel_-03_amount: 7.07100
data_price_hour_abs_10_amount: 7.07100
data_price_hour_rel_-02_amount: 6.07800
data_price_hour_abs_11_amount: 6.07800
data_price_hour_rel_-01_amount: 5.26300
data_price_hour_abs_12_amount: 5.26300
data_price_hour_rel_+00_amount: 6.10800
data_price_hour_abs_13_amount: 6.10800
data_price_hour_rel_+01_amount: 8.43700
data_price_hour_abs_14_amount: 8.43700
data_price_hour_rel_+02_amount: 10.09500
data_price_hour_abs_15_amount: 10.09500
data_price_hour_rel_+03_amount: 11.51600
data_price_hour_abs_16_amount: 11.51600
data_price_hour_rel_+04_amount: 12.79100
data_price_hour_abs_17_amount: 12.79100
data_price_hour_rel_+05_amount: 12.60900
data_price_hour_abs_18_amount: 12.60900
data_price_hour_rel_+06_amount: 12.07200
data_price_hour_abs_19_amount: 12.07200
data_price_hour_rel_+07_amount: 11.08000
data_price_hour_abs_20_amount: 11.08000
data_price_hour_rel_+08_amount: 10.20000
data_price_hour_abs_21_amount: 10.20000
data_price_hour_rel_+09_amount: 10.06900
data_price_hour_abs_22_amount: 10.06900
data_price_hour_rel_+10_amount: 9.45300
data_price_hour_abs_23_amount: 9.45300