date_now: 2024-05-17 14:21:34
date_now_epoch: 1715948494941
date_now_day: 17
date_now_month: 5
date_now_year: 2024
date_start: 2024-05-17 00:00:00
date_end: 2024-05-17 23:59:59
price_low: 2.82400
price_high: 10.79400
price_median: 6.69900
price_average: 6.90129
price_current: 3.16000
price_unit: Cent/kWh
price_threshold_00: 2.82400
price_threshold_01: 3.16000
price_threshold_02: 3.75000
price_threshold_03: 3.81100
price_threshold_04: 5.20900
price_threshold_05: 5.74100
price_threshold_06: 6.24800
price_threshold_07: 6.32000
price_threshold_08: 6.32200
price_threshold_09: 6.32400
price_threshold_10: 6.43900
price_threshold_11: 6.44600
price_threshold_12: 6.95200
price_threshold_13: 6.98800
price_threshold_14: 7.05400
price_threshold_15: 7.39000
price_threshold_16: 8.06500
price_threshold_17: 8.37300
price_threshold_18: 8.93900
price_threshold_19: 9.47100
price_threshold_20: 9.49500
price_threshold_21: 9.52200
price_threshold_22: 9.99400
price_threshold_23: 10.79400
data_price_hour_rel_-14_amount: 6.95200
data_price_hour_abs_00_amount: 6.95200
data_price_hour_rel_-13_amount: 6.32000
data_price_hour_abs_01_amount: 6.32000
data_price_hour_rel_-12_amount: 6.32200
data_price_hour_abs_02_amount: 6.32200
data_price_hour_rel_-11_amount: 6.24800
data_price_hour_abs_03_amount: 6.24800
data_price_hour_rel_-10_amount: 6.43900
data_price_hour_abs_04_amount: 6.43900
data_price_hour_rel_-09_amount: 6.32400
data_price_hour_abs_05_amount: 6.32400
data_price_hour_rel_-08_amount: 8.37300
data_price_hour_abs_06_amount: 8.37300
data_price_hour_rel_-07_amount: 9.99400
data_price_hour_abs_07_amount: 9.99400
data_price_hour_rel_-06_amount: 9.47100
data_price_hour_abs_08_amount: 9.47100
data_price_hour_rel_-05_amount: 7.39000
data_price_hour_abs_09_amount: 7.39000
data_price_hour_rel_-04_amount: 6.44600
data_price_hour_abs_10_amount: 6.44600
data_price_hour_rel_-03_amount: 5.74100
data_price_hour_abs_11_amount: 5.74100
data_price_hour_rel_-02_amount: 3.81100
data_price_hour_abs_12_amount: 3.81100
data_price_hour_rel_-01_amount: 2.82400
data_price_hour_abs_13_amount: 2.82400
data_price_hour_rel_+00_amount: 3.16000
data_price_hour_abs_14_amount: 3.16000
data_price_hour_rel_+01_amount: 3.75000
data_price_hour_abs_15_amount: 3.75000
data_price_hour_rel_+02_amount: 5.20900
data_price_hour_abs_16_amount: 5.20900
data_price_hour_rel_+03_amount: 7.05400
data_price_hour_abs_17_amount: 7.05400
data_price_hour_rel_+04_amount: 6.98800
data_price_hour_abs_18_amount: 6.98800
data_price_hour_rel_+05_amount: 9.49500
data_price_hour_abs_19_amount: 9.49500
data_price_hour_rel_+06_amount: 10.79400
data_price_hour_abs_20_amount: 10.79400
data_price_hour_rel_+07_amount: 9.52200
data_price_hour_abs_21_amount: 9.52200
data_price_hour_rel_+08_amount: 8.93900
data_price_hour_abs_22_amount: 8.93900
data_price_hour_rel_+09_amount: 8.06500
data_price_hour_abs_23_amount: 8.06500