date_now: 2024-05-10 14:21:22
date_now_epoch: 1715343682251
date_now_day: 10
date_now_month: 5
date_now_year: 2024
date_start: 2024-05-10 00:00:00
date_end: 2024-05-10 23:59:59
price_low: 0.00200
price_high: 17.07200
price_median: 8.54050
price_average: 7.59900
price_current: 0.00200
price_unit: Cent/kWh
price_threshold_00: 0.00200
price_threshold_01: 0.00200
price_threshold_02: 0.05200
price_threshold_03: 0.28700
price_threshold_04: 2.04200
price_threshold_05: 2.08400
price_threshold_06: 6.54600
price_threshold_07: 6.73900
price_threshold_08: 7.44800
price_threshold_09: 7.47800
price_threshold_10: 7.70700
price_threshold_11: 8.49300
price_threshold_12: 8.58800
price_threshold_13: 9.04500
price_threshold_14: 9.21300
price_threshold_15: 9.21600
price_threshold_16: 9.56000
price_threshold_17: 10.48700
price_threshold_18: 10.59100
price_threshold_19: 10.94700
price_threshold_20: 11.52000
price_threshold_21: 13.62600
price_threshold_22: 13.63100
price_threshold_23: 17.07200
data_price_hour_rel_-14_amount: 9.21300
data_price_hour_abs_00_amount: 9.21300
data_price_hour_rel_-13_amount: 8.49300
data_price_hour_abs_01_amount: 8.49300
data_price_hour_rel_-12_amount: 7.70700
data_price_hour_abs_02_amount: 7.70700
data_price_hour_rel_-11_amount: 7.44800
data_price_hour_abs_03_amount: 7.44800
data_price_hour_rel_-10_amount: 7.47800
data_price_hour_abs_04_amount: 7.47800
data_price_hour_rel_-09_amount: 9.04500
data_price_hour_abs_05_amount: 9.04500
data_price_hour_rel_-08_amount: 11.52000
data_price_hour_abs_06_amount: 11.52000
data_price_hour_rel_-07_amount: 10.94700
data_price_hour_abs_07_amount: 10.94700
data_price_hour_rel_-06_amount: 9.56000
data_price_hour_abs_08_amount: 9.56000
data_price_hour_rel_-05_amount: 6.73900
data_price_hour_abs_09_amount: 6.73900
data_price_hour_rel_-04_amount: 2.08400
data_price_hour_abs_10_amount: 2.08400
data_price_hour_rel_-03_amount: 0.28700
data_price_hour_abs_11_amount: 0.28700
data_price_hour_rel_-02_amount: 0.05200
data_price_hour_abs_12_amount: 0.05200
data_price_hour_rel_-01_amount: 0.00200
data_price_hour_abs_13_amount: 0.00200
data_price_hour_rel_+00_amount: 0.00200
data_price_hour_abs_14_amount: 0.00200
data_price_hour_rel_+01_amount: 2.04200
data_price_hour_abs_15_amount: 2.04200
data_price_hour_rel_+02_amount: 6.54600
data_price_hour_abs_16_amount: 6.54600
data_price_hour_rel_+03_amount: 8.58800
data_price_hour_abs_17_amount: 8.58800
data_price_hour_rel_+04_amount: 10.59100
data_price_hour_abs_18_amount: 10.59100
data_price_hour_rel_+05_amount: 13.62600
data_price_hour_abs_19_amount: 13.62600
data_price_hour_rel_+06_amount: 17.07200
data_price_hour_abs_20_amount: 17.07200
data_price_hour_rel_+07_amount: 13.63100
data_price_hour_abs_21_amount: 13.63100
data_price_hour_rel_+08_amount: 10.48700
data_price_hour_abs_22_amount: 10.48700
data_price_hour_rel_+09_amount: 9.21600
data_price_hour_abs_23_amount: 9.21600