date_now: 2024-01-02 13:20:56
date_now_epoch: 1704198056326
date_now_day: 2
date_now_month: 1
date_now_year: 2024
date_start: 2024-01-02 00:00:00
date_end: 2024-01-02 23:59:59
price_low: 0.74300
price_high: 8.34600
price_median: 6.06400
price_average: 5.30733
price_current: 7.88700
price_unit: Cent/kWh
price_threshold_00: 0.74300
price_threshold_01: 1.10800
price_threshold_02: 1.37800
price_threshold_03: 1.83900
price_threshold_04: 2.00700
price_threshold_05: 3.05900
price_threshold_06: 3.10300
price_threshold_07: 4.00000
price_threshold_08: 4.68900
price_threshold_09: 4.76300
price_threshold_10: 5.71100
price_threshold_11: 5.81000
price_threshold_12: 6.31800
price_threshold_13: 6.47300
price_threshold_14: 6.56700
price_threshold_15: 6.89800
price_threshold_16: 7.35400
price_threshold_17: 7.49500
price_threshold_18: 7.81600
price_threshold_19: 7.88700
price_threshold_20: 7.92400
price_threshold_21: 7.99600
price_threshold_22: 8.09200
price_threshold_23: 8.34600
data_price_hour_rel_-13_amount: 3.05900
data_price_hour_abs_00_amount: 3.05900
data_price_hour_rel_-12_amount: 2.00700
data_price_hour_abs_01_amount: 2.00700
data_price_hour_rel_-11_amount: 3.10300
data_price_hour_abs_02_amount: 3.10300
data_price_hour_rel_-10_amount: 1.83900
data_price_hour_abs_03_amount: 1.83900
data_price_hour_rel_-09_amount: 1.10800
data_price_hour_abs_04_amount: 1.10800
data_price_hour_rel_-08_amount: 1.37800
data_price_hour_abs_05_amount: 1.37800
data_price_hour_rel_-07_amount: 4.76300
data_price_hour_abs_06_amount: 4.76300
data_price_hour_rel_-06_amount: 5.81000
data_price_hour_abs_07_amount: 5.81000
data_price_hour_rel_-05_amount: 6.56700
data_price_hour_abs_08_amount: 6.56700
data_price_hour_rel_-04_amount: 6.47300
data_price_hour_abs_09_amount: 6.47300
data_price_hour_rel_-03_amount: 6.89800
data_price_hour_abs_10_amount: 6.89800
data_price_hour_rel_-02_amount: 7.35400
data_price_hour_abs_11_amount: 7.35400
data_price_hour_rel_-01_amount: 7.81600
data_price_hour_abs_12_amount: 7.81600
data_price_hour_rel_+00_amount: 7.88700
data_price_hour_abs_13_amount: 7.88700
data_price_hour_rel_+01_amount: 7.92400
data_price_hour_abs_14_amount: 7.92400
data_price_hour_rel_+02_amount: 7.99600
data_price_hour_abs_15_amount: 7.99600
data_price_hour_rel_+03_amount: 8.34600
data_price_hour_abs_16_amount: 8.34600
data_price_hour_rel_+04_amount: 8.09200
data_price_hour_abs_17_amount: 8.09200
data_price_hour_rel_+05_amount: 7.49500
data_price_hour_abs_18_amount: 7.49500
data_price_hour_rel_+06_amount: 6.31800
data_price_hour_abs_19_amount: 6.31800
data_price_hour_rel_+07_amount: 5.71100
data_price_hour_abs_20_amount: 5.71100
data_price_hour_rel_+08_amount: 4.68900
data_price_hour_abs_21_amount: 4.68900
data_price_hour_rel_+09_amount: 4.00000
data_price_hour_abs_22_amount: 4.00000
data_price_hour_rel_+10_amount: 0.74300
data_price_hour_abs_23_amount: 0.74300