date_now: 2024-10-16 14:28:43
date_now_epoch: 1729081723831
date_now_day: 16
date_now_month: 10
date_now_year: 2024
date_start: 2024-10-16 00:00:00
date_end: 2024-10-16 23:59:59
price_low: 0.20400
price_high: 8.83800
price_median: 2.66100
price_average: 3.50763
price_current: 0.40000
price_unit: Cent/kWh
price_threshold_00: 0.20400
price_threshold_01: 0.31600
price_threshold_02: 0.36100
price_threshold_03: 0.40000
price_threshold_04: 0.40900
price_threshold_05: 0.53000
price_threshold_06: 0.82000
price_threshold_07: 1.28000
price_threshold_08: 1.41600
price_threshold_09: 1.41800
price_threshold_10: 2.33500
price_threshold_11: 2.65400
price_threshold_12: 2.66800
price_threshold_13: 3.51400
price_threshold_14: 4.25900
price_threshold_15: 5.42900
price_threshold_16: 5.49200
price_threshold_17: 6.18600
price_threshold_18: 6.53100
price_threshold_19: 6.65200
price_threshold_20: 6.72900
price_threshold_21: 7.29500
price_threshold_22: 8.44700
price_threshold_23: 8.83800
data_price_hour_rel_-14_amount: 2.33500
data_price_hour_abs_00_amount: 2.33500
data_price_hour_rel_-13_amount: 1.28000
data_price_hour_abs_01_amount: 1.28000
data_price_hour_rel_-12_amount: 0.53000
data_price_hour_abs_02_amount: 0.53000
data_price_hour_rel_-11_amount: 0.36100
data_price_hour_abs_03_amount: 0.36100
data_price_hour_rel_-10_amount: 0.31600
data_price_hour_abs_04_amount: 0.31600
data_price_hour_rel_-09_amount: 0.82000
data_price_hour_abs_05_amount: 0.82000
data_price_hour_rel_-08_amount: 4.25900
data_price_hour_abs_06_amount: 4.25900
data_price_hour_rel_-07_amount: 6.72900
data_price_hour_abs_07_amount: 6.72900
data_price_hour_rel_-06_amount: 6.65200
data_price_hour_abs_08_amount: 6.65200
data_price_hour_rel_-05_amount: 5.42900
data_price_hour_abs_09_amount: 5.42900
data_price_hour_rel_-04_amount: 2.66800
data_price_hour_abs_10_amount: 2.66800
data_price_hour_rel_-03_amount: 1.41600
data_price_hour_abs_11_amount: 1.41600
data_price_hour_rel_-02_amount: 0.40900
data_price_hour_abs_12_amount: 0.40900
data_price_hour_rel_-01_amount: 0.20400
data_price_hour_abs_13_amount: 0.20400
data_price_hour_rel_+00_amount: 0.40000
data_price_hour_abs_14_amount: 0.40000
data_price_hour_rel_+01_amount: 1.41800
data_price_hour_abs_15_amount: 1.41800
data_price_hour_rel_+02_amount: 5.49200
data_price_hour_abs_16_amount: 5.49200
data_price_hour_rel_+03_amount: 7.29500
data_price_hour_abs_17_amount: 7.29500
data_price_hour_rel_+04_amount: 8.44700
data_price_hour_abs_18_amount: 8.44700
data_price_hour_rel_+05_amount: 8.83800
data_price_hour_abs_19_amount: 8.83800
data_price_hour_rel_+06_amount: 6.53100
data_price_hour_abs_20_amount: 6.53100
data_price_hour_rel_+07_amount: 6.18600
data_price_hour_abs_21_amount: 6.18600
data_price_hour_rel_+08_amount: 3.51400
data_price_hour_abs_22_amount: 3.51400
data_price_hour_rel_+09_amount: 2.65400
data_price_hour_abs_23_amount: 2.65400