date_now: 2024-12-12 13:31:42
date_now_epoch: 1734006702776
date_now_day: 12
date_now_month: 12
date_now_year: 2024
date_start: 2024-12-12 00:00:00
date_end: 2024-12-12 23:59:59
price_low: 10.73500
price_high: 93.62800
price_median: 41.01450
price_average: 39.53388
price_current: 41.53000
price_unit: Cent/kWh
price_threshold_00: 10.73500
price_threshold_01: 10.99600
price_threshold_02: 11.25100
price_threshold_03: 11.53000
price_threshold_04: 12.22400
price_threshold_05: 12.36700
price_threshold_06: 13.47500
price_threshold_07: 15.00000
price_threshold_08: 16.94000
price_threshold_09: 17.61800
price_threshold_10: 29.56600
price_threshold_11: 40.49900
price_threshold_12: 41.53000
price_threshold_13: 46.53600
price_threshold_14: 49.03400
price_threshold_15: 54.38300
price_threshold_16: 55.10100
price_threshold_17: 59.99900
price_threshold_18: 64.67600
price_threshold_19: 65.56000
price_threshold_20: 66.84900
price_threshold_21: 67.41800
price_threshold_22: 81.89800
price_threshold_23: 93.62800
data_price_hour_rel_-13_amount: 12.22400
data_price_hour_abs_00_amount: 12.22400
data_price_hour_rel_-12_amount: 11.53000
data_price_hour_abs_01_amount: 11.53000
data_price_hour_rel_-11_amount: 10.99600
data_price_hour_abs_02_amount: 10.99600
data_price_hour_rel_-10_amount: 10.73500
data_price_hour_abs_03_amount: 10.73500
data_price_hour_rel_-09_amount: 11.25100
data_price_hour_abs_04_amount: 11.25100
data_price_hour_rel_-08_amount: 12.36700
data_price_hour_abs_05_amount: 12.36700
data_price_hour_rel_-07_amount: 17.61800
data_price_hour_abs_06_amount: 17.61800
data_price_hour_rel_-06_amount: 59.99900
data_price_hour_abs_07_amount: 59.99900
data_price_hour_rel_-05_amount: 65.56000
data_price_hour_abs_08_amount: 65.56000
data_price_hour_rel_-04_amount: 64.67600
data_price_hour_abs_09_amount: 64.67600
data_price_hour_rel_-03_amount: 54.38300
data_price_hour_abs_10_amount: 54.38300
data_price_hour_rel_-02_amount: 46.53600
data_price_hour_abs_11_amount: 46.53600
data_price_hour_rel_-01_amount: 40.49900
data_price_hour_abs_12_amount: 40.49900
data_price_hour_rel_+00_amount: 41.53000
data_price_hour_abs_13_amount: 41.53000
data_price_hour_rel_+01_amount: 49.03400
data_price_hour_abs_14_amount: 49.03400
data_price_hour_rel_+02_amount: 66.84900
data_price_hour_abs_15_amount: 66.84900
data_price_hour_rel_+03_amount: 81.89800
data_price_hour_abs_16_amount: 81.89800
data_price_hour_rel_+04_amount: 93.62800
data_price_hour_abs_17_amount: 93.62800
data_price_hour_rel_+05_amount: 67.41800
data_price_hour_abs_18_amount: 67.41800
data_price_hour_rel_+06_amount: 55.10100
data_price_hour_abs_19_amount: 55.10100
data_price_hour_rel_+07_amount: 29.56600
data_price_hour_abs_20_amount: 29.56600
data_price_hour_rel_+08_amount: 16.94000
data_price_hour_abs_21_amount: 16.94000
data_price_hour_rel_+09_amount: 15.00000
data_price_hour_abs_22_amount: 15.00000
data_price_hour_rel_+10_amount: 13.47500
data_price_hour_abs_23_amount: 13.47500