date_now: 2024-09-02 14:27:48
date_now_epoch: 1725280068091
date_now_day: 2
date_now_month: 9
date_now_year: 2024
date_start: 2024-09-02 00:00:00
date_end: 2024-09-02 23:59:59
price_low: 8.11900
price_high: 25.54000
price_median: 10.21750
price_average: 11.50738
price_current: 8.36300
price_unit: Cent/kWh
price_threshold_00: 8.11900
price_threshold_01: 8.36300
price_threshold_02: 8.50500
price_threshold_03: 8.82400
price_threshold_04: 9.08200
price_threshold_05: 9.12400
price_threshold_06: 9.15900
price_threshold_07: 9.23900
price_threshold_08: 9.25100
price_threshold_09: 9.36300
price_threshold_10: 9.47700
price_threshold_11: 10.15200
price_threshold_12: 10.28300
price_threshold_13: 10.38400
price_threshold_14: 11.28800
price_threshold_15: 11.42400
price_threshold_16: 11.47300
price_threshold_17: 12.26400
price_threshold_18: 13.19000
price_threshold_19: 13.19400
price_threshold_20: 13.49500
price_threshold_21: 13.77800
price_threshold_22: 21.20600
price_threshold_23: 25.54000
data_price_hour_rel_-14_amount: 9.12400
data_price_hour_abs_00_amount: 9.12400
data_price_hour_rel_-13_amount: 9.47700
data_price_hour_abs_01_amount: 9.47700
data_price_hour_rel_-12_amount: 9.23900
data_price_hour_abs_02_amount: 9.23900
data_price_hour_rel_-11_amount: 9.25100
data_price_hour_abs_03_amount: 9.25100
data_price_hour_rel_-10_amount: 9.15900
data_price_hour_abs_04_amount: 9.15900
data_price_hour_rel_-09_amount: 10.15200
data_price_hour_abs_05_amount: 10.15200
data_price_hour_rel_-08_amount: 11.47300
data_price_hour_abs_06_amount: 11.47300
data_price_hour_rel_-07_amount: 13.49500
data_price_hour_abs_07_amount: 13.49500
data_price_hour_rel_-06_amount: 13.19400
data_price_hour_abs_08_amount: 13.19400
data_price_hour_rel_-05_amount: 12.26400
data_price_hour_abs_09_amount: 12.26400
data_price_hour_rel_-04_amount: 10.28300
data_price_hour_abs_10_amount: 10.28300
data_price_hour_rel_-03_amount: 9.08200
data_price_hour_abs_11_amount: 9.08200
data_price_hour_rel_-02_amount: 8.50500
data_price_hour_abs_12_amount: 8.50500
data_price_hour_rel_-01_amount: 8.11900
data_price_hour_abs_13_amount: 8.11900
data_price_hour_rel_+00_amount: 8.36300
data_price_hour_abs_14_amount: 8.36300
data_price_hour_rel_+01_amount: 8.82400
data_price_hour_abs_15_amount: 8.82400
data_price_hour_rel_+02_amount: 9.36300
data_price_hour_abs_16_amount: 9.36300
data_price_hour_rel_+03_amount: 11.28800
data_price_hour_abs_17_amount: 11.28800
data_price_hour_rel_+04_amount: 13.77800
data_price_hour_abs_18_amount: 13.77800
data_price_hour_rel_+05_amount: 25.54000
data_price_hour_abs_19_amount: 25.54000
data_price_hour_rel_+06_amount: 21.20600
data_price_hour_abs_20_amount: 21.20600
data_price_hour_rel_+07_amount: 13.19000
data_price_hour_abs_21_amount: 13.19000
data_price_hour_rel_+08_amount: 11.42400
data_price_hour_abs_22_amount: 11.42400
data_price_hour_rel_+09_amount: 10.38400
data_price_hour_abs_23_amount: 10.38400