date_now: 2024-08-19 14:25:53
date_now_epoch: 1724070353991
date_now_day: 19
date_now_month: 8
date_now_year: 2024
date_start: 2024-08-19 00:00:00
date_end: 2024-08-19 23:59:59
price_low: 7.88700
price_high: 20.38300
price_median: 9.35000
price_average: 10.81963
price_current: 8.02100
price_unit: Cent/kWh
price_threshold_00: 7.88700
price_threshold_01: 7.99000
price_threshold_02: 8.02100
price_threshold_03: 8.40500
price_threshold_04: 8.43800
price_threshold_05: 8.45000
price_threshold_06: 8.48600
price_threshold_07: 8.62000
price_threshold_08: 8.79700
price_threshold_09: 8.87000
price_threshold_10: 8.97400
price_threshold_11: 9.01000
price_threshold_12: 9.69000
price_threshold_13: 9.73900
price_threshold_14: 10.07000
price_threshold_15: 10.08200
price_threshold_16: 11.25800
price_threshold_17: 11.39700
price_threshold_18: 12.90000
price_threshold_19: 12.96000
price_threshold_20: 14.01100
price_threshold_21: 15.23300
price_threshold_22: 20.00000
price_threshold_23: 20.38300
data_price_hour_rel_-14_amount: 9.73900
data_price_hour_abs_00_amount: 9.73900
data_price_hour_rel_-13_amount: 9.01000
data_price_hour_abs_01_amount: 9.01000
data_price_hour_rel_-12_amount: 8.87000
data_price_hour_abs_02_amount: 8.87000
data_price_hour_rel_-11_amount: 8.48600
data_price_hour_abs_03_amount: 8.48600
data_price_hour_rel_-10_amount: 8.45000
data_price_hour_abs_04_amount: 8.45000
data_price_hour_rel_-09_amount: 8.79700
data_price_hour_abs_05_amount: 8.79700
data_price_hour_rel_-08_amount: 12.90000
data_price_hour_abs_06_amount: 12.90000
data_price_hour_rel_-07_amount: 15.23300
data_price_hour_abs_07_amount: 15.23300
data_price_hour_rel_-06_amount: 12.96000
data_price_hour_abs_08_amount: 12.96000
data_price_hour_rel_-05_amount: 11.25800
data_price_hour_abs_09_amount: 11.25800
data_price_hour_rel_-04_amount: 9.69000
data_price_hour_abs_10_amount: 9.69000
data_price_hour_rel_-03_amount: 8.97400
data_price_hour_abs_11_amount: 8.97400
data_price_hour_rel_-02_amount: 8.43800
data_price_hour_abs_12_amount: 8.43800
data_price_hour_rel_-01_amount: 7.88700
data_price_hour_abs_13_amount: 7.88700
data_price_hour_rel_+00_amount: 8.02100
data_price_hour_abs_14_amount: 8.02100
data_price_hour_rel_+01_amount: 7.99000
data_price_hour_abs_15_amount: 7.99000
data_price_hour_rel_+02_amount: 8.40500
data_price_hour_abs_16_amount: 8.40500
data_price_hour_rel_+03_amount: 10.07000
data_price_hour_abs_17_amount: 10.07000
data_price_hour_rel_+04_amount: 11.39700
data_price_hour_abs_18_amount: 11.39700
data_price_hour_rel_+05_amount: 20.00000
data_price_hour_abs_19_amount: 20.00000
data_price_hour_rel_+06_amount: 20.38300
data_price_hour_abs_20_amount: 20.38300
data_price_hour_rel_+07_amount: 14.01100
data_price_hour_abs_21_amount: 14.01100
data_price_hour_rel_+08_amount: 10.08200
data_price_hour_abs_22_amount: 10.08200
data_price_hour_rel_+09_amount: 8.62000
data_price_hour_abs_23_amount: 8.62000