date_now: 2024-01-22 13:23:16
date_now_epoch: 1705926196244
date_now_day: 22
date_now_month: 1
date_now_year: 2024
date_start: 2024-01-22 00:00:00
date_end: 2024-01-22 23:59:59
price_low: 0.50400
price_high: 7.73500
price_median: 5.72900
price_average: 4.98371
price_current: 5.67200
price_unit: Cent/kWh
price_threshold_00: 0.50400
price_threshold_01: 0.50600
price_threshold_02: 1.86200
price_threshold_03: 2.00000
price_threshold_04: 2.22400
price_threshold_05: 3.66600
price_threshold_06: 4.05000
price_threshold_07: 4.98800
price_threshold_08: 5.58900
price_threshold_09: 5.67200
price_threshold_10: 5.69200
price_threshold_11: 5.70000
price_threshold_12: 5.75800
price_threshold_13: 5.82300
price_threshold_14: 5.97300
price_threshold_15: 5.99900
price_threshold_16: 6.04700
price_threshold_17: 6.06000
price_threshold_18: 6.15500
price_threshold_19: 6.64800
price_threshold_20: 6.66500
price_threshold_21: 7.09400
price_threshold_22: 7.19900
price_threshold_23: 7.73500
data_price_hour_rel_-13_amount: 3.66600
data_price_hour_abs_00_amount: 3.66600
data_price_hour_rel_-12_amount: 2.22400
data_price_hour_abs_01_amount: 2.22400
data_price_hour_rel_-11_amount: 1.86200
data_price_hour_abs_02_amount: 1.86200
data_price_hour_rel_-10_amount: 0.50400
data_price_hour_abs_03_amount: 0.50400
data_price_hour_rel_-09_amount: 0.50600
data_price_hour_abs_04_amount: 0.50600
data_price_hour_rel_-08_amount: 2.00000
data_price_hour_abs_05_amount: 2.00000
data_price_hour_rel_-07_amount: 4.05000
data_price_hour_abs_06_amount: 4.05000
data_price_hour_rel_-06_amount: 6.04700
data_price_hour_abs_07_amount: 6.04700
data_price_hour_rel_-05_amount: 6.64800
data_price_hour_abs_08_amount: 6.64800
data_price_hour_rel_-04_amount: 5.75800
data_price_hour_abs_09_amount: 5.75800
data_price_hour_rel_-03_amount: 6.15500
data_price_hour_abs_10_amount: 6.15500
data_price_hour_rel_-02_amount: 6.06000
data_price_hour_abs_11_amount: 6.06000
data_price_hour_rel_-01_amount: 5.69200
data_price_hour_abs_12_amount: 5.69200
data_price_hour_rel_+00_amount: 5.67200
data_price_hour_abs_13_amount: 5.67200
data_price_hour_rel_+01_amount: 5.82300
data_price_hour_abs_14_amount: 5.82300
data_price_hour_rel_+02_amount: 5.97300
data_price_hour_abs_15_amount: 5.97300
data_price_hour_rel_+03_amount: 5.99900
data_price_hour_abs_16_amount: 5.99900
data_price_hour_rel_+04_amount: 7.09400
data_price_hour_abs_17_amount: 7.09400
data_price_hour_rel_+05_amount: 7.73500
data_price_hour_abs_18_amount: 7.73500
data_price_hour_rel_+06_amount: 7.19900
data_price_hour_abs_19_amount: 7.19900
data_price_hour_rel_+07_amount: 6.66500
data_price_hour_abs_20_amount: 6.66500
data_price_hour_rel_+08_amount: 5.70000
data_price_hour_abs_21_amount: 5.70000
data_price_hour_rel_+09_amount: 5.58900
data_price_hour_abs_22_amount: 5.58900
data_price_hour_rel_+10_amount: 4.98800
data_price_hour_abs_23_amount: 4.98800