date_now: 2024-09-28 14:25:32
date_now_epoch: 1727526332290
date_now_day: 28
date_now_month: 9
date_now_year: 2024
date_start: 2024-09-28 00:00:00
date_end: 2024-09-28 23:59:59
price_low: 0.00000
price_high: 10.00800
price_median: 0.97850
price_average: 2.90708
price_current: 0.00000
price_unit: Cent/kWh
price_threshold_00: 0.00000
price_threshold_01: 0.00000
price_threshold_02: 0.00600
price_threshold_03: 0.06500
price_threshold_04: 0.17700
price_threshold_05: 0.30300
price_threshold_06: 0.31600
price_threshold_07: 0.32700
price_threshold_08: 0.32900
price_threshold_09: 0.37800
price_threshold_10: 0.41500
price_threshold_11: 0.97500
price_threshold_12: 0.98200
price_threshold_13: 1.19600
price_threshold_14: 1.89100
price_threshold_15: 2.22800
price_threshold_16: 2.62100
price_threshold_17: 6.32300
price_threshold_18: 7.47300
price_threshold_19: 8.02800
price_threshold_20: 8.02800
price_threshold_21: 8.07000
price_threshold_22: 9.63100
price_threshold_23: 10.00800
data_price_hour_rel_-14_amount: 0.17700
data_price_hour_abs_00_amount: 0.17700
data_price_hour_rel_-13_amount: 0.30300
data_price_hour_abs_01_amount: 0.30300
data_price_hour_rel_-12_amount: 0.32900
data_price_hour_abs_02_amount: 0.32900
data_price_hour_rel_-11_amount: 0.31600
data_price_hour_abs_03_amount: 0.31600
data_price_hour_rel_-10_amount: 0.32700
data_price_hour_abs_04_amount: 0.32700
data_price_hour_rel_-09_amount: 0.41500
data_price_hour_abs_05_amount: 0.41500
data_price_hour_rel_-08_amount: 1.19600
data_price_hour_abs_06_amount: 1.19600
data_price_hour_rel_-07_amount: 2.22800
data_price_hour_abs_07_amount: 2.22800
data_price_hour_rel_-06_amount: 2.62100
data_price_hour_abs_08_amount: 2.62100
data_price_hour_rel_-05_amount: 1.89100
data_price_hour_abs_09_amount: 1.89100
data_price_hour_rel_-04_amount: 0.97500
data_price_hour_abs_10_amount: 0.97500
data_price_hour_rel_-03_amount: 0.37800
data_price_hour_abs_11_amount: 0.37800
data_price_hour_rel_-02_amount: 0.06500
data_price_hour_abs_12_amount: 0.06500
data_price_hour_rel_-01_amount: 0.00000
data_price_hour_abs_13_amount: 0.00000
data_price_hour_rel_+00_amount: 0.00000
data_price_hour_abs_14_amount: 0.00000
data_price_hour_rel_+01_amount: 0.00600
data_price_hour_abs_15_amount: 0.00600
data_price_hour_rel_+02_amount: 0.98200
data_price_hour_abs_16_amount: 0.98200
data_price_hour_rel_+03_amount: 6.32300
data_price_hour_abs_17_amount: 6.32300
data_price_hour_rel_+04_amount: 8.02800
data_price_hour_abs_18_amount: 8.02800
data_price_hour_rel_+05_amount: 10.00800
data_price_hour_abs_19_amount: 10.00800
data_price_hour_rel_+06_amount: 9.63100
data_price_hour_abs_20_amount: 9.63100
data_price_hour_rel_+07_amount: 8.07000
data_price_hour_abs_21_amount: 8.07000
data_price_hour_rel_+08_amount: 8.02800
data_price_hour_abs_22_amount: 8.02800
data_price_hour_rel_+09_amount: 7.47300
data_price_hour_abs_23_amount: 7.47300