date_now: 2024-11-24 13:27:52
date_now_epoch: 1732451272822
date_now_day: 24
date_now_month: 11
date_now_year: 2024
date_start: 2024-11-24 00:00:00
date_end: 2024-11-24 23:59:59
price_low: -0.00500
price_high: 1.61800
price_median: 0.17200
price_average: 0.39675
price_current: 0.10100
price_unit: Cent/kWh
price_threshold_00: -0.00500
price_threshold_01: -0.00300
price_threshold_02: -0.00300
price_threshold_03: -0.00200
price_threshold_04: -0.00100
price_threshold_05: 0.00000
price_threshold_06: 0.00000
price_threshold_07: 0.00100
price_threshold_08: 0.10100
price_threshold_09: 0.10100
price_threshold_10: 0.10100
price_threshold_11: 0.13700
price_threshold_12: 0.20700
price_threshold_13: 0.25300
price_threshold_14: 0.31100
price_threshold_15: 0.32700
price_threshold_16: 0.37500
price_threshold_17: 0.45000
price_threshold_18: 0.66100
price_threshold_19: 0.74000
price_threshold_20: 1.20200
price_threshold_21: 1.39900
price_threshold_22: 1.55200
price_threshold_23: 1.61800
data_price_hour_rel_-13_amount: 0.10100
data_price_hour_abs_00_amount: 0.10100
data_price_hour_rel_-12_amount: 0.00000
data_price_hour_abs_01_amount: 0.00000
data_price_hour_rel_-11_amount: 0.00000
data_price_hour_abs_02_amount: 0.00000
data_price_hour_rel_-10_amount: -0.00100
data_price_hour_abs_03_amount: -0.00100
data_price_hour_rel_-09_amount: -0.00200
data_price_hour_abs_04_amount: -0.00200
data_price_hour_rel_-08_amount: -0.00300
data_price_hour_abs_05_amount: -0.00300
data_price_hour_rel_-07_amount: -0.00500
data_price_hour_abs_06_amount: -0.00500
data_price_hour_rel_-06_amount: -0.00300
data_price_hour_abs_07_amount: -0.00300
data_price_hour_rel_-05_amount: 0.13700
data_price_hour_abs_08_amount: 0.13700
data_price_hour_rel_-04_amount: 0.37500
data_price_hour_abs_09_amount: 0.37500
data_price_hour_rel_-03_amount: 0.20700
data_price_hour_abs_10_amount: 0.20700
data_price_hour_rel_-02_amount: 0.25300
data_price_hour_abs_11_amount: 0.25300
data_price_hour_rel_-01_amount: 0.10100
data_price_hour_abs_12_amount: 0.10100
data_price_hour_rel_+00_amount: 0.10100
data_price_hour_abs_13_amount: 0.10100
data_price_hour_rel_+01_amount: 0.31100
data_price_hour_abs_14_amount: 0.31100
data_price_hour_rel_+02_amount: 0.66100
data_price_hour_abs_15_amount: 0.66100
data_price_hour_rel_+03_amount: 1.39900
data_price_hour_abs_16_amount: 1.39900
data_price_hour_rel_+04_amount: 1.55200
data_price_hour_abs_17_amount: 1.55200
data_price_hour_rel_+05_amount: 1.61800
data_price_hour_abs_18_amount: 1.61800
data_price_hour_rel_+06_amount: 1.20200
data_price_hour_abs_19_amount: 1.20200
data_price_hour_rel_+07_amount: 0.74000
data_price_hour_abs_20_amount: 0.74000
data_price_hour_rel_+08_amount: 0.45000
data_price_hour_abs_21_amount: 0.45000
data_price_hour_rel_+09_amount: 0.32700
data_price_hour_abs_22_amount: 0.32700
data_price_hour_rel_+10_amount: 0.00100
data_price_hour_abs_23_amount: 0.00100