date_now: 2024-03-17 13:19:20
date_now_epoch: 1710677960449
date_now_day: 17
date_now_month: 3
date_now_year: 2024
date_start: 2024-03-17 00:00:00
date_end: 2024-03-17 23:59:59
price_low: 4.01500
price_high: 9.43100
price_median: 6.04700
price_average: 6.18146
price_current: 4.01500
price_unit: Cent/kWh
price_threshold_00: 4.01500
price_threshold_01: 4.18100
price_threshold_02: 4.54000
price_threshold_03: 4.59100
price_threshold_04: 4.71500
price_threshold_05: 4.80600
price_threshold_06: 5.05800
price_threshold_07: 5.59700
price_threshold_08: 5.61200
price_threshold_09: 5.66000
price_threshold_10: 5.87500
price_threshold_11: 6.04500
price_threshold_12: 6.04900
price_threshold_13: 6.04900
price_threshold_14: 6.26000
price_threshold_15: 6.49900
price_threshold_16: 6.59100
price_threshold_17: 7.17600
price_threshold_18: 7.21000
price_threshold_19: 7.23300
price_threshold_20: 7.78900
price_threshold_21: 8.54400
price_threshold_22: 8.82900
price_threshold_23: 9.43100
data_price_hour_rel_-13_amount: 6.49900
data_price_hour_abs_00_amount: 6.49900
data_price_hour_rel_-12_amount: 6.04900
data_price_hour_abs_01_amount: 6.04900
data_price_hour_rel_-11_amount: 5.59700
data_price_hour_abs_02_amount: 5.59700
data_price_hour_rel_-10_amount: 5.87500
data_price_hour_abs_03_amount: 5.87500
data_price_hour_rel_-09_amount: 6.04500
data_price_hour_abs_04_amount: 6.04500
data_price_hour_rel_-08_amount: 6.04900
data_price_hour_abs_05_amount: 6.04900
data_price_hour_rel_-07_amount: 6.26000
data_price_hour_abs_06_amount: 6.26000
data_price_hour_rel_-06_amount: 5.66000
data_price_hour_abs_07_amount: 5.66000
data_price_hour_rel_-05_amount: 5.05800
data_price_hour_abs_08_amount: 5.05800
data_price_hour_rel_-04_amount: 4.71500
data_price_hour_abs_09_amount: 4.71500
data_price_hour_rel_-03_amount: 4.54000
data_price_hour_abs_10_amount: 4.54000
data_price_hour_rel_-02_amount: 4.59100
data_price_hour_abs_11_amount: 4.59100
data_price_hour_rel_-01_amount: 4.18100
data_price_hour_abs_12_amount: 4.18100
data_price_hour_rel_+00_amount: 4.01500
data_price_hour_abs_13_amount: 4.01500
data_price_hour_rel_+01_amount: 4.80600
data_price_hour_abs_14_amount: 4.80600
data_price_hour_rel_+02_amount: 5.61200
data_price_hour_abs_15_amount: 5.61200
data_price_hour_rel_+03_amount: 7.17600
data_price_hour_abs_16_amount: 7.17600
data_price_hour_rel_+04_amount: 8.54400
data_price_hour_abs_17_amount: 8.54400
data_price_hour_rel_+05_amount: 9.43100
data_price_hour_abs_18_amount: 9.43100
data_price_hour_rel_+06_amount: 8.82900
data_price_hour_abs_19_amount: 8.82900
data_price_hour_rel_+07_amount: 7.78900
data_price_hour_abs_20_amount: 7.78900
data_price_hour_rel_+08_amount: 7.23300
data_price_hour_abs_21_amount: 7.23300
data_price_hour_rel_+09_amount: 7.21000
data_price_hour_abs_22_amount: 7.21000
data_price_hour_rel_+10_amount: 6.59100
data_price_hour_abs_23_amount: 6.59100