date_now: 2024-05-23 14:22:24
date_now_epoch: 1716466944748
date_now_day: 23
date_now_month: 5
date_now_year: 2024
date_start: 2024-05-23 00:00:00
date_end: 2024-05-23 23:59:59
price_low: 4.53100
price_high: 18.00600
price_median: 8.15200
price_average: 9.38679
price_current: 5.69800
price_unit: Cent/kWh
price_threshold_00: 4.53100
price_threshold_01: 5.25000
price_threshold_02: 5.69800
price_threshold_03: 6.41000
price_threshold_04: 7.14000
price_threshold_05: 7.48900
price_threshold_06: 7.49300
price_threshold_07: 7.56500
price_threshold_08: 7.66800
price_threshold_09: 7.84500
price_threshold_10: 7.86500
price_threshold_11: 7.92700
price_threshold_12: 8.37700
price_threshold_13: 8.48000
price_threshold_14: 9.66400
price_threshold_15: 9.78400
price_threshold_16: 10.50300
price_threshold_17: 10.79800
price_threshold_18: 11.14900
price_threshold_19: 11.80000
price_threshold_20: 12.61500
price_threshold_21: 15.59800
price_threshold_22: 15.62800
price_threshold_23: 18.00600
data_price_hour_rel_-14_amount: 7.92700
data_price_hour_abs_00_amount: 7.92700
data_price_hour_rel_-13_amount: 7.84500
data_price_hour_abs_01_amount: 7.84500
data_price_hour_rel_-12_amount: 7.49300
data_price_hour_abs_02_amount: 7.49300
data_price_hour_rel_-11_amount: 7.66800
data_price_hour_abs_03_amount: 7.66800
data_price_hour_rel_-10_amount: 7.86500
data_price_hour_abs_04_amount: 7.86500
data_price_hour_rel_-09_amount: 8.48000
data_price_hour_abs_05_amount: 8.48000
data_price_hour_rel_-08_amount: 10.79800
data_price_hour_abs_06_amount: 10.79800
data_price_hour_rel_-07_amount: 11.80000
data_price_hour_abs_07_amount: 11.80000
data_price_hour_rel_-06_amount: 9.78400
data_price_hour_abs_08_amount: 9.78400
data_price_hour_rel_-05_amount: 7.56500
data_price_hour_abs_09_amount: 7.56500
data_price_hour_rel_-04_amount: 7.48900
data_price_hour_abs_10_amount: 7.48900
data_price_hour_rel_-03_amount: 6.41000
data_price_hour_abs_11_amount: 6.41000
data_price_hour_rel_-02_amount: 5.25000
data_price_hour_abs_12_amount: 5.25000
data_price_hour_rel_-01_amount: 4.53100
data_price_hour_abs_13_amount: 4.53100
data_price_hour_rel_+00_amount: 5.69800
data_price_hour_abs_14_amount: 5.69800
data_price_hour_rel_+01_amount: 7.14000
data_price_hour_abs_15_amount: 7.14000
data_price_hour_rel_+02_amount: 8.37700
data_price_hour_abs_16_amount: 8.37700
data_price_hour_rel_+03_amount: 9.66400
data_price_hour_abs_17_amount: 9.66400
data_price_hour_rel_+04_amount: 11.14900
data_price_hour_abs_18_amount: 11.14900
data_price_hour_rel_+05_amount: 15.62800
data_price_hour_abs_19_amount: 15.62800
data_price_hour_rel_+06_amount: 18.00600
data_price_hour_abs_20_amount: 18.00600
data_price_hour_rel_+07_amount: 15.59800
data_price_hour_abs_21_amount: 15.59800
data_price_hour_rel_+08_amount: 12.61500
data_price_hour_abs_22_amount: 12.61500
data_price_hour_rel_+09_amount: 10.50300
data_price_hour_abs_23_amount: 10.50300