date_now: 2024-05-09 14:21:34
date_now_epoch: 1715257294284
date_now_day: 9
date_now_month: 5
date_now_year: 2024
date_start: 2024-05-09 00:00:00
date_end: 2024-05-09 23:59:59
price_low: -0.20300
price_high: 13.27900
price_median: 8.29600
price_average: 6.18621
price_current: -0.20300
price_unit: Cent/kWh
price_threshold_00: -0.20300
price_threshold_01: -0.13500
price_threshold_02: -0.09300
price_threshold_03: -0.08800
price_threshold_04: -0.05200
price_threshold_05: 0.06800
price_threshold_06: 0.50700
price_threshold_07: 2.33400
price_threshold_08: 6.44800
price_threshold_09: 6.55300
price_threshold_10: 8.06500
price_threshold_11: 8.29500
price_threshold_12: 8.29700
price_threshold_13: 8.76000
price_threshold_14: 8.77500
price_threshold_15: 8.80600
price_threshold_16: 8.81300
price_threshold_17: 8.88300
price_threshold_18: 8.97200
price_threshold_19: 9.03900
price_threshold_20: 9.99400
price_threshold_21: 10.78500
price_threshold_22: 12.36700
price_threshold_23: 13.27900
data_price_hour_rel_-14_amount: 8.76000
data_price_hour_abs_00_amount: 8.76000
data_price_hour_rel_-13_amount: 8.80600
data_price_hour_abs_01_amount: 8.80600
data_price_hour_rel_-12_amount: 8.29700
data_price_hour_abs_02_amount: 8.29700
data_price_hour_rel_-11_amount: 8.29500
data_price_hour_abs_03_amount: 8.29500
data_price_hour_rel_-10_amount: 8.88300
data_price_hour_abs_04_amount: 8.88300
data_price_hour_rel_-09_amount: 9.03900
data_price_hour_abs_05_amount: 9.03900
data_price_hour_rel_-08_amount: 8.81300
data_price_hour_abs_06_amount: 8.81300
data_price_hour_rel_-07_amount: 8.06500
data_price_hour_abs_07_amount: 8.06500
data_price_hour_rel_-06_amount: 6.55300
data_price_hour_abs_08_amount: 6.55300
data_price_hour_rel_-05_amount: 2.33400
data_price_hour_abs_09_amount: 2.33400
data_price_hour_rel_-04_amount: 0.50700
data_price_hour_abs_10_amount: 0.50700
data_price_hour_rel_-03_amount: -0.05200
data_price_hour_abs_11_amount: -0.05200
data_price_hour_rel_-02_amount: -0.08800
data_price_hour_abs_12_amount: -0.08800
data_price_hour_rel_-01_amount: -0.13500
data_price_hour_abs_13_amount: -0.13500
data_price_hour_rel_+00_amount: -0.20300
data_price_hour_abs_14_amount: -0.20300
data_price_hour_rel_+01_amount: -0.09300
data_price_hour_abs_15_amount: -0.09300
data_price_hour_rel_+02_amount: 0.06800
data_price_hour_abs_16_amount: 0.06800
data_price_hour_rel_+03_amount: 6.44800
data_price_hour_abs_17_amount: 6.44800
data_price_hour_rel_+04_amount: 8.97200
data_price_hour_abs_18_amount: 8.97200
data_price_hour_rel_+05_amount: 10.78500
data_price_hour_abs_19_amount: 10.78500
data_price_hour_rel_+06_amount: 13.27900
data_price_hour_abs_20_amount: 13.27900
data_price_hour_rel_+07_amount: 12.36700
data_price_hour_abs_21_amount: 12.36700
data_price_hour_rel_+08_amount: 9.99400
data_price_hour_abs_22_amount: 9.99400
data_price_hour_rel_+09_amount: 8.77500
data_price_hour_abs_23_amount: 8.77500