date_now: 2024-04-12 14:20:42
date_now_epoch: 1712924442388
date_now_day: 12
date_now_month: 4
date_now_year: 2024
date_start: 2024-04-12 00:00:00
date_end: 2024-04-12 23:59:59
price_low: -0.00700
price_high: 12.59500
price_median: 7.02500
price_average: 6.09508
price_current: 0.00100
price_unit: Cent/kWh
price_threshold_00: -0.00700
price_threshold_01: 0.00000
price_threshold_02: 0.00100
price_threshold_03: 0.01800
price_threshold_04: 0.02200
price_threshold_05: 1.88600
price_threshold_06: 4.28600
price_threshold_07: 5.73700
price_threshold_08: 6.81000
price_threshold_09: 6.88900
price_threshold_10: 6.92600
price_threshold_11: 6.95200
price_threshold_12: 7.09800
price_threshold_13: 7.17400
price_threshold_14: 7.57100
price_threshold_15: 7.75300
price_threshold_16: 7.79900
price_threshold_17: 8.19300
price_threshold_18: 8.66000
price_threshold_19: 8.68300
price_threshold_20: 9.12300
price_threshold_21: 9.70000
price_threshold_22: 12.41300
price_threshold_23: 12.59500
data_price_hour_rel_-14_amount: 7.57100
data_price_hour_abs_00_amount: 7.57100
data_price_hour_rel_-13_amount: 7.17400
data_price_hour_abs_01_amount: 7.17400
data_price_hour_rel_-12_amount: 6.88900
data_price_hour_abs_02_amount: 6.88900
data_price_hour_rel_-11_amount: 6.92600
data_price_hour_abs_03_amount: 6.92600
data_price_hour_rel_-10_amount: 6.95200
data_price_hour_abs_04_amount: 6.95200
data_price_hour_rel_-09_amount: 7.75300
data_price_hour_abs_05_amount: 7.75300
data_price_hour_rel_-08_amount: 9.12300
data_price_hour_abs_06_amount: 9.12300
data_price_hour_rel_-07_amount: 9.70000
data_price_hour_abs_07_amount: 9.70000
data_price_hour_rel_-06_amount: 8.68300
data_price_hour_abs_08_amount: 8.68300
data_price_hour_rel_-05_amount: 7.09800
data_price_hour_abs_09_amount: 7.09800
data_price_hour_rel_-04_amount: 4.28600
data_price_hour_abs_10_amount: 4.28600
data_price_hour_rel_-03_amount: 1.88600
data_price_hour_abs_11_amount: 1.88600
data_price_hour_rel_-02_amount: 0.00000
data_price_hour_abs_12_amount: 0.00000
data_price_hour_rel_-01_amount: -0.00700
data_price_hour_abs_13_amount: -0.00700
data_price_hour_rel_+00_amount: 0.00100
data_price_hour_abs_14_amount: 0.00100
data_price_hour_rel_+01_amount: 0.01800
data_price_hour_abs_15_amount: 0.01800
data_price_hour_rel_+02_amount: 0.02200
data_price_hour_abs_16_amount: 0.02200
data_price_hour_rel_+03_amount: 5.73700
data_price_hour_abs_17_amount: 5.73700
data_price_hour_rel_+04_amount: 8.19300
data_price_hour_abs_18_amount: 8.19300
data_price_hour_rel_+05_amount: 12.59500
data_price_hour_abs_19_amount: 12.59500
data_price_hour_rel_+06_amount: 12.41300
data_price_hour_abs_20_amount: 12.41300
data_price_hour_rel_+07_amount: 8.66000
data_price_hour_abs_21_amount: 8.66000
data_price_hour_rel_+08_amount: 7.79900
data_price_hour_abs_22_amount: 7.79900
data_price_hour_rel_+09_amount: 6.81000
data_price_hour_abs_23_amount: 6.81000