date_now: 2024-05-06 14:22:02
date_now_epoch: 1714998122055
date_now_day: 6
date_now_month: 5
date_now_year: 2024
date_start: 2024-05-06 00:00:00
date_end: 2024-05-06 23:59:59
price_low: 7.47100
price_high: 14.39900
price_median: 8.36400
price_average: 9.31775
price_current: 7.48900
price_unit: Cent/kWh
price_threshold_00: 7.47100
price_threshold_01: 7.48900
price_threshold_02: 7.62300
price_threshold_03: 7.62600
price_threshold_04: 7.95900
price_threshold_05: 7.99500
price_threshold_06: 8.04100
price_threshold_07: 8.11100
price_threshold_08: 8.11100
price_threshold_09: 8.16200
price_threshold_10: 8.16900
price_threshold_11: 8.28600
price_threshold_12: 8.44200
price_threshold_13: 8.87800
price_threshold_14: 8.90000
price_threshold_15: 9.33600
price_threshold_16: 9.45800
price_threshold_17: 10.13500
price_threshold_18: 10.70900
price_threshold_19: 10.79800
price_threshold_20: 10.83700
price_threshold_21: 13.02600
price_threshold_22: 13.66500
price_threshold_23: 14.39900
data_price_hour_rel_-14_amount: 8.28600
data_price_hour_abs_00_amount: 8.28600
data_price_hour_rel_-13_amount: 7.95900
data_price_hour_abs_01_amount: 7.95900
data_price_hour_rel_-12_amount: 8.04100
data_price_hour_abs_02_amount: 8.04100
data_price_hour_rel_-11_amount: 7.99500
data_price_hour_abs_03_amount: 7.99500
data_price_hour_rel_-10_amount: 8.16900
data_price_hour_abs_04_amount: 8.16900
data_price_hour_rel_-09_amount: 8.87800
data_price_hour_abs_05_amount: 8.87800
data_price_hour_rel_-08_amount: 10.70900
data_price_hour_abs_06_amount: 10.70900
data_price_hour_rel_-07_amount: 13.02600
data_price_hour_abs_07_amount: 13.02600
data_price_hour_rel_-06_amount: 10.13500
data_price_hour_abs_08_amount: 10.13500
data_price_hour_rel_-05_amount: 8.90000
data_price_hour_abs_09_amount: 8.90000
data_price_hour_rel_-04_amount: 8.11100
data_price_hour_abs_10_amount: 8.11100
data_price_hour_rel_-03_amount: 7.62300
data_price_hour_abs_11_amount: 7.62300
data_price_hour_rel_-02_amount: 7.62600
data_price_hour_abs_12_amount: 7.62600
data_price_hour_rel_-01_amount: 7.47100
data_price_hour_abs_13_amount: 7.47100
data_price_hour_rel_+00_amount: 7.48900
data_price_hour_abs_14_amount: 7.48900
data_price_hour_rel_+01_amount: 8.11100
data_price_hour_abs_15_amount: 8.11100
data_price_hour_rel_+02_amount: 8.16200
data_price_hour_abs_16_amount: 8.16200
data_price_hour_rel_+03_amount: 9.33600
data_price_hour_abs_17_amount: 9.33600
data_price_hour_rel_+04_amount: 10.83700
data_price_hour_abs_18_amount: 10.83700
data_price_hour_rel_+05_amount: 13.66500
data_price_hour_abs_19_amount: 13.66500
data_price_hour_rel_+06_amount: 14.39900
data_price_hour_abs_20_amount: 14.39900
data_price_hour_rel_+07_amount: 10.79800
data_price_hour_abs_21_amount: 10.79800
data_price_hour_rel_+08_amount: 9.45800
data_price_hour_abs_22_amount: 9.45800
data_price_hour_rel_+09_amount: 8.44200
data_price_hour_abs_23_amount: 8.44200