date_now: 2024-08-26 14:25:58
date_now_epoch: 1724675158566
date_now_day: 26
date_now_month: 8
date_now_year: 2024
date_start: 2024-08-26 00:00:00
date_end: 2024-08-26 23:59:59
price_low: 1.75500
price_high: 23.10600
price_median: 9.03750
price_average: 9.95854
price_current: 4.28800
price_unit: Cent/kWh
price_threshold_00: 1.75500
price_threshold_01: 2.30700
price_threshold_02: 4.28800
price_threshold_03: 6.53100
price_threshold_04: 7.10500
price_threshold_05: 7.70000
price_threshold_06: 8.09400
price_threshold_07: 8.24300
price_threshold_08: 8.33600
price_threshold_09: 8.34800
price_threshold_10: 8.56500
price_threshold_11: 8.80000
price_threshold_12: 9.27500
price_threshold_13: 9.89300
price_threshold_14: 9.94700
price_threshold_15: 10.75400
price_threshold_16: 11.08600
price_threshold_17: 11.31100
price_threshold_18: 11.68200
price_threshold_19: 13.09700
price_threshold_20: 14.38200
price_threshold_21: 15.36900
price_threshold_22: 19.03100
price_threshold_23: 23.10600
data_price_hour_rel_-14_amount: 9.27500
data_price_hour_abs_00_amount: 9.27500
data_price_hour_rel_-13_amount: 8.56500
data_price_hour_abs_01_amount: 8.56500
data_price_hour_rel_-12_amount: 8.09400
data_price_hour_abs_02_amount: 8.09400
data_price_hour_rel_-11_amount: 8.33600
data_price_hour_abs_03_amount: 8.33600
data_price_hour_rel_-10_amount: 8.24300
data_price_hour_abs_04_amount: 8.24300
data_price_hour_rel_-09_amount: 8.34800
data_price_hour_abs_05_amount: 8.34800
data_price_hour_rel_-08_amount: 11.31100
data_price_hour_abs_06_amount: 11.31100
data_price_hour_rel_-07_amount: 15.36900
data_price_hour_abs_07_amount: 15.36900
data_price_hour_rel_-06_amount: 13.09700
data_price_hour_abs_08_amount: 13.09700
data_price_hour_rel_-05_amount: 9.89300
data_price_hour_abs_09_amount: 9.89300
data_price_hour_rel_-04_amount: 7.70000
data_price_hour_abs_10_amount: 7.70000
data_price_hour_rel_-03_amount: 6.53100
data_price_hour_abs_11_amount: 6.53100
data_price_hour_rel_-02_amount: 2.30700
data_price_hour_abs_12_amount: 2.30700
data_price_hour_rel_-01_amount: 1.75500
data_price_hour_abs_13_amount: 1.75500
data_price_hour_rel_+00_amount: 4.28800
data_price_hour_abs_14_amount: 4.28800
data_price_hour_rel_+01_amount: 7.10500
data_price_hour_abs_15_amount: 7.10500
data_price_hour_rel_+02_amount: 8.80000
data_price_hour_abs_16_amount: 8.80000
data_price_hour_rel_+03_amount: 9.94700
data_price_hour_abs_17_amount: 9.94700
data_price_hour_rel_+04_amount: 11.68200
data_price_hour_abs_18_amount: 11.68200
data_price_hour_rel_+05_amount: 19.03100
data_price_hour_abs_19_amount: 19.03100
data_price_hour_rel_+06_amount: 23.10600
data_price_hour_abs_20_amount: 23.10600
data_price_hour_rel_+07_amount: 14.38200
data_price_hour_abs_21_amount: 14.38200
data_price_hour_rel_+08_amount: 11.08600
data_price_hour_abs_22_amount: 11.08600
data_price_hour_rel_+09_amount: 10.75400
data_price_hour_abs_23_amount: 10.75400