date_now: 2024-03-30 13:18:20
date_now_epoch: 1711801100410
date_now_day: 30
date_now_month: 3
date_now_year: 2024
date_start: 2024-03-30 00:00:00
date_end: 2024-03-30 23:59:59
price_low: 0.68500
price_high: 8.81100
price_median: 5.87250
price_average: 5.32492
price_current: 0.68500
price_unit: Cent/kWh
price_threshold_00: 0.68500
price_threshold_01: 1.47600
price_threshold_02: 1.58700
price_threshold_03: 2.32100
price_threshold_04: 3.42000
price_threshold_05: 3.44900
price_threshold_06: 4.33800
price_threshold_07: 4.52300
price_threshold_08: 4.77900
price_threshold_09: 5.25200
price_threshold_10: 5.81600
price_threshold_11: 5.85700
price_threshold_12: 5.88800
price_threshold_13: 5.89500
price_threshold_14: 5.92300
price_threshold_15: 6.50500
price_threshold_16: 6.57400
price_threshold_17: 6.93000
price_threshold_18: 7.08300
price_threshold_19: 7.14700
price_threshold_20: 7.41100
price_threshold_21: 7.77500
price_threshold_22: 8.35300
price_threshold_23: 8.81100
data_price_hour_rel_-13_amount: 6.93000
data_price_hour_abs_00_amount: 6.93000
data_price_hour_rel_-12_amount: 5.81600
data_price_hour_abs_01_amount: 5.81600
data_price_hour_rel_-11_amount: 5.88800
data_price_hour_abs_02_amount: 5.88800
data_price_hour_rel_-10_amount: 5.89500
data_price_hour_abs_03_amount: 5.89500
data_price_hour_rel_-09_amount: 5.92300
data_price_hour_abs_04_amount: 5.92300
data_price_hour_rel_-08_amount: 6.50500
data_price_hour_abs_05_amount: 6.50500
data_price_hour_rel_-07_amount: 5.85700
data_price_hour_abs_06_amount: 5.85700
data_price_hour_rel_-06_amount: 4.77900
data_price_hour_abs_07_amount: 4.77900
data_price_hour_rel_-05_amount: 4.52300
data_price_hour_abs_08_amount: 4.52300
data_price_hour_rel_-04_amount: 4.33800
data_price_hour_abs_09_amount: 4.33800
data_price_hour_rel_-03_amount: 3.44900
data_price_hour_abs_10_amount: 3.44900
data_price_hour_rel_-02_amount: 2.32100
data_price_hour_abs_11_amount: 2.32100
data_price_hour_rel_-01_amount: 1.47600
data_price_hour_abs_12_amount: 1.47600
data_price_hour_rel_+00_amount: 0.68500
data_price_hour_abs_13_amount: 0.68500
data_price_hour_rel_+01_amount: 1.58700
data_price_hour_abs_14_amount: 1.58700
data_price_hour_rel_+02_amount: 3.42000
data_price_hour_abs_15_amount: 3.42000
data_price_hour_rel_+03_amount: 5.25200
data_price_hour_abs_16_amount: 5.25200
data_price_hour_rel_+04_amount: 7.77500
data_price_hour_abs_17_amount: 7.77500
data_price_hour_rel_+05_amount: 8.81100
data_price_hour_abs_18_amount: 8.81100
data_price_hour_rel_+06_amount: 8.35300
data_price_hour_abs_19_amount: 8.35300
data_price_hour_rel_+07_amount: 7.41100
data_price_hour_abs_20_amount: 7.41100
data_price_hour_rel_+08_amount: 7.14700
data_price_hour_abs_21_amount: 7.14700
data_price_hour_rel_+09_amount: 7.08300
data_price_hour_abs_22_amount: 7.08300
data_price_hour_rel_+10_amount: 6.57400
data_price_hour_abs_23_amount: 6.57400