date_now: 2024-08-20 14:26:00
date_now_epoch: 1724156760616
date_now_day: 20
date_now_month: 8
date_now_year: 2024
date_start: 2024-08-20 00:00:00
date_end: 2024-08-20 23:59:59
price_low: 1.82200
price_high: 15.88100
price_median: 9.17850
price_average: 9.21121
price_current: 2.03600
price_unit: Cent/kWh
price_threshold_00: 1.82200
price_threshold_01: 2.03600
price_threshold_02: 3.76900
price_threshold_03: 4.89000
price_threshold_04: 5.01300
price_threshold_05: 7.50100
price_threshold_06: 8.21500
price_threshold_07: 8.61900
price_threshold_08: 8.85000
price_threshold_09: 8.93100
price_threshold_10: 8.95500
price_threshold_11: 8.99700
price_threshold_12: 9.36000
price_threshold_13: 9.79600
price_threshold_14: 10.30900
price_threshold_15: 10.38200
price_threshold_16: 10.45000
price_threshold_17: 11.80700
price_threshold_18: 12.08900
price_threshold_19: 12.29700
price_threshold_20: 12.30600
price_threshold_21: 13.32300
price_threshold_22: 15.47100
price_threshold_23: 15.88100
data_price_hour_rel_-14_amount: 9.36000
data_price_hour_abs_00_amount: 9.36000
data_price_hour_rel_-13_amount: 8.95500
data_price_hour_abs_01_amount: 8.95500
data_price_hour_rel_-12_amount: 8.85000
data_price_hour_abs_02_amount: 8.85000
data_price_hour_rel_-11_amount: 8.93100
data_price_hour_abs_03_amount: 8.93100
data_price_hour_rel_-10_amount: 8.61900
data_price_hour_abs_04_amount: 8.61900
data_price_hour_rel_-09_amount: 8.99700
data_price_hour_abs_05_amount: 8.99700
data_price_hour_rel_-08_amount: 12.30600
data_price_hour_abs_06_amount: 12.30600
data_price_hour_rel_-07_amount: 13.32300
data_price_hour_abs_07_amount: 13.32300
data_price_hour_rel_-06_amount: 12.29700
data_price_hour_abs_08_amount: 12.29700
data_price_hour_rel_-05_amount: 10.30900
data_price_hour_abs_09_amount: 10.30900
data_price_hour_rel_-04_amount: 7.50100
data_price_hour_abs_10_amount: 7.50100
data_price_hour_rel_-03_amount: 5.01300
data_price_hour_abs_11_amount: 5.01300
data_price_hour_rel_-02_amount: 3.76900
data_price_hour_abs_12_amount: 3.76900
data_price_hour_rel_-01_amount: 1.82200
data_price_hour_abs_13_amount: 1.82200
data_price_hour_rel_+00_amount: 2.03600
data_price_hour_abs_14_amount: 2.03600
data_price_hour_rel_+01_amount: 4.89000
data_price_hour_abs_15_amount: 4.89000
data_price_hour_rel_+02_amount: 8.21500
data_price_hour_abs_16_amount: 8.21500
data_price_hour_rel_+03_amount: 10.45000
data_price_hour_abs_17_amount: 10.45000
data_price_hour_rel_+04_amount: 11.80700
data_price_hour_abs_18_amount: 11.80700
data_price_hour_rel_+05_amount: 15.88100
data_price_hour_abs_19_amount: 15.88100
data_price_hour_rel_+06_amount: 15.47100
data_price_hour_abs_20_amount: 15.47100
data_price_hour_rel_+07_amount: 12.08900
data_price_hour_abs_21_amount: 12.08900
data_price_hour_rel_+08_amount: 10.38200
data_price_hour_abs_22_amount: 10.38200
data_price_hour_rel_+09_amount: 9.79600
data_price_hour_abs_23_amount: 9.79600