date_now: 2024-03-31 14:19:19
date_now_epoch: 1711887559652
date_now_day: 31
date_now_month: 3
date_now_year: 2024
date_start: 2024-03-31 00:00:00
date_end: 2024-03-31 23:59:59
price_low: 0.10300
price_high: 11.72900
price_median: 6.04800
price_average: 5.54452
price_current: 0.10300
price_unit: Cent/kWh
price_threshold_00: 0.10300
price_threshold_01: 0.30600
price_threshold_02: 1.52700
price_threshold_03: 1.98500
price_threshold_04: 2.95200
price_threshold_05: 4.10300
price_threshold_06: 4.10700
price_threshold_07: 5.03200
price_threshold_08: 5.49000
price_threshold_09: 5.87400
price_threshold_10: 6.04800
price_threshold_11: 6.44600
price_threshold_12: 6.45100
price_threshold_13: 6.49800
price_threshold_14: 6.50300
price_threshold_15: 6.67100
price_threshold_16: 6.67400
price_threshold_17: 7.00000
price_threshold_18: 7.15100
price_threshold_19: 7.57000
price_threshold_20: 8.37200
price_threshold_21: 8.93200
price_threshold_22: 11.72900
data_price_hour_rel_-14_amount: 7.57000
data_price_hour_abs_00_amount: 7.57000
data_price_hour_rel_-13_amount: 6.67100
data_price_hour_abs_01_amount: 6.67100
data_price_hour_rel_-11_amount: 6.49800
data_price_hour_abs_03_amount: 6.49800
data_price_hour_rel_-10_amount: 6.04800
data_price_hour_abs_04_amount: 6.04800
data_price_hour_rel_-09_amount: 5.87400
data_price_hour_abs_05_amount: 5.87400
data_price_hour_rel_-08_amount: 6.44600
data_price_hour_abs_06_amount: 6.44600
data_price_hour_rel_-07_amount: 7.15100
data_price_hour_abs_07_amount: 7.15100
data_price_hour_rel_-06_amount: 6.50300
data_price_hour_abs_08_amount: 6.50300
data_price_hour_rel_-05_amount: 5.03200
data_price_hour_abs_09_amount: 5.03200
data_price_hour_rel_-04_amount: 4.10300
data_price_hour_abs_10_amount: 4.10300
data_price_hour_rel_-03_amount: 2.95200
data_price_hour_abs_11_amount: 2.95200
data_price_hour_rel_-02_amount: 1.98500
data_price_hour_abs_12_amount: 1.98500
data_price_hour_rel_-01_amount: 0.30600
data_price_hour_abs_13_amount: 0.30600
data_price_hour_rel_+00_amount: 0.10300
data_price_hour_abs_14_amount: 0.10300
data_price_hour_rel_+01_amount: 1.52700
data_price_hour_abs_15_amount: 1.52700
data_price_hour_rel_+02_amount: 4.10700
data_price_hour_abs_16_amount: 4.10700
data_price_hour_rel_+03_amount: 6.67400
data_price_hour_abs_17_amount: 6.67400
data_price_hour_rel_+04_amount: 8.93200
data_price_hour_abs_18_amount: 8.93200
data_price_hour_rel_+05_amount: 11.72900
data_price_hour_abs_19_amount: 11.72900
data_price_hour_rel_+06_amount: 8.37200
data_price_hour_abs_20_amount: 8.37200
data_price_hour_rel_+07_amount: 7.00000
data_price_hour_abs_21_amount: 7.00000
data_price_hour_rel_+08_amount: 6.45100
data_price_hour_abs_22_amount: 6.45100
data_price_hour_rel_+09_amount: 5.49000
data_price_hour_abs_23_amount: 5.49000