date_now: 2024-02-01 13:19:56
date_now_epoch: 1706789996455
date_now_day: 1
date_now_month: 2
date_now_year: 2024
date_start: 2024-02-01 00:00:00
date_end: 2024-02-01 23:59:59
price_low: 4.11200
price_high: 9.78900
price_median: 7.60600
price_average: 7.20358
price_current: 5.72600
price_unit: Cent/kWh
price_threshold_00: 4.11200
price_threshold_01: 4.21600
price_threshold_02: 4.30500
price_threshold_03: 4.69100
price_threshold_04: 4.70600
price_threshold_05: 5.53400
price_threshold_06: 5.72600
price_threshold_07: 6.76000
price_threshold_08: 6.87400
price_threshold_09: 6.90100
price_threshold_10: 7.33800
price_threshold_11: 7.50700
price_threshold_12: 7.70500
price_threshold_13: 7.72200
price_threshold_14: 8.18800
price_threshold_15: 8.32900
price_threshold_16: 8.36700
price_threshold_17: 8.61200
price_threshold_18: 8.62900
price_threshold_19: 8.99700
price_threshold_20: 9.16100
price_threshold_21: 9.25000
price_threshold_22: 9.46700
price_threshold_23: 9.78900
data_price_hour_rel_-13_amount: 4.70600
data_price_hour_abs_00_amount: 4.70600
data_price_hour_rel_-12_amount: 4.11200
data_price_hour_abs_01_amount: 4.11200
data_price_hour_rel_-11_amount: 4.21600
data_price_hour_abs_02_amount: 4.21600
data_price_hour_rel_-10_amount: 4.30500
data_price_hour_abs_03_amount: 4.30500
data_price_hour_rel_-09_amount: 4.69100
data_price_hour_abs_04_amount: 4.69100
data_price_hour_rel_-08_amount: 5.53400
data_price_hour_abs_05_amount: 5.53400
data_price_hour_rel_-07_amount: 6.90100
data_price_hour_abs_06_amount: 6.90100
data_price_hour_rel_-06_amount: 8.61200
data_price_hour_abs_07_amount: 8.61200
data_price_hour_rel_-05_amount: 9.25000
data_price_hour_abs_08_amount: 9.25000
data_price_hour_rel_-04_amount: 8.62900
data_price_hour_abs_09_amount: 8.62900
data_price_hour_rel_-03_amount: 8.36700
data_price_hour_abs_10_amount: 8.36700
data_price_hour_rel_-02_amount: 7.72200
data_price_hour_abs_11_amount: 7.72200
data_price_hour_rel_-01_amount: 6.76000
data_price_hour_abs_12_amount: 6.76000
data_price_hour_rel_+00_amount: 5.72600
data_price_hour_abs_13_amount: 5.72600
data_price_hour_rel_+01_amount: 6.87400
data_price_hour_abs_14_amount: 6.87400
data_price_hour_rel_+02_amount: 7.50700
data_price_hour_abs_15_amount: 7.50700
data_price_hour_rel_+03_amount: 7.70500
data_price_hour_abs_16_amount: 7.70500
data_price_hour_rel_+04_amount: 9.16100
data_price_hour_abs_17_amount: 9.16100
data_price_hour_rel_+05_amount: 9.46700
data_price_hour_abs_18_amount: 9.46700
data_price_hour_rel_+06_amount: 9.78900
data_price_hour_abs_19_amount: 9.78900
data_price_hour_rel_+07_amount: 8.99700
data_price_hour_abs_20_amount: 8.99700
data_price_hour_rel_+08_amount: 8.32900
data_price_hour_abs_21_amount: 8.32900
data_price_hour_rel_+09_amount: 8.18800
data_price_hour_abs_22_amount: 8.18800
data_price_hour_rel_+10_amount: 7.33800
data_price_hour_abs_23_amount: 7.33800