date_now: 2024-06-24 14:24:24
date_now_epoch: 1719231864369
date_now_day: 24
date_now_month: 6
date_now_year: 2024
date_start: 2024-06-24 00:00:00
date_end: 2024-06-24 23:59:59
price_low: 2.99600
price_high: 20.93200
price_median: 8.84250
price_average: 9.20854
price_current: 3.09300
price_unit: Cent/kWh
price_threshold_00: 2.99600
price_threshold_01: 3.09300
price_threshold_02: 3.11900
price_threshold_03: 3.78100
price_threshold_04: 4.78500
price_threshold_05: 5.38800
price_threshold_06: 6.63200
price_threshold_07: 7.93400
price_threshold_08: 8.24900
price_threshold_09: 8.44600
price_threshold_10: 8.49300
price_threshold_11: 8.49600
price_threshold_12: 9.18900
price_threshold_13: 9.21900
price_threshold_14: 9.70200
price_threshold_15: 9.83900
price_threshold_16: 10.29900
price_threshold_17: 10.61800
price_threshold_18: 11.65900
price_threshold_19: 13.60000
price_threshold_20: 13.60600
price_threshold_21: 15.33000
price_threshold_22: 15.60000
price_threshold_23: 20.93200
data_price_hour_rel_-14_amount: 10.61800
data_price_hour_abs_00_amount: 10.61800
data_price_hour_rel_-13_amount: 9.21900
data_price_hour_abs_01_amount: 9.21900
data_price_hour_rel_-12_amount: 8.49300
data_price_hour_abs_02_amount: 8.49300
data_price_hour_rel_-11_amount: 8.44600
data_price_hour_abs_03_amount: 8.44600
data_price_hour_rel_-10_amount: 8.49600
data_price_hour_abs_04_amount: 8.49600
data_price_hour_rel_-09_amount: 9.70200
data_price_hour_abs_05_amount: 9.70200
data_price_hour_rel_-08_amount: 13.60600
data_price_hour_abs_06_amount: 13.60600
data_price_hour_rel_-07_amount: 13.60000
data_price_hour_abs_07_amount: 13.60000
data_price_hour_rel_-06_amount: 10.29900
data_price_hour_abs_08_amount: 10.29900
data_price_hour_rel_-05_amount: 7.93400
data_price_hour_abs_09_amount: 7.93400
data_price_hour_rel_-04_amount: 5.38800
data_price_hour_abs_10_amount: 5.38800
data_price_hour_rel_-03_amount: 3.78100
data_price_hour_abs_11_amount: 3.78100
data_price_hour_rel_-02_amount: 3.11900
data_price_hour_abs_12_amount: 3.11900
data_price_hour_rel_-01_amount: 2.99600
data_price_hour_abs_13_amount: 2.99600
data_price_hour_rel_+00_amount: 3.09300
data_price_hour_abs_14_amount: 3.09300
data_price_hour_rel_+01_amount: 4.78500
data_price_hour_abs_15_amount: 4.78500
data_price_hour_rel_+02_amount: 6.63200
data_price_hour_abs_16_amount: 6.63200
data_price_hour_rel_+03_amount: 8.24900
data_price_hour_abs_17_amount: 8.24900
data_price_hour_rel_+04_amount: 9.83900
data_price_hour_abs_18_amount: 9.83900
data_price_hour_rel_+05_amount: 15.33000
data_price_hour_abs_19_amount: 15.33000
data_price_hour_rel_+06_amount: 20.93200
data_price_hour_abs_20_amount: 20.93200
data_price_hour_rel_+07_amount: 15.60000
data_price_hour_abs_21_amount: 15.60000
data_price_hour_rel_+08_amount: 11.65900
data_price_hour_abs_22_amount: 11.65900
data_price_hour_rel_+09_amount: 9.18900
data_price_hour_abs_23_amount: 9.18900