date_now: 2024-04-14 16:40:42
date_now_epoch: 1713105642200
date_now_day: 14
date_now_month: 4
date_now_year: 2024
date_start: 2024-04-14 00:00:00
date_end: 2024-04-14 23:59:59
price_low: -6.00700
price_high: 11.99100
price_median: 0.13500
price_average: 1.67483
price_current: -0.62500
price_unit: Cent/kWh
price_threshold_00: -6.00700
price_threshold_01: -6.00500
price_threshold_02: -4.22700
price_threshold_03: -4.00500
price_threshold_04: -1.21700
price_threshold_05: -0.62500
price_threshold_06: -0.23700
price_threshold_07: 0.00000
price_threshold_08: 0.04300
price_threshold_09: 0.08300
price_threshold_10: 0.09300
price_threshold_11: 0.11300
price_threshold_12: 0.15700
price_threshold_13: 0.23400
price_threshold_14: 0.59500
price_threshold_15: 0.74100
price_threshold_16: 1.28600
price_threshold_17: 1.30000
price_threshold_18: 6.72300
price_threshold_19: 8.72400
price_threshold_20: 8.78000
price_threshold_21: 10.39500
price_threshold_22: 11.26100
price_threshold_23: 11.99100
data_price_hour_rel_-16_amount: 0.04300
data_price_hour_abs_00_amount: 0.04300
data_price_hour_rel_-15_amount: 0.08300
data_price_hour_abs_01_amount: 0.08300
data_price_hour_rel_-14_amount: 0.09300
data_price_hour_abs_02_amount: 0.09300
data_price_hour_rel_-13_amount: 0.11300
data_price_hour_abs_03_amount: 0.11300
data_price_hour_rel_-12_amount: 0.23400
data_price_hour_abs_04_amount: 0.23400
data_price_hour_rel_-11_amount: 0.59500
data_price_hour_abs_05_amount: 0.59500
data_price_hour_rel_-10_amount: 1.28600
data_price_hour_abs_06_amount: 1.28600
data_price_hour_rel_-09_amount: 1.30000
data_price_hour_abs_07_amount: 1.30000
data_price_hour_rel_-08_amount: 0.74100
data_price_hour_abs_08_amount: 0.74100
data_price_hour_rel_-07_amount: 0.00000
data_price_hour_abs_09_amount: 0.00000
data_price_hour_rel_-06_amount: -0.23700
data_price_hour_abs_10_amount: -0.23700
data_price_hour_rel_-05_amount: -1.21700
data_price_hour_abs_11_amount: -1.21700
data_price_hour_rel_-04_amount: -4.22700
data_price_hour_abs_12_amount: -4.22700
data_price_hour_rel_-03_amount: -6.00500
data_price_hour_abs_13_amount: -6.00500
data_price_hour_rel_-02_amount: -6.00700
data_price_hour_abs_14_amount: -6.00700
data_price_hour_rel_-01_amount: -4.00500
data_price_hour_abs_15_amount: -4.00500
data_price_hour_rel_+00_amount: -0.62500
data_price_hour_abs_16_amount: -0.62500
data_price_hour_rel_+01_amount: 0.15700
data_price_hour_abs_17_amount: 0.15700
data_price_hour_rel_+02_amount: 6.72300
data_price_hour_abs_18_amount: 6.72300
data_price_hour_rel_+03_amount: 8.78000
data_price_hour_abs_19_amount: 8.78000
data_price_hour_rel_+04_amount: 11.99100
data_price_hour_abs_20_amount: 11.99100
data_price_hour_rel_+05_amount: 11.26100
data_price_hour_abs_21_amount: 11.26100
data_price_hour_rel_+06_amount: 10.39500
data_price_hour_abs_22_amount: 10.39500
data_price_hour_rel_+07_amount: 8.72400
data_price_hour_abs_23_amount: 8.72400