date_now: 2024-02-18 13:18:19
date_now_epoch: 1708258699861
date_now_day: 18
date_now_month: 2
date_now_year: 2024
date_start: 2024-02-18 00:00:00
date_end: 2024-02-18 23:59:59
price_low: 3.98800
price_high: 7.36600
price_median: 5.08800
price_average: 5.31846
price_current: 3.98800
price_unit: Cent/kWh
price_threshold_00: 3.98800
price_threshold_01: 4.01000
price_threshold_02: 4.04500
price_threshold_03: 4.10000
price_threshold_04: 4.28700
price_threshold_05: 4.30300
price_threshold_06: 4.60200
price_threshold_07: 4.72800
price_threshold_08: 4.84700
price_threshold_09: 4.89700
price_threshold_10: 5.01900
price_threshold_11: 5.03200
price_threshold_12: 5.14400
price_threshold_13: 5.39400
price_threshold_14: 5.42900
price_threshold_15: 5.48100
price_threshold_16: 5.73300
price_threshold_17: 5.98300
price_threshold_18: 6.23800
price_threshold_19: 6.28700
price_threshold_20: 6.47100
price_threshold_21: 7.05900
price_threshold_22: 7.20000
price_threshold_23: 7.36600
data_price_hour_rel_-13_amount: 6.23800
data_price_hour_abs_00_amount: 6.23800
data_price_hour_rel_-12_amount: 5.48100
data_price_hour_abs_01_amount: 5.48100
data_price_hour_rel_-11_amount: 5.14400
data_price_hour_abs_02_amount: 5.14400
data_price_hour_rel_-10_amount: 5.03200
data_price_hour_abs_03_amount: 5.03200
data_price_hour_rel_-09_amount: 5.01900
data_price_hour_abs_04_amount: 5.01900
data_price_hour_rel_-08_amount: 4.84700
data_price_hour_abs_05_amount: 4.84700
data_price_hour_rel_-07_amount: 4.60200
data_price_hour_abs_06_amount: 4.60200
data_price_hour_rel_-06_amount: 4.89700
data_price_hour_abs_07_amount: 4.89700
data_price_hour_rel_-05_amount: 4.72800
data_price_hour_abs_08_amount: 4.72800
data_price_hour_rel_-04_amount: 4.30300
data_price_hour_abs_09_amount: 4.30300
data_price_hour_rel_-03_amount: 4.04500
data_price_hour_abs_10_amount: 4.04500
data_price_hour_rel_-02_amount: 4.10000
data_price_hour_abs_11_amount: 4.10000
data_price_hour_rel_-01_amount: 4.01000
data_price_hour_abs_12_amount: 4.01000
data_price_hour_rel_+00_amount: 3.98800
data_price_hour_abs_13_amount: 3.98800
data_price_hour_rel_+01_amount: 4.28700
data_price_hour_abs_14_amount: 4.28700
data_price_hour_rel_+02_amount: 5.42900
data_price_hour_abs_15_amount: 5.42900
data_price_hour_rel_+03_amount: 6.28700
data_price_hour_abs_16_amount: 6.28700
data_price_hour_rel_+04_amount: 7.20000
data_price_hour_abs_17_amount: 7.20000
data_price_hour_rel_+05_amount: 7.36600
data_price_hour_abs_18_amount: 7.36600
data_price_hour_rel_+06_amount: 7.05900
data_price_hour_abs_19_amount: 7.05900
data_price_hour_rel_+07_amount: 6.47100
data_price_hour_abs_20_amount: 6.47100
data_price_hour_rel_+08_amount: 5.98300
data_price_hour_abs_21_amount: 5.98300
data_price_hour_rel_+09_amount: 5.73300
data_price_hour_abs_22_amount: 5.73300
data_price_hour_rel_+10_amount: 5.39400
data_price_hour_abs_23_amount: 5.39400