date_now: 2024-09-03 14:26:59
date_now_epoch: 1725366419607
date_now_day: 3
date_now_month: 9
date_now_year: 2024
date_start: 2024-09-03 00:00:00
date_end: 2024-09-03 23:59:59
price_low: 8.26900
price_high: 65.63700
price_median: 10.11400
price_average: 15.83921
price_current: 8.41300
price_unit: Cent/kWh
price_threshold_00: 8.26900
price_threshold_01: 8.41300
price_threshold_02: 8.48000
price_threshold_03: 8.66700
price_threshold_04: 9.00200
price_threshold_05: 9.12100
price_threshold_06: 9.15600
price_threshold_07: 9.31000
price_threshold_08: 9.32700
price_threshold_09: 9.62400
price_threshold_10: 9.88800
price_threshold_11: 9.96000
price_threshold_12: 10.26800
price_threshold_13: 11.59800
price_threshold_14: 11.75600
price_threshold_15: 12.39300
price_threshold_16: 13.32000
price_threshold_17: 13.39500
price_threshold_18: 13.72100
price_threshold_19: 15.10600
price_threshold_20: 21.69700
price_threshold_21: 30.00100
price_threshold_22: 52.03200
price_threshold_23: 65.63700
data_price_hour_rel_-14_amount: 9.96000
data_price_hour_abs_00_amount: 9.96000
data_price_hour_rel_-13_amount: 9.31000
data_price_hour_abs_01_amount: 9.31000
data_price_hour_rel_-12_amount: 9.15600
data_price_hour_abs_02_amount: 9.15600
data_price_hour_rel_-11_amount: 9.32700
data_price_hour_abs_03_amount: 9.32700
data_price_hour_rel_-10_amount: 9.62400
data_price_hour_abs_04_amount: 9.62400
data_price_hour_rel_-09_amount: 10.26800
data_price_hour_abs_05_amount: 10.26800
data_price_hour_rel_-08_amount: 13.72100
data_price_hour_abs_06_amount: 13.72100
data_price_hour_rel_-07_amount: 15.10600
data_price_hour_abs_07_amount: 15.10600
data_price_hour_rel_-06_amount: 13.39500
data_price_hour_abs_08_amount: 13.39500
data_price_hour_rel_-05_amount: 11.59800
data_price_hour_abs_09_amount: 11.59800
data_price_hour_rel_-04_amount: 9.88800
data_price_hour_abs_10_amount: 9.88800
data_price_hour_rel_-03_amount: 9.00200
data_price_hour_abs_11_amount: 9.00200
data_price_hour_rel_-02_amount: 8.48000
data_price_hour_abs_12_amount: 8.48000
data_price_hour_rel_-01_amount: 8.26900
data_price_hour_abs_13_amount: 8.26900
data_price_hour_rel_+00_amount: 8.41300
data_price_hour_abs_14_amount: 8.41300
data_price_hour_rel_+01_amount: 8.66700
data_price_hour_abs_15_amount: 8.66700
data_price_hour_rel_+02_amount: 9.12100
data_price_hour_abs_16_amount: 9.12100
data_price_hour_rel_+03_amount: 12.39300
data_price_hour_abs_17_amount: 12.39300
data_price_hour_rel_+04_amount: 30.00100
data_price_hour_abs_18_amount: 30.00100
data_price_hour_rel_+05_amount: 65.63700
data_price_hour_abs_19_amount: 65.63700
data_price_hour_rel_+06_amount: 52.03200
data_price_hour_abs_20_amount: 52.03200
data_price_hour_rel_+07_amount: 21.69700
data_price_hour_abs_21_amount: 21.69700
data_price_hour_rel_+08_amount: 13.32000
data_price_hour_abs_22_amount: 13.32000
data_price_hour_rel_+09_amount: 11.75600
data_price_hour_abs_23_amount: 11.75600