date_now: 2024-01-11 13:21:48
date_now_epoch: 1704975708959
date_now_day: 11
date_now_month: 1
date_now_year: 2024
date_start: 2024-01-11 00:00:00
date_end: 2024-01-11 23:59:59
price_low: 8.19500
price_high: 15.00900
price_median: 10.62300
price_average: 10.96479
price_current: 9.90000
price_unit: Cent/kWh
price_threshold_00: 8.19500
price_threshold_01: 8.23800
price_threshold_02: 8.72500
price_threshold_03: 8.85900
price_threshold_04: 8.93600
price_threshold_05: 9.17500
price_threshold_06: 9.72200
price_threshold_07: 9.90000
price_threshold_08: 9.93800
price_threshold_09: 10.00000
price_threshold_10: 10.20700
price_threshold_11: 10.59800
price_threshold_12: 10.64800
price_threshold_13: 10.71900
price_threshold_14: 11.36500
price_threshold_15: 11.68600
price_threshold_16: 11.78800
price_threshold_17: 11.79600
price_threshold_18: 12.91600
price_threshold_19: 13.23100
price_threshold_20: 13.66900
price_threshold_21: 13.73500
price_threshold_22: 14.10000
price_threshold_23: 15.00900
data_price_hour_rel_-13_amount: 9.17500
data_price_hour_abs_00_amount: 9.17500
data_price_hour_rel_-12_amount: 8.85900
data_price_hour_abs_01_amount: 8.85900
data_price_hour_rel_-11_amount: 8.72500
data_price_hour_abs_02_amount: 8.72500
data_price_hour_rel_-10_amount: 8.23800
data_price_hour_abs_03_amount: 8.23800
data_price_hour_rel_-09_amount: 8.19500
data_price_hour_abs_04_amount: 8.19500
data_price_hour_rel_-08_amount: 8.93600
data_price_hour_abs_05_amount: 8.93600
data_price_hour_rel_-07_amount: 10.20700
data_price_hour_abs_06_amount: 10.20700
data_price_hour_rel_-06_amount: 11.68600
data_price_hour_abs_07_amount: 11.68600
data_price_hour_rel_-05_amount: 14.10000
data_price_hour_abs_08_amount: 14.10000
data_price_hour_rel_-04_amount: 12.91600
data_price_hour_abs_09_amount: 12.91600
data_price_hour_rel_-03_amount: 11.36500
data_price_hour_abs_10_amount: 11.36500
data_price_hour_rel_-02_amount: 10.64800
data_price_hour_abs_11_amount: 10.64800
data_price_hour_rel_-01_amount: 9.93800
data_price_hour_abs_12_amount: 9.93800
data_price_hour_rel_+00_amount: 9.90000
data_price_hour_abs_13_amount: 9.90000
data_price_hour_rel_+01_amount: 10.59800
data_price_hour_abs_14_amount: 10.59800
data_price_hour_rel_+02_amount: 11.79600
data_price_hour_abs_15_amount: 11.79600
data_price_hour_rel_+03_amount: 13.73500
data_price_hour_abs_16_amount: 13.73500
data_price_hour_rel_+04_amount: 15.00900
data_price_hour_abs_17_amount: 15.00900
data_price_hour_rel_+05_amount: 13.66900
data_price_hour_abs_18_amount: 13.66900
data_price_hour_rel_+06_amount: 13.23100
data_price_hour_abs_19_amount: 13.23100
data_price_hour_rel_+07_amount: 11.78800
data_price_hour_abs_20_amount: 11.78800
data_price_hour_rel_+08_amount: 10.71900
data_price_hour_abs_21_amount: 10.71900
data_price_hour_rel_+09_amount: 10.00000
data_price_hour_abs_22_amount: 10.00000
data_price_hour_rel_+10_amount: 9.72200
data_price_hour_abs_23_amount: 9.72200