date_now: 2024-04-19 14:20:44
date_now_epoch: 1713529244059
date_now_day: 19
date_now_month: 4
date_now_year: 2024
date_start: 2024-04-19 00:00:00
date_end: 2024-04-19 23:59:59
price_low: 4.45600
price_high: 7.72100
price_median: 6.01600
price_average: 5.88179
price_current: 4.49400
price_unit: Cent/kWh
price_threshold_00: 4.45600
price_threshold_01: 4.49400
price_threshold_02: 4.70000
price_threshold_03: 4.79700
price_threshold_04: 4.90800
price_threshold_05: 4.94700
price_threshold_06: 5.05300
price_threshold_07: 5.09100
price_threshold_08: 5.09100
price_threshold_09: 5.60800
price_threshold_10: 5.87700
price_threshold_11: 6.01200
price_threshold_12: 6.02000
price_threshold_13: 6.08300
price_threshold_14: 6.31500
price_threshold_15: 6.34900
price_threshold_16: 6.52700
price_threshold_17: 6.53200
price_threshold_18: 6.62000
price_threshold_19: 6.62800
price_threshold_20: 6.83000
price_threshold_21: 6.90400
price_threshold_22: 7.60000
price_threshold_23: 7.72100
data_price_hour_rel_-14_amount: 7.72100
data_price_hour_abs_00_amount: 7.72100
data_price_hour_rel_-13_amount: 6.08300
data_price_hour_abs_01_amount: 6.08300
data_price_hour_rel_-12_amount: 5.05300
data_price_hour_abs_02_amount: 5.05300
data_price_hour_rel_-11_amount: 4.94700
data_price_hour_abs_03_amount: 4.94700
data_price_hour_rel_-10_amount: 4.79700
data_price_hour_abs_04_amount: 4.79700
data_price_hour_rel_-09_amount: 4.90800
data_price_hour_abs_05_amount: 4.90800
data_price_hour_rel_-08_amount: 6.01200
data_price_hour_abs_06_amount: 6.01200
data_price_hour_rel_-07_amount: 6.90400
data_price_hour_abs_07_amount: 6.90400
data_price_hour_rel_-06_amount: 7.60000
data_price_hour_abs_08_amount: 7.60000
data_price_hour_rel_-05_amount: 6.83000
data_price_hour_abs_09_amount: 6.83000
data_price_hour_rel_-04_amount: 6.02000
data_price_hour_abs_10_amount: 6.02000
data_price_hour_rel_-03_amount: 5.60800
data_price_hour_abs_11_amount: 5.60800
data_price_hour_rel_-02_amount: 5.09100
data_price_hour_abs_12_amount: 5.09100
data_price_hour_rel_-01_amount: 4.70000
data_price_hour_abs_13_amount: 4.70000
data_price_hour_rel_+00_amount: 4.49400
data_price_hour_abs_14_amount: 4.49400
data_price_hour_rel_+01_amount: 4.45600
data_price_hour_abs_15_amount: 4.45600
data_price_hour_rel_+02_amount: 5.09100
data_price_hour_abs_16_amount: 5.09100
data_price_hour_rel_+03_amount: 5.87700
data_price_hour_abs_17_amount: 5.87700
data_price_hour_rel_+04_amount: 6.34900
data_price_hour_abs_18_amount: 6.34900
data_price_hour_rel_+05_amount: 6.53200
data_price_hour_abs_19_amount: 6.53200
data_price_hour_rel_+06_amount: 6.62800
data_price_hour_abs_20_amount: 6.62800
data_price_hour_rel_+07_amount: 6.62000
data_price_hour_abs_21_amount: 6.62000
data_price_hour_rel_+08_amount: 6.52700
data_price_hour_abs_22_amount: 6.52700
data_price_hour_rel_+09_amount: 6.31500
data_price_hour_abs_23_amount: 6.31500