date_now: 2024-04-11 14:20:34
date_now_epoch: 1712838034745
date_now_day: 11
date_now_month: 4
date_now_year: 2024
date_start: 2024-04-11 00:00:00
date_end: 2024-04-11 23:59:59
price_low: 0.05700
price_high: 13.78200
price_median: 6.09900
price_average: 5.88088
price_current: 0.05700
price_unit: Cent/kWh
price_threshold_00: 0.05700
price_threshold_01: 0.08600
price_threshold_02: 0.09100
price_threshold_03: 0.11000
price_threshold_04: 1.00500
price_threshold_05: 2.95700
price_threshold_06: 3.00000
price_threshold_07: 5.22000
price_threshold_08: 5.55700
price_threshold_09: 5.88100
price_threshold_10: 5.90800
price_threshold_11: 5.97400
price_threshold_12: 6.22400
price_threshold_13: 6.73600
price_threshold_14: 6.88000
price_threshold_15: 7.25800
price_threshold_16: 7.46300
price_threshold_17: 7.65100
price_threshold_18: 7.67400
price_threshold_19: 8.24200
price_threshold_20: 9.87900
price_threshold_21: 10.07000
price_threshold_22: 13.43600
price_threshold_23: 13.78200
data_price_hour_rel_-14_amount: 7.25800
data_price_hour_abs_00_amount: 7.25800
data_price_hour_rel_-13_amount: 6.73600
data_price_hour_abs_01_amount: 6.73600
data_price_hour_rel_-12_amount: 6.22400
data_price_hour_abs_02_amount: 6.22400
data_price_hour_rel_-11_amount: 5.88100
data_price_hour_abs_03_amount: 5.88100
data_price_hour_rel_-10_amount: 5.90800
data_price_hour_abs_04_amount: 5.90800
data_price_hour_rel_-09_amount: 5.55700
data_price_hour_abs_05_amount: 5.55700
data_price_hour_rel_-08_amount: 7.46300
data_price_hour_abs_06_amount: 7.46300
data_price_hour_rel_-07_amount: 6.88000
data_price_hour_abs_07_amount: 6.88000
data_price_hour_rel_-06_amount: 5.22000
data_price_hour_abs_08_amount: 5.22000
data_price_hour_rel_-05_amount: 3.00000
data_price_hour_abs_09_amount: 3.00000
data_price_hour_rel_-04_amount: 1.00500
data_price_hour_abs_10_amount: 1.00500
data_price_hour_rel_-03_amount: 0.08600
data_price_hour_abs_11_amount: 0.08600
data_price_hour_rel_-02_amount: 0.09100
data_price_hour_abs_12_amount: 0.09100
data_price_hour_rel_-01_amount: 0.11000
data_price_hour_abs_13_amount: 0.11000
data_price_hour_rel_+00_amount: 0.05700
data_price_hour_abs_14_amount: 0.05700
data_price_hour_rel_+01_amount: 2.95700
data_price_hour_abs_15_amount: 2.95700
data_price_hour_rel_+02_amount: 5.97400
data_price_hour_abs_16_amount: 5.97400
data_price_hour_rel_+03_amount: 7.67400
data_price_hour_abs_17_amount: 7.67400
data_price_hour_rel_+04_amount: 10.07000
data_price_hour_abs_18_amount: 10.07000
data_price_hour_rel_+05_amount: 13.43600
data_price_hour_abs_19_amount: 13.43600
data_price_hour_rel_+06_amount: 13.78200
data_price_hour_abs_20_amount: 13.78200
data_price_hour_rel_+07_amount: 9.87900
data_price_hour_abs_21_amount: 9.87900
data_price_hour_rel_+08_amount: 8.24200
data_price_hour_abs_22_amount: 8.24200
data_price_hour_rel_+09_amount: 7.65100
data_price_hour_abs_23_amount: 7.65100