date_now: 2024-07-05 14:23:10
date_now_epoch: 1720182190036
date_now_day: 5
date_now_month: 7
date_now_year: 2024
date_start: 2024-07-05 00:00:00
date_end: 2024-07-05 23:59:59
price_low: -0.07800
price_high: 14.23600
price_median: 1.99600
price_average: 3.69913
price_current: -0.07800
price_unit: Cent/kWh
price_threshold_00: -0.07800
price_threshold_01: -0.06400
price_threshold_02: -0.00500
price_threshold_03: -0.00300
price_threshold_04: 0.04100
price_threshold_05: 0.19300
price_threshold_06: 0.29500
price_threshold_07: 0.89800
price_threshold_08: 1.00100
price_threshold_09: 1.68100
price_threshold_10: 1.85600
price_threshold_11: 1.97900
price_threshold_12: 2.01300
price_threshold_13: 2.05900
price_threshold_14: 3.14100
price_threshold_15: 3.81900
price_threshold_16: 3.94300
price_threshold_17: 4.57500
price_threshold_18: 6.43500
price_threshold_19: 8.49500
price_threshold_20: 9.00900
price_threshold_21: 10.22200
price_threshold_22: 13.03800
price_threshold_23: 14.23600
data_price_hour_rel_-14_amount: 3.14100
data_price_hour_abs_00_amount: 3.14100
data_price_hour_rel_-13_amount: 2.01300
data_price_hour_abs_01_amount: 2.01300
data_price_hour_rel_-12_amount: 2.05900
data_price_hour_abs_02_amount: 2.05900
data_price_hour_rel_-11_amount: 1.97900
data_price_hour_abs_03_amount: 1.97900
data_price_hour_rel_-10_amount: 0.89800
data_price_hour_abs_04_amount: 0.89800
data_price_hour_rel_-09_amount: 1.00100
data_price_hour_abs_05_amount: 1.00100
data_price_hour_rel_-08_amount: 3.81900
data_price_hour_abs_06_amount: 3.81900
data_price_hour_rel_-07_amount: 4.57500
data_price_hour_abs_07_amount: 4.57500
data_price_hour_rel_-06_amount: 3.94300
data_price_hour_abs_08_amount: 3.94300
data_price_hour_rel_-05_amount: 1.85600
data_price_hour_abs_09_amount: 1.85600
data_price_hour_rel_-04_amount: 0.29500
data_price_hour_abs_10_amount: 0.29500
data_price_hour_rel_-03_amount: 0.04100
data_price_hour_abs_11_amount: 0.04100
data_price_hour_rel_-02_amount: -0.00500
data_price_hour_abs_12_amount: -0.00500
data_price_hour_rel_-01_amount: -0.06400
data_price_hour_abs_13_amount: -0.06400
data_price_hour_rel_+00_amount: -0.07800
data_price_hour_abs_14_amount: -0.07800
data_price_hour_rel_+01_amount: -0.00300
data_price_hour_abs_15_amount: -0.00300
data_price_hour_rel_+02_amount: 0.19300
data_price_hour_abs_16_amount: 0.19300
data_price_hour_rel_+03_amount: 1.68100
data_price_hour_abs_17_amount: 1.68100
data_price_hour_rel_+04_amount: 6.43500
data_price_hour_abs_18_amount: 6.43500
data_price_hour_rel_+05_amount: 9.00900
data_price_hour_abs_19_amount: 9.00900
data_price_hour_rel_+06_amount: 14.23600
data_price_hour_abs_20_amount: 14.23600
data_price_hour_rel_+07_amount: 13.03800
data_price_hour_abs_21_amount: 13.03800
data_price_hour_rel_+08_amount: 10.22200
data_price_hour_abs_22_amount: 10.22200
data_price_hour_rel_+09_amount: 8.49500
data_price_hour_abs_23_amount: 8.49500