date_now: 2024-07-15 14:25:35
date_now_epoch: 1721046335499
date_now_day: 15
date_now_month: 7
date_now_year: 2024
date_start: 2024-07-15 00:00:00
date_end: 2024-07-15 23:59:59
price_low: -0.00700
price_high: 22.49600
price_median: 7.35850
price_average: 7.76713
price_current: -0.00700
price_unit: Cent/kWh
price_threshold_00: -0.00700
price_threshold_01: -0.00100
price_threshold_02: 0.00700
price_threshold_03: 0.35400
price_threshold_04: 1.12900
price_threshold_05: 3.55200
price_threshold_06: 4.42900
price_threshold_07: 5.81700
price_threshold_08: 5.92900
price_threshold_09: 6.30300
price_threshold_10: 6.62400
price_threshold_11: 6.78200
price_threshold_12: 7.93500
price_threshold_13: 8.00700
price_threshold_14: 8.01000
price_threshold_15: 8.20000
price_threshold_16: 8.97700
price_threshold_17: 9.24800
price_threshold_18: 11.43500
price_threshold_19: 12.00000
price_threshold_20: 14.35600
price_threshold_21: 14.41000
price_threshold_22: 20.41900
price_threshold_23: 22.49600
data_price_hour_rel_-14_amount: 7.93500
data_price_hour_abs_00_amount: 7.93500
data_price_hour_rel_-13_amount: 6.62400
data_price_hour_abs_01_amount: 6.62400
data_price_hour_rel_-12_amount: 5.81700
data_price_hour_abs_02_amount: 5.81700
data_price_hour_rel_-11_amount: 6.30300
data_price_hour_abs_03_amount: 6.30300
data_price_hour_rel_-10_amount: 6.78200
data_price_hour_abs_04_amount: 6.78200
data_price_hour_rel_-09_amount: 8.00700
data_price_hour_abs_05_amount: 8.00700
data_price_hour_rel_-08_amount: 12.00000
data_price_hour_abs_06_amount: 12.00000
data_price_hour_rel_-07_amount: 14.41000
data_price_hour_abs_07_amount: 14.41000
data_price_hour_rel_-06_amount: 8.97700
data_price_hour_abs_08_amount: 8.97700
data_price_hour_rel_-05_amount: 5.92900
data_price_hour_abs_09_amount: 5.92900
data_price_hour_rel_-04_amount: 3.55200
data_price_hour_abs_10_amount: 3.55200
data_price_hour_rel_-03_amount: 1.12900
data_price_hour_abs_11_amount: 1.12900
data_price_hour_rel_-02_amount: 0.00700
data_price_hour_abs_12_amount: 0.00700
data_price_hour_rel_-01_amount: -0.00100
data_price_hour_abs_13_amount: -0.00100
data_price_hour_rel_+00_amount: -0.00700
data_price_hour_abs_14_amount: -0.00700
data_price_hour_rel_+01_amount: 0.35400
data_price_hour_abs_15_amount: 0.35400
data_price_hour_rel_+02_amount: 4.42900
data_price_hour_abs_16_amount: 4.42900
data_price_hour_rel_+03_amount: 8.20000
data_price_hour_abs_17_amount: 8.20000
data_price_hour_rel_+04_amount: 11.43500
data_price_hour_abs_18_amount: 11.43500
data_price_hour_rel_+05_amount: 20.41900
data_price_hour_abs_19_amount: 20.41900
data_price_hour_rel_+06_amount: 22.49600
data_price_hour_abs_20_amount: 22.49600
data_price_hour_rel_+07_amount: 14.35600
data_price_hour_abs_21_amount: 14.35600
data_price_hour_rel_+08_amount: 9.24800
data_price_hour_abs_22_amount: 9.24800
data_price_hour_rel_+09_amount: 8.01000
data_price_hour_abs_23_amount: 8.01000