date_now: 2024-03-02 13:18:13
date_now_epoch: 1709381893453
date_now_day: 2
date_now_month: 3
date_now_year: 2024
date_start: 2024-03-02 00:00:00
date_end: 2024-03-02 23:59:59
price_low: 5.48800
price_high: 9.36000
price_median: 6.01950
price_average: 6.42188
price_current: 5.49000
price_unit: Cent/kWh
price_threshold_00: 5.48800
price_threshold_01: 5.49000
price_threshold_02: 5.49900
price_threshold_03: 5.54800
price_threshold_04: 5.58300
price_threshold_05: 5.59900
price_threshold_06: 5.60200
price_threshold_07: 5.60300
price_threshold_08: 5.65800
price_threshold_09: 5.91800
price_threshold_10: 5.98600
price_threshold_11: 5.99500
price_threshold_12: 6.04400
price_threshold_13: 6.06700
price_threshold_14: 6.09400
price_threshold_15: 6.37600
price_threshold_16: 6.57500
price_threshold_17: 6.60800
price_threshold_18: 6.98100
price_threshold_19: 7.30000
price_threshold_20: 7.69800
price_threshold_21: 8.06300
price_threshold_22: 8.99000
price_threshold_23: 9.36000
data_price_hour_rel_-13_amount: 5.99500
data_price_hour_abs_00_amount: 5.99500
data_price_hour_rel_-12_amount: 5.60300
data_price_hour_abs_01_amount: 5.60300
data_price_hour_rel_-11_amount: 5.60200
data_price_hour_abs_02_amount: 5.60200
data_price_hour_rel_-10_amount: 5.54800
data_price_hour_abs_03_amount: 5.54800
data_price_hour_rel_-09_amount: 5.48800
data_price_hour_abs_04_amount: 5.48800
data_price_hour_rel_-08_amount: 5.59900
data_price_hour_abs_05_amount: 5.59900
data_price_hour_rel_-07_amount: 5.65800
data_price_hour_abs_06_amount: 5.65800
data_price_hour_rel_-06_amount: 6.06700
data_price_hour_abs_07_amount: 6.06700
data_price_hour_rel_-05_amount: 6.37600
data_price_hour_abs_08_amount: 6.37600
data_price_hour_rel_-04_amount: 6.57500
data_price_hour_abs_09_amount: 6.57500
data_price_hour_rel_-03_amount: 6.04400
data_price_hour_abs_10_amount: 6.04400
data_price_hour_rel_-02_amount: 5.91800
data_price_hour_abs_11_amount: 5.91800
data_price_hour_rel_-01_amount: 5.58300
data_price_hour_abs_12_amount: 5.58300
data_price_hour_rel_+00_amount: 5.49000
data_price_hour_abs_13_amount: 5.49000
data_price_hour_rel_+01_amount: 5.98600
data_price_hour_abs_14_amount: 5.98600
data_price_hour_rel_+02_amount: 6.60800
data_price_hour_abs_15_amount: 6.60800
data_price_hour_rel_+03_amount: 7.30000
data_price_hour_abs_16_amount: 7.30000
data_price_hour_rel_+04_amount: 8.06300
data_price_hour_abs_17_amount: 8.06300
data_price_hour_rel_+05_amount: 9.36000
data_price_hour_abs_18_amount: 9.36000
data_price_hour_rel_+06_amount: 8.99000
data_price_hour_abs_19_amount: 8.99000
data_price_hour_rel_+07_amount: 7.69800
data_price_hour_abs_20_amount: 7.69800
data_price_hour_rel_+08_amount: 6.98100
data_price_hour_abs_21_amount: 6.98100
data_price_hour_rel_+09_amount: 6.09400
data_price_hour_abs_22_amount: 6.09400
data_price_hour_rel_+10_amount: 5.49900
data_price_hour_abs_23_amount: 5.49900