date_now: 2024-11-23 13:27:07
date_now_epoch: 1732364827622
date_now_day: 23
date_now_month: 11
date_now_year: 2024
date_start: 2024-11-23 00:00:00
date_end: 2024-11-23 23:59:59
price_low: 1.84600
price_high: 10.45500
price_median: 7.91950
price_average: 7.60212
price_current: 7.58500
price_unit: Cent/kWh
price_threshold_00: 1.84600
price_threshold_01: 3.91000
price_threshold_02: 4.80300
price_threshold_03: 5.95500
price_threshold_04: 7.10000
price_threshold_05: 7.12000
price_threshold_06: 7.35000
price_threshold_07: 7.58500
price_threshold_08: 7.68700
price_threshold_09: 7.78800
price_threshold_10: 7.85400
price_threshold_11: 7.90400
price_threshold_12: 7.93500
price_threshold_13: 8.00000
price_threshold_14: 8.20500
price_threshold_15: 8.25400
price_threshold_16: 8.56200
price_threshold_17: 8.56800
price_threshold_18: 8.60800
price_threshold_19: 8.73100
price_threshold_20: 8.92700
price_threshold_21: 9.55600
price_threshold_22: 9.74800
price_threshold_23: 10.45500
data_price_hour_rel_-13_amount: 8.00000
data_price_hour_abs_00_amount: 8.00000
data_price_hour_rel_-12_amount: 7.68700
data_price_hour_abs_01_amount: 7.68700
data_price_hour_rel_-11_amount: 7.78800
data_price_hour_abs_02_amount: 7.78800
data_price_hour_rel_-10_amount: 7.90400
data_price_hour_abs_03_amount: 7.90400
data_price_hour_rel_-09_amount: 7.93500
data_price_hour_abs_04_amount: 7.93500
data_price_hour_rel_-08_amount: 8.25400
data_price_hour_abs_05_amount: 8.25400
data_price_hour_rel_-07_amount: 8.20500
data_price_hour_abs_06_amount: 8.20500
data_price_hour_rel_-06_amount: 8.92700
data_price_hour_abs_07_amount: 8.92700
data_price_hour_rel_-05_amount: 9.74800
data_price_hour_abs_08_amount: 9.74800
data_price_hour_rel_-04_amount: 8.56200
data_price_hour_abs_09_amount: 8.56200
data_price_hour_rel_-03_amount: 7.85400
data_price_hour_abs_10_amount: 7.85400
data_price_hour_rel_-02_amount: 7.35000
data_price_hour_abs_11_amount: 7.35000
data_price_hour_rel_-01_amount: 7.12000
data_price_hour_abs_12_amount: 7.12000
data_price_hour_rel_+00_amount: 7.58500
data_price_hour_abs_13_amount: 7.58500
data_price_hour_rel_+01_amount: 8.56800
data_price_hour_abs_14_amount: 8.56800
data_price_hour_rel_+02_amount: 10.45500
data_price_hour_abs_15_amount: 10.45500
data_price_hour_rel_+03_amount: 8.73100
data_price_hour_abs_16_amount: 8.73100
data_price_hour_rel_+04_amount: 9.55600
data_price_hour_abs_17_amount: 9.55600
data_price_hour_rel_+05_amount: 8.60800
data_price_hour_abs_18_amount: 8.60800
data_price_hour_rel_+06_amount: 7.10000
data_price_hour_abs_19_amount: 7.10000
data_price_hour_rel_+07_amount: 5.95500
data_price_hour_abs_20_amount: 5.95500
data_price_hour_rel_+08_amount: 4.80300
data_price_hour_abs_21_amount: 4.80300
data_price_hour_rel_+09_amount: 3.91000
data_price_hour_abs_22_amount: 3.91000
data_price_hour_rel_+10_amount: 1.84600
data_price_hour_abs_23_amount: 1.84600