date_now: 2024-03-29 13:21:01
date_now_epoch: 1711714861257
date_now_day: 29
date_now_month: 3
date_now_year: 2024
date_start: 2024-03-29 00:00:00
date_end: 2024-03-29 23:59:59
price_low: 0.98600
price_high: 10.54500
price_median: 1.97150
price_average: 3.77625
price_current: 0.98600
price_unit: Cent/kWh
price_threshold_00: 0.98600
price_threshold_01: 1.02400
price_threshold_02: 1.24300
price_threshold_03: 1.25900
price_threshold_04: 1.30000
price_threshold_05: 1.32800
price_threshold_06: 1.34400
price_threshold_07: 1.43200
price_threshold_08: 1.59400
price_threshold_09: 1.68800
price_threshold_10: 1.88300
price_threshold_11: 1.88300
price_threshold_12: 2.06000
price_threshold_13: 2.15800
price_threshold_14: 2.20200
price_threshold_15: 2.23900
price_threshold_16: 4.95000
price_threshold_17: 7.00000
price_threshold_18: 7.58900
price_threshold_19: 7.99300
price_threshold_20: 7.99300
price_threshold_21: 8.74000
price_threshold_22: 10.19700
price_threshold_23: 10.54500
data_price_hour_rel_-13_amount: 2.06000
data_price_hour_abs_00_amount: 2.06000
data_price_hour_rel_-12_amount: 1.88300
data_price_hour_abs_01_amount: 1.88300
data_price_hour_rel_-11_amount: 1.24300
data_price_hour_abs_02_amount: 1.24300
data_price_hour_rel_-10_amount: 1.02400
data_price_hour_abs_03_amount: 1.02400
data_price_hour_rel_-09_amount: 1.25900
data_price_hour_abs_04_amount: 1.25900
data_price_hour_rel_-08_amount: 1.43200
data_price_hour_abs_05_amount: 1.43200
data_price_hour_rel_-07_amount: 2.20200
data_price_hour_abs_06_amount: 2.20200
data_price_hour_rel_-06_amount: 2.23900
data_price_hour_abs_07_amount: 2.23900
data_price_hour_rel_-05_amount: 1.59400
data_price_hour_abs_08_amount: 1.59400
data_price_hour_rel_-04_amount: 1.32800
data_price_hour_abs_09_amount: 1.32800
data_price_hour_rel_-03_amount: 1.68800
data_price_hour_abs_10_amount: 1.68800
data_price_hour_rel_-02_amount: 1.88300
data_price_hour_abs_11_amount: 1.88300
data_price_hour_rel_-01_amount: 1.30000
data_price_hour_abs_12_amount: 1.30000
data_price_hour_rel_+00_amount: 0.98600
data_price_hour_abs_13_amount: 0.98600
data_price_hour_rel_+01_amount: 1.34400
data_price_hour_abs_14_amount: 1.34400
data_price_hour_rel_+02_amount: 2.15800
data_price_hour_abs_15_amount: 2.15800
data_price_hour_rel_+03_amount: 4.95000
data_price_hour_abs_16_amount: 4.95000
data_price_hour_rel_+04_amount: 7.99300
data_price_hour_abs_17_amount: 7.99300
data_price_hour_rel_+05_amount: 10.19700
data_price_hour_abs_18_amount: 10.19700
data_price_hour_rel_+06_amount: 10.54500
data_price_hour_abs_19_amount: 10.54500
data_price_hour_rel_+07_amount: 8.74000
data_price_hour_abs_20_amount: 8.74000
data_price_hour_rel_+08_amount: 7.99300
data_price_hour_abs_21_amount: 7.99300
data_price_hour_rel_+09_amount: 7.58900
data_price_hour_abs_22_amount: 7.58900
data_price_hour_rel_+10_amount: 7.00000
data_price_hour_abs_23_amount: 7.00000