date_now: 2024-03-04 13:25:08
date_now_epoch: 1709555108048
date_now_day: 4
date_now_month: 3
date_now_year: 2024
date_start: 2024-03-04 00:00:00
date_end: 2024-03-04 23:59:59
price_low: 6.11000
price_high: 10.51800
price_median: 7.03450
price_average: 7.58879
price_current: 6.11000
price_unit: Cent/kWh
price_threshold_00: 6.11000
price_threshold_01: 6.25000
price_threshold_02: 6.39300
price_threshold_03: 6.39300
price_threshold_04: 6.48900
price_threshold_05: 6.55900
price_threshold_06: 6.62200
price_threshold_07: 6.74100
price_threshold_08: 6.74900
price_threshold_09: 6.79000
price_threshold_10: 6.91300
price_threshold_11: 6.98600
price_threshold_12: 7.08300
price_threshold_13: 7.13900
price_threshold_14: 7.19300
price_threshold_15: 7.59500
price_threshold_16: 8.05200
price_threshold_17: 8.11800
price_threshold_18: 8.50200
price_threshold_19: 9.05900
price_threshold_20: 9.66700
price_threshold_21: 9.91300
price_threshold_22: 10.29700
price_threshold_23: 10.51800
data_price_hour_rel_-13_amount: 6.91300
data_price_hour_abs_00_amount: 6.91300
data_price_hour_rel_-12_amount: 6.79000
data_price_hour_abs_01_amount: 6.79000
data_price_hour_rel_-11_amount: 6.74100
data_price_hour_abs_02_amount: 6.74100
data_price_hour_rel_-10_amount: 6.62200
data_price_hour_abs_03_amount: 6.62200
data_price_hour_rel_-09_amount: 6.55900
data_price_hour_abs_04_amount: 6.55900
data_price_hour_rel_-08_amount: 7.08300
data_price_hour_abs_05_amount: 7.08300
data_price_hour_rel_-07_amount: 8.11800
data_price_hour_abs_06_amount: 8.11800
data_price_hour_rel_-06_amount: 9.66700
data_price_hour_abs_07_amount: 9.66700
data_price_hour_rel_-05_amount: 10.29700
data_price_hour_abs_08_amount: 10.29700
data_price_hour_rel_-04_amount: 8.50200
data_price_hour_abs_09_amount: 8.50200
data_price_hour_rel_-03_amount: 7.19300
data_price_hour_abs_10_amount: 7.19300
data_price_hour_rel_-02_amount: 6.48900
data_price_hour_abs_11_amount: 6.48900
data_price_hour_rel_-01_amount: 6.39300
data_price_hour_abs_12_amount: 6.39300
data_price_hour_rel_+00_amount: 6.11000
data_price_hour_abs_13_amount: 6.11000
data_price_hour_rel_+01_amount: 6.25000
data_price_hour_abs_14_amount: 6.25000
data_price_hour_rel_+02_amount: 6.98600
data_price_hour_abs_15_amount: 6.98600
data_price_hour_rel_+03_amount: 7.59500
data_price_hour_abs_16_amount: 7.59500
data_price_hour_rel_+04_amount: 9.05900
data_price_hour_abs_17_amount: 9.05900
data_price_hour_rel_+05_amount: 10.51800
data_price_hour_abs_18_amount: 10.51800
data_price_hour_rel_+06_amount: 9.91300
data_price_hour_abs_19_amount: 9.91300
data_price_hour_rel_+07_amount: 8.05200
data_price_hour_abs_20_amount: 8.05200
data_price_hour_rel_+08_amount: 7.13900
data_price_hour_abs_21_amount: 7.13900
data_price_hour_rel_+09_amount: 6.74900
data_price_hour_abs_22_amount: 6.74900
data_price_hour_rel_+10_amount: 6.39300
data_price_hour_abs_23_amount: 6.39300