date_now: 2024-12-31 13:27:47
date_now_epoch: 1735648067463
date_now_day: 31
date_now_month: 12
date_now_year: 2024
date_start: 2024-12-31 00:00:00
date_end: 2024-12-31 23:59:59
price_low: 0.05200
price_high: 8.36700
price_median: 6.97000
price_average: 6.21025
price_current: 7.89300
price_unit: Cent/kWh
price_threshold_00: 0.05200
price_threshold_01: 0.90600
price_threshold_02: 1.57000
price_threshold_03: 3.55600
price_threshold_04: 4.59000
price_threshold_05: 5.04900
price_threshold_06: 5.64300
price_threshold_07: 5.70600
price_threshold_08: 6.37000
price_threshold_09: 6.37200
price_threshold_10: 6.39200
price_threshold_11: 6.77700
price_threshold_12: 7.16300
price_threshold_13: 7.68400
price_threshold_14: 7.76800
price_threshold_15: 7.84300
price_threshold_16: 7.89300
price_threshold_17: 8.10300
price_threshold_18: 8.11700
price_threshold_19: 8.20700
price_threshold_20: 8.24700
price_threshold_21: 8.32500
price_threshold_22: 8.34600
price_threshold_23: 8.36700
data_price_hour_rel_-13_amount: 5.04900
data_price_hour_abs_00_amount: 5.04900
data_price_hour_rel_-12_amount: 4.59000
data_price_hour_abs_01_amount: 4.59000
data_price_hour_rel_-11_amount: 5.64300
data_price_hour_abs_02_amount: 5.64300
data_price_hour_rel_-10_amount: 5.70600
data_price_hour_abs_03_amount: 5.70600
data_price_hour_rel_-09_amount: 6.39200
data_price_hour_abs_04_amount: 6.39200
data_price_hour_rel_-08_amount: 6.37200
data_price_hour_abs_05_amount: 6.37200
data_price_hour_rel_-07_amount: 6.37000
data_price_hour_abs_06_amount: 6.37000
data_price_hour_rel_-06_amount: 7.16300
data_price_hour_abs_07_amount: 7.16300
data_price_hour_rel_-05_amount: 7.84300
data_price_hour_abs_08_amount: 7.84300
data_price_hour_rel_-04_amount: 8.34600
data_price_hour_abs_09_amount: 8.34600
data_price_hour_rel_-03_amount: 8.24700
data_price_hour_abs_10_amount: 8.24700
data_price_hour_rel_-02_amount: 8.10300
data_price_hour_abs_11_amount: 8.10300
data_price_hour_rel_-01_amount: 8.11700
data_price_hour_abs_12_amount: 8.11700
data_price_hour_rel_+00_amount: 7.89300
data_price_hour_abs_13_amount: 7.89300
data_price_hour_rel_+01_amount: 7.68400
data_price_hour_abs_14_amount: 7.68400
data_price_hour_rel_+02_amount: 8.20700
data_price_hour_abs_15_amount: 8.20700
data_price_hour_rel_+03_amount: 8.36700
data_price_hour_abs_16_amount: 8.36700
data_price_hour_rel_+04_amount: 8.32500
data_price_hour_abs_17_amount: 8.32500
data_price_hour_rel_+05_amount: 7.76800
data_price_hour_abs_18_amount: 7.76800
data_price_hour_rel_+06_amount: 6.77700
data_price_hour_abs_19_amount: 6.77700
data_price_hour_rel_+07_amount: 3.55600
data_price_hour_abs_20_amount: 3.55600
data_price_hour_rel_+08_amount: 1.57000
data_price_hour_abs_21_amount: 1.57000
data_price_hour_rel_+09_amount: 0.90600
data_price_hour_abs_22_amount: 0.90600
data_price_hour_rel_+10_amount: 0.05200
data_price_hour_abs_23_amount: 0.05200