date_now: 2024-03-14 13:21:00
date_now_epoch: 1710418860778
date_now_day: 14
date_now_month: 3
date_now_year: 2024
date_start: 2024-03-14 00:00:00
date_end: 2024-03-14 23:59:59
price_low: 4.91600
price_high: 11.47700
price_median: 6.20150
price_average: 6.70617
price_current: 4.91600
price_unit: Cent/kWh
price_threshold_00: 4.91600
price_threshold_01: 5.16600
price_threshold_02: 5.23700
price_threshold_03: 5.28300
price_threshold_04: 5.28400
price_threshold_05: 5.43200
price_threshold_06: 5.69000
price_threshold_07: 5.70000
price_threshold_08: 5.75200
price_threshold_09: 5.89100
price_threshold_10: 5.96200
price_threshold_11: 6.14000
price_threshold_12: 6.26300
price_threshold_13: 6.32900
price_threshold_14: 6.40700
price_threshold_15: 6.57100
price_threshold_16: 7.32100
price_threshold_17: 7.40900
price_threshold_18: 7.50500
price_threshold_19: 8.19900
price_threshold_20: 8.80600
price_threshold_21: 9.10400
price_threshold_22: 9.10400
price_threshold_23: 11.47700
data_price_hour_rel_-13_amount: 6.32900
data_price_hour_abs_00_amount: 6.32900
data_price_hour_rel_-12_amount: 5.69000
data_price_hour_abs_01_amount: 5.69000
data_price_hour_rel_-11_amount: 5.75200
data_price_hour_abs_02_amount: 5.75200
data_price_hour_rel_-10_amount: 5.70000
data_price_hour_abs_03_amount: 5.70000
data_price_hour_rel_-09_amount: 6.14000
data_price_hour_abs_04_amount: 6.14000
data_price_hour_rel_-08_amount: 6.40700
data_price_hour_abs_05_amount: 6.40700
data_price_hour_rel_-07_amount: 7.50500
data_price_hour_abs_06_amount: 7.50500
data_price_hour_rel_-06_amount: 8.80600
data_price_hour_abs_07_amount: 8.80600
data_price_hour_rel_-05_amount: 8.19900
data_price_hour_abs_08_amount: 8.19900
data_price_hour_rel_-04_amount: 6.57100
data_price_hour_abs_09_amount: 6.57100
data_price_hour_rel_-03_amount: 5.43200
data_price_hour_abs_10_amount: 5.43200
data_price_hour_rel_-02_amount: 5.23700
data_price_hour_abs_11_amount: 5.23700
data_price_hour_rel_-01_amount: 5.28300
data_price_hour_abs_12_amount: 5.28300
data_price_hour_rel_+00_amount: 4.91600
data_price_hour_abs_13_amount: 4.91600
data_price_hour_rel_+01_amount: 5.28400
data_price_hour_abs_14_amount: 5.28400
data_price_hour_rel_+02_amount: 5.89100
data_price_hour_abs_15_amount: 5.89100
data_price_hour_rel_+03_amount: 7.32100
data_price_hour_abs_16_amount: 7.32100
data_price_hour_rel_+04_amount: 9.10400
data_price_hour_abs_17_amount: 9.10400
data_price_hour_rel_+05_amount: 11.47700
data_price_hour_abs_18_amount: 11.47700
data_price_hour_rel_+06_amount: 9.10400
data_price_hour_abs_19_amount: 9.10400
data_price_hour_rel_+07_amount: 7.40900
data_price_hour_abs_20_amount: 7.40900
data_price_hour_rel_+08_amount: 6.26300
data_price_hour_abs_21_amount: 6.26300
data_price_hour_rel_+09_amount: 5.96200
data_price_hour_abs_22_amount: 5.96200
data_price_hour_rel_+10_amount: 5.16600
data_price_hour_abs_23_amount: 5.16600