date_now: 2024-07-26 14:23:46
date_now_epoch: 1721996626713
date_now_day: 26
date_now_month: 7
date_now_year: 2024
date_start: 2024-07-26 00:00:00
date_end: 2024-07-26 23:59:59
price_low: 6.01900
price_high: 14.32500
price_median: 8.59200
price_average: 9.09454
price_current: 6.01900
price_unit: Cent/kWh
price_threshold_00: 6.01900
price_threshold_01: 6.31200
price_threshold_02: 6.81400
price_threshold_03: 7.00000
price_threshold_04: 7.28400
price_threshold_05: 7.39000
price_threshold_06: 7.91000
price_threshold_07: 8.11700
price_threshold_08: 8.13500
price_threshold_09: 8.16100
price_threshold_10: 8.32100
price_threshold_11: 8.33200
price_threshold_12: 8.85200
price_threshold_13: 9.05300
price_threshold_14: 9.43400
price_threshold_15: 9.68300
price_threshold_16: 9.79100
price_threshold_17: 9.95200
price_threshold_18: 10.41000
price_threshold_19: 10.63900
price_threshold_20: 10.77900
price_threshold_21: 11.65600
price_threshold_22: 13.90000
price_threshold_23: 14.32500
data_price_hour_rel_-14_amount: 8.33200
data_price_hour_abs_00_amount: 8.33200
data_price_hour_rel_-13_amount: 7.39000
data_price_hour_abs_01_amount: 7.39000
data_price_hour_rel_-12_amount: 7.91000
data_price_hour_abs_02_amount: 7.91000
data_price_hour_rel_-11_amount: 8.16100
data_price_hour_abs_03_amount: 8.16100
data_price_hour_rel_-10_amount: 8.11700
data_price_hour_abs_04_amount: 8.11700
data_price_hour_rel_-09_amount: 8.32100
data_price_hour_abs_05_amount: 8.32100
data_price_hour_rel_-08_amount: 9.95200
data_price_hour_abs_06_amount: 9.95200
data_price_hour_rel_-07_amount: 11.65600
data_price_hour_abs_07_amount: 11.65600
data_price_hour_rel_-06_amount: 10.41000
data_price_hour_abs_08_amount: 10.41000
data_price_hour_rel_-05_amount: 9.68300
data_price_hour_abs_09_amount: 9.68300
data_price_hour_rel_-04_amount: 9.05300
data_price_hour_abs_10_amount: 9.05300
data_price_hour_rel_-03_amount: 8.13500
data_price_hour_abs_11_amount: 8.13500
data_price_hour_rel_-02_amount: 7.00000
data_price_hour_abs_12_amount: 7.00000
data_price_hour_rel_-01_amount: 6.31200
data_price_hour_abs_13_amount: 6.31200
data_price_hour_rel_+00_amount: 6.01900
data_price_hour_abs_14_amount: 6.01900
data_price_hour_rel_+01_amount: 6.81400
data_price_hour_abs_15_amount: 6.81400
data_price_hour_rel_+02_amount: 7.28400
data_price_hour_abs_16_amount: 7.28400
data_price_hour_rel_+03_amount: 8.85200
data_price_hour_abs_17_amount: 8.85200
data_price_hour_rel_+04_amount: 9.43400
data_price_hour_abs_18_amount: 9.43400
data_price_hour_rel_+05_amount: 10.77900
data_price_hour_abs_19_amount: 10.77900
data_price_hour_rel_+06_amount: 14.32500
data_price_hour_abs_20_amount: 14.32500
data_price_hour_rel_+07_amount: 13.90000
data_price_hour_abs_21_amount: 13.90000
data_price_hour_rel_+08_amount: 10.63900
data_price_hour_abs_22_amount: 10.63900
data_price_hour_rel_+09_amount: 9.79100
data_price_hour_abs_23_amount: 9.79100