date_now: 2024-05-27 14:23:06
date_now_epoch: 1716812586170
date_now_day: 27
date_now_month: 5
date_now_year: 2024
date_start: 2024-05-27 00:00:00
date_end: 2024-05-27 23:59:59
price_low: 7.29600
price_high: 22.14600
price_median: 8.73500
price_average: 10.68817
price_current: 7.29600
price_unit: Cent/kWh
price_threshold_00: 7.29600
price_threshold_01: 7.44300
price_threshold_02: 7.44400
price_threshold_03: 7.44600
price_threshold_04: 7.50700
price_threshold_05: 7.73400
price_threshold_06: 7.77800
price_threshold_07: 7.78700
price_threshold_08: 7.83400
price_threshold_09: 8.40400
price_threshold_10: 8.46600
price_threshold_11: 8.62600
price_threshold_12: 8.84400
price_threshold_13: 10.72200
price_threshold_14: 11.10400
price_threshold_15: 11.29400
price_threshold_16: 11.37800
price_threshold_17: 12.45500
price_threshold_18: 12.87400
price_threshold_19: 13.14000
price_threshold_20: 13.14000
price_threshold_21: 16.98600
price_threshold_22: 18.66800
price_threshold_23: 22.14600
data_price_hour_rel_-14_amount: 7.83400
data_price_hour_abs_00_amount: 7.83400
data_price_hour_rel_-13_amount: 7.50700
data_price_hour_abs_01_amount: 7.50700
data_price_hour_rel_-12_amount: 7.44400
data_price_hour_abs_02_amount: 7.44400
data_price_hour_rel_-11_amount: 7.44300
data_price_hour_abs_03_amount: 7.44300
data_price_hour_rel_-10_amount: 7.78700
data_price_hour_abs_04_amount: 7.78700
data_price_hour_rel_-09_amount: 8.40400
data_price_hour_abs_05_amount: 8.40400
data_price_hour_rel_-08_amount: 11.29400
data_price_hour_abs_06_amount: 11.29400
data_price_hour_rel_-07_amount: 12.87400
data_price_hour_abs_07_amount: 12.87400
data_price_hour_rel_-06_amount: 12.45500
data_price_hour_abs_08_amount: 12.45500
data_price_hour_rel_-05_amount: 10.72200
data_price_hour_abs_09_amount: 10.72200
data_price_hour_rel_-04_amount: 8.84400
data_price_hour_abs_10_amount: 8.84400
data_price_hour_rel_-03_amount: 8.62600
data_price_hour_abs_11_amount: 8.62600
data_price_hour_rel_-02_amount: 7.73400
data_price_hour_abs_12_amount: 7.73400
data_price_hour_rel_-01_amount: 7.44600
data_price_hour_abs_13_amount: 7.44600
data_price_hour_rel_+00_amount: 7.29600
data_price_hour_abs_14_amount: 7.29600
data_price_hour_rel_+01_amount: 7.77800
data_price_hour_abs_15_amount: 7.77800
data_price_hour_rel_+02_amount: 8.46600
data_price_hour_abs_16_amount: 8.46600
data_price_hour_rel_+03_amount: 11.10400
data_price_hour_abs_17_amount: 11.10400
data_price_hour_rel_+04_amount: 13.14000
data_price_hour_abs_18_amount: 13.14000
data_price_hour_rel_+05_amount: 18.66800
data_price_hour_abs_19_amount: 18.66800
data_price_hour_rel_+06_amount: 22.14600
data_price_hour_abs_20_amount: 22.14600
data_price_hour_rel_+07_amount: 16.98600
data_price_hour_abs_21_amount: 16.98600
data_price_hour_rel_+08_amount: 13.14000
data_price_hour_abs_22_amount: 13.14000
data_price_hour_rel_+09_amount: 11.37800
data_price_hour_abs_23_amount: 11.37800