date_now: 2024-03-13 13:20:26
date_now_epoch: 1710332426552
date_now_day: 13
date_now_month: 3
date_now_year: 2024
date_start: 2024-03-13 00:00:00
date_end: 2024-03-13 23:59:59
price_low: 6.13700
price_high: 9.78000
price_median: 6.73300
price_average: 7.24563
price_current: 6.48300
price_unit: Cent/kWh
price_threshold_00: 6.13700
price_threshold_01: 6.17900
price_threshold_02: 6.23000
price_threshold_03: 6.38800
price_threshold_04: 6.39300
price_threshold_05: 6.39600
price_threshold_06: 6.40000
price_threshold_07: 6.46100
price_threshold_08: 6.48300
price_threshold_09: 6.48500
price_threshold_10: 6.68000
price_threshold_11: 6.68200
price_threshold_12: 6.78400
price_threshold_13: 6.80700
price_threshold_14: 6.81100
price_threshold_15: 7.35300
price_threshold_16: 7.69800
price_threshold_17: 7.73200
price_threshold_18: 7.77100
price_threshold_19: 8.82700
price_threshold_20: 8.99100
price_threshold_21: 8.99100
price_threshold_22: 9.43600
price_threshold_23: 9.78000
data_price_hour_rel_-13_amount: 6.39300
data_price_hour_abs_00_amount: 6.39300
data_price_hour_rel_-12_amount: 6.23000
data_price_hour_abs_01_amount: 6.23000
data_price_hour_rel_-11_amount: 6.17900
data_price_hour_abs_02_amount: 6.17900
data_price_hour_rel_-10_amount: 6.13700
data_price_hour_abs_03_amount: 6.13700
data_price_hour_rel_-09_amount: 6.40000
data_price_hour_abs_04_amount: 6.40000
data_price_hour_rel_-08_amount: 6.68000
data_price_hour_abs_05_amount: 6.68000
data_price_hour_rel_-07_amount: 7.73200
data_price_hour_abs_06_amount: 7.73200
data_price_hour_rel_-06_amount: 8.82700
data_price_hour_abs_07_amount: 8.82700
data_price_hour_rel_-05_amount: 8.99100
data_price_hour_abs_08_amount: 8.99100
data_price_hour_rel_-04_amount: 7.77100
data_price_hour_abs_09_amount: 7.77100
data_price_hour_rel_-03_amount: 6.80700
data_price_hour_abs_10_amount: 6.80700
data_price_hour_rel_-02_amount: 6.48500
data_price_hour_abs_11_amount: 6.48500
data_price_hour_rel_-01_amount: 6.46100
data_price_hour_abs_12_amount: 6.46100
data_price_hour_rel_+00_amount: 6.48300
data_price_hour_abs_13_amount: 6.48300
data_price_hour_rel_+01_amount: 6.39600
data_price_hour_abs_14_amount: 6.39600
data_price_hour_rel_+02_amount: 6.78400
data_price_hour_abs_15_amount: 6.78400
data_price_hour_rel_+03_amount: 7.35300
data_price_hour_abs_16_amount: 7.35300
data_price_hour_rel_+04_amount: 8.99100
data_price_hour_abs_17_amount: 8.99100
data_price_hour_rel_+05_amount: 9.78000
data_price_hour_abs_18_amount: 9.78000
data_price_hour_rel_+06_amount: 9.43600
data_price_hour_abs_19_amount: 9.43600
data_price_hour_rel_+07_amount: 7.69800
data_price_hour_abs_20_amount: 7.69800
data_price_hour_rel_+08_amount: 6.68200
data_price_hour_abs_21_amount: 6.68200
data_price_hour_rel_+09_amount: 6.81100
data_price_hour_abs_22_amount: 6.81100
data_price_hour_rel_+10_amount: 6.38800
data_price_hour_abs_23_amount: 6.38800