date_now: 2024-05-02 14:22:09
date_now_epoch: 1714652529448
date_now_day: 2
date_now_month: 5
date_now_year: 2024
date_start: 2024-05-02 00:00:00
date_end: 2024-05-02 23:59:59
price_low: -0.41900
price_high: 8.79600
price_median: 2.30050
price_average: 3.64192
price_current: -0.00500
price_unit: Cent/kWh
price_threshold_00: -0.41900
price_threshold_01: -0.17300
price_threshold_02: -0.13900
price_threshold_03: -0.00800
price_threshold_04: -0.00500
price_threshold_05: 0.40400
price_threshold_06: 0.51000
price_threshold_07: 0.78000
price_threshold_08: 1.00000
price_threshold_09: 1.06300
price_threshold_10: 1.09400
price_threshold_11: 1.45600
price_threshold_12: 3.14500
price_threshold_13: 3.20600
price_threshold_14: 5.51600
price_threshold_15: 6.29000
price_threshold_16: 7.10200
price_threshold_17: 7.27200
price_threshold_18: 7.82100
price_threshold_19: 7.82800
price_threshold_20: 8.12200
price_threshold_21: 8.23100
price_threshold_22: 8.51400
price_threshold_23: 8.79600
data_price_hour_rel_-14_amount: 1.45600
data_price_hour_abs_00_amount: 1.45600
data_price_hour_rel_-13_amount: 1.09400
data_price_hour_abs_01_amount: 1.09400
data_price_hour_rel_-12_amount: 1.00000
data_price_hour_abs_02_amount: 1.00000
data_price_hour_rel_-11_amount: 0.78000
data_price_hour_abs_03_amount: 0.78000
data_price_hour_rel_-10_amount: 1.06300
data_price_hour_abs_04_amount: 1.06300
data_price_hour_rel_-09_amount: 3.20600
data_price_hour_abs_05_amount: 3.20600
data_price_hour_rel_-08_amount: 7.27200
data_price_hour_abs_06_amount: 7.27200
data_price_hour_rel_-07_amount: 7.82800
data_price_hour_abs_07_amount: 7.82800
data_price_hour_rel_-06_amount: 6.29000
data_price_hour_abs_08_amount: 6.29000
data_price_hour_rel_-05_amount: 3.14500
data_price_hour_abs_09_amount: 3.14500
data_price_hour_rel_-04_amount: 0.51000
data_price_hour_abs_10_amount: 0.51000
data_price_hour_rel_-03_amount: -0.00800
data_price_hour_abs_11_amount: -0.00800
data_price_hour_rel_-02_amount: -0.17300
data_price_hour_abs_12_amount: -0.17300
data_price_hour_rel_-01_amount: -0.41900
data_price_hour_abs_13_amount: -0.41900
data_price_hour_rel_+00_amount: -0.00500
data_price_hour_abs_14_amount: -0.00500
data_price_hour_rel_+01_amount: -0.13900
data_price_hour_abs_15_amount: -0.13900
data_price_hour_rel_+02_amount: 0.40400
data_price_hour_abs_16_amount: 0.40400
data_price_hour_rel_+03_amount: 5.51600
data_price_hour_abs_17_amount: 5.51600
data_price_hour_rel_+04_amount: 8.12200
data_price_hour_abs_18_amount: 8.12200
data_price_hour_rel_+05_amount: 8.79600
data_price_hour_abs_19_amount: 8.79600
data_price_hour_rel_+06_amount: 8.51400
data_price_hour_abs_20_amount: 8.51400
data_price_hour_rel_+07_amount: 8.23100
data_price_hour_abs_21_amount: 8.23100
data_price_hour_rel_+08_amount: 7.82100
data_price_hour_abs_22_amount: 7.82100
data_price_hour_rel_+09_amount: 7.10200
data_price_hour_abs_23_amount: 7.10200