date_now: 2024-12-16 13:32:32
date_now_epoch: 1734352352519
date_now_day: 16
date_now_month: 12
date_now_year: 2024
date_start: 2024-12-16 00:00:00
date_end: 2024-12-16 23:59:59
price_low: -0.00100
price_high: 8.52200
price_median: 6.62200
price_average: 4.86708
price_current: 8.17000
price_unit: Cent/kWh
price_threshold_00: -0.00100
price_threshold_01: 0.00500
price_threshold_02: 0.00700
price_threshold_03: 0.00900
price_threshold_04: 0.01000
price_threshold_05: 0.17500
price_threshold_06: 0.77300
price_threshold_07: 1.65900
price_threshold_08: 4.44000
price_threshold_09: 4.44100
price_threshold_10: 5.93000
price_threshold_11: 6.15000
price_threshold_12: 7.09400
price_threshold_13: 7.17900
price_threshold_14: 7.20100
price_threshold_15: 7.40000
price_threshold_16: 7.54600
price_threshold_17: 7.59100
price_threshold_18: 8.01300
price_threshold_19: 8.15600
price_threshold_20: 8.17000
price_threshold_21: 8.17000
price_threshold_22: 8.17000
price_threshold_23: 8.52200
data_price_hour_rel_-13_amount: 0.00900
data_price_hour_abs_00_amount: 0.00900
data_price_hour_rel_-12_amount: 0.01000
data_price_hour_abs_01_amount: 0.01000
data_price_hour_rel_-11_amount: 0.00500
data_price_hour_abs_02_amount: 0.00500
data_price_hour_rel_-10_amount: 0.00700
data_price_hour_abs_03_amount: 0.00700
data_price_hour_rel_-09_amount: -0.00100
data_price_hour_abs_04_amount: -0.00100
data_price_hour_rel_-08_amount: 0.17500
data_price_hour_abs_05_amount: 0.17500
data_price_hour_rel_-07_amount: 0.77300
data_price_hour_abs_06_amount: 0.77300
data_price_hour_rel_-06_amount: 5.93000
data_price_hour_abs_07_amount: 5.93000
data_price_hour_rel_-05_amount: 7.17900
data_price_hour_abs_08_amount: 7.17900
data_price_hour_rel_-04_amount: 7.59100
data_price_hour_abs_09_amount: 7.59100
data_price_hour_rel_-03_amount: 7.54600
data_price_hour_abs_10_amount: 7.54600
data_price_hour_rel_-02_amount: 8.01300
data_price_hour_abs_11_amount: 8.01300
data_price_hour_rel_-01_amount: 8.52200
data_price_hour_abs_12_amount: 8.52200
data_price_hour_rel_+00_amount: 8.17000
data_price_hour_abs_13_amount: 8.17000
data_price_hour_rel_+01_amount: 8.17000
data_price_hour_abs_14_amount: 8.17000
data_price_hour_rel_+02_amount: 8.17000
data_price_hour_abs_15_amount: 8.17000
data_price_hour_rel_+03_amount: 7.40000
data_price_hour_abs_16_amount: 7.40000
data_price_hour_rel_+04_amount: 8.15600
data_price_hour_abs_17_amount: 8.15600
data_price_hour_rel_+05_amount: 7.20100
data_price_hour_abs_18_amount: 7.20100
data_price_hour_rel_+06_amount: 7.09400
data_price_hour_abs_19_amount: 7.09400
data_price_hour_rel_+07_amount: 6.15000
data_price_hour_abs_20_amount: 6.15000
data_price_hour_rel_+08_amount: 4.44100
data_price_hour_abs_21_amount: 4.44100
data_price_hour_rel_+09_amount: 4.44000
data_price_hour_abs_22_amount: 4.44000
data_price_hour_rel_+10_amount: 1.65900
data_price_hour_abs_23_amount: 1.65900