date_now: 2024-05-12 14:21:53
date_now_epoch: 1715516513373
date_now_day: 12
date_now_month: 5
date_now_year: 2024
date_start: 2024-05-12 00:00:00
date_end: 2024-05-12 23:59:59
price_low: -13.54500
price_high: 7.57400
price_median: 2.00550
price_average: 0.17813
price_current: -13.28500
price_unit: Cent/kWh
price_threshold_00: -13.54500
price_threshold_01: -13.28500
price_threshold_02: -10.00600
price_threshold_03: -8.50800
price_threshold_04: -6.96400
price_threshold_05: -3.00000
price_threshold_06: -2.50000
price_threshold_07: -0.28000
price_threshold_08: -0.13300
price_threshold_09: 0.23500
price_threshold_10: 0.47900
price_threshold_11: 1.76100
price_threshold_12: 2.25000
price_threshold_13: 3.56100
price_threshold_14: 4.12200
price_threshold_15: 4.35000
price_threshold_16: 4.45200
price_threshold_17: 4.46000
price_threshold_18: 4.63300
price_threshold_19: 5.45000
price_threshold_20: 5.82600
price_threshold_21: 6.54900
price_threshold_22: 6.79400
price_threshold_23: 7.57400
data_price_hour_rel_-14_amount: 6.54900
data_price_hour_abs_00_amount: 6.54900
data_price_hour_rel_-13_amount: 5.45000
data_price_hour_abs_01_amount: 5.45000
data_price_hour_rel_-12_amount: 4.45200
data_price_hour_abs_02_amount: 4.45200
data_price_hour_rel_-11_amount: 4.12200
data_price_hour_abs_03_amount: 4.12200
data_price_hour_rel_-10_amount: 4.63300
data_price_hour_abs_04_amount: 4.63300
data_price_hour_rel_-09_amount: 4.35000
data_price_hour_abs_05_amount: 4.35000
data_price_hour_rel_-08_amount: 1.76100
data_price_hour_abs_06_amount: 1.76100
data_price_hour_rel_-07_amount: 0.47900
data_price_hour_abs_07_amount: 0.47900
data_price_hour_rel_-06_amount: 0.23500
data_price_hour_abs_08_amount: 0.23500
data_price_hour_rel_-05_amount: -0.28000
data_price_hour_abs_09_amount: -0.28000
data_price_hour_rel_-04_amount: -2.50000
data_price_hour_abs_10_amount: -2.50000
data_price_hour_rel_-03_amount: -6.96400
data_price_hour_abs_11_amount: -6.96400
data_price_hour_rel_-02_amount: -10.00600
data_price_hour_abs_12_amount: -10.00600
data_price_hour_rel_-01_amount: -13.54500
data_price_hour_abs_13_amount: -13.54500
data_price_hour_rel_+00_amount: -13.28500
data_price_hour_abs_14_amount: -13.28500
data_price_hour_rel_+01_amount: -8.50800
data_price_hour_abs_15_amount: -8.50800
data_price_hour_rel_+02_amount: -3.00000
data_price_hour_abs_16_amount: -3.00000
data_price_hour_rel_+03_amount: -0.13300
data_price_hour_abs_17_amount: -0.13300
data_price_hour_rel_+04_amount: 2.25000
data_price_hour_abs_18_amount: 2.25000
data_price_hour_rel_+05_amount: 6.79400
data_price_hour_abs_19_amount: 6.79400
data_price_hour_rel_+06_amount: 7.57400
data_price_hour_abs_20_amount: 7.57400
data_price_hour_rel_+07_amount: 5.82600
data_price_hour_abs_21_amount: 5.82600
data_price_hour_rel_+08_amount: 4.46000
data_price_hour_abs_22_amount: 4.46000
data_price_hour_rel_+09_amount: 3.56100
data_price_hour_abs_23_amount: 3.56100