date_now: 2024-03-07 13:20:02
date_now_epoch: 1709814002250
date_now_day: 7
date_now_month: 3
date_now_year: 2024
date_start: 2024-03-07 00:00:00
date_end: 2024-03-07 23:59:59
price_low: 6.02600
price_high: 10.57100
price_median: 7.27250
price_average: 7.63242
price_current: 6.02600
price_unit: Cent/kWh
price_threshold_00: 6.02600
price_threshold_01: 6.16900
price_threshold_02: 6.33300
price_threshold_03: 6.60400
price_threshold_04: 6.61600
price_threshold_05: 6.77200
price_threshold_06: 6.87100
price_threshold_07: 6.98900
price_threshold_08: 6.99200
price_threshold_09: 7.03400
price_threshold_10: 7.13100
price_threshold_11: 7.23200
price_threshold_12: 7.31300
price_threshold_13: 7.33200
price_threshold_14: 7.33300
price_threshold_15: 7.33500
price_threshold_16: 7.90900
price_threshold_17: 8.24900
price_threshold_18: 8.42700
price_threshold_19: 8.92000
price_threshold_20: 9.03000
price_threshold_21: 9.67000
price_threshold_22: 10.32000
price_threshold_23: 10.57100
data_price_hour_rel_-13_amount: 7.33300
data_price_hour_abs_00_amount: 7.33300
data_price_hour_rel_-12_amount: 7.23200
data_price_hour_abs_01_amount: 7.23200
data_price_hour_rel_-11_amount: 7.03400
data_price_hour_abs_02_amount: 7.03400
data_price_hour_rel_-10_amount: 6.87100
data_price_hour_abs_03_amount: 6.87100
data_price_hour_rel_-09_amount: 6.98900
data_price_hour_abs_04_amount: 6.98900
data_price_hour_rel_-08_amount: 7.31300
data_price_hour_abs_05_amount: 7.31300
data_price_hour_rel_-07_amount: 8.42700
data_price_hour_abs_06_amount: 8.42700
data_price_hour_rel_-06_amount: 10.32000
data_price_hour_abs_07_amount: 10.32000
data_price_hour_rel_-05_amount: 9.67000
data_price_hour_abs_08_amount: 9.67000
data_price_hour_rel_-04_amount: 7.90900
data_price_hour_abs_09_amount: 7.90900
data_price_hour_rel_-03_amount: 7.13100
data_price_hour_abs_10_amount: 7.13100
data_price_hour_rel_-02_amount: 6.61600
data_price_hour_abs_11_amount: 6.61600
data_price_hour_rel_-01_amount: 6.16900
data_price_hour_abs_12_amount: 6.16900
data_price_hour_rel_+00_amount: 6.02600
data_price_hour_abs_13_amount: 6.02600
data_price_hour_rel_+01_amount: 6.33300
data_price_hour_abs_14_amount: 6.33300
data_price_hour_rel_+02_amount: 6.60400
data_price_hour_abs_15_amount: 6.60400
data_price_hour_rel_+03_amount: 6.99200
data_price_hour_abs_16_amount: 6.99200
data_price_hour_rel_+04_amount: 8.92000
data_price_hour_abs_17_amount: 8.92000
data_price_hour_rel_+05_amount: 10.57100
data_price_hour_abs_18_amount: 10.57100
data_price_hour_rel_+06_amount: 9.03000
data_price_hour_abs_19_amount: 9.03000
data_price_hour_rel_+07_amount: 8.24900
data_price_hour_abs_20_amount: 8.24900
data_price_hour_rel_+08_amount: 7.33500
data_price_hour_abs_21_amount: 7.33500
data_price_hour_rel_+09_amount: 7.33200
data_price_hour_abs_22_amount: 7.33200
data_price_hour_rel_+10_amount: 6.77200
data_price_hour_abs_23_amount: 6.77200