date_now: 2024-09-19 14:27:33
date_now_epoch: 1726748853652
date_now_day: 19
date_now_month: 9
date_now_year: 2024
date_start: 2024-09-19 00:00:00
date_end: 2024-09-19 23:59:59
price_low: -0.00900
price_high: 14.32400
price_median: 7.90650
price_average: 7.78687
price_current: -0.00900
price_unit: Cent/kWh
price_threshold_00: -0.00900
price_threshold_01: -0.00600
price_threshold_02: 0.49700
price_threshold_03: 1.09100
price_threshold_04: 5.04100
price_threshold_05: 5.85500
price_threshold_06: 7.48100
price_threshold_07: 7.64000
price_threshold_08: 7.73500
price_threshold_09: 7.75300
price_threshold_10: 7.80300
price_threshold_11: 7.88700
price_threshold_12: 7.92600
price_threshold_13: 8.89700
price_threshold_14: 8.99900
price_threshold_15: 9.10500
price_threshold_16: 9.11000
price_threshold_17: 9.76400
price_threshold_18: 11.34700
price_threshold_19: 11.35000
price_threshold_20: 11.45300
price_threshold_21: 12.41200
price_threshold_22: 13.43000
price_threshold_23: 14.32400
data_price_hour_rel_-14_amount: 7.64000
data_price_hour_abs_00_amount: 7.64000
data_price_hour_rel_-13_amount: 7.75300
data_price_hour_abs_01_amount: 7.75300
data_price_hour_rel_-12_amount: 7.80300
data_price_hour_abs_02_amount: 7.80300
data_price_hour_rel_-11_amount: 7.73500
data_price_hour_abs_03_amount: 7.73500
data_price_hour_rel_-10_amount: 7.92600
data_price_hour_abs_04_amount: 7.92600
data_price_hour_rel_-09_amount: 8.99900
data_price_hour_abs_05_amount: 8.99900
data_price_hour_rel_-08_amount: 11.34700
data_price_hour_abs_06_amount: 11.34700
data_price_hour_rel_-07_amount: 14.32400
data_price_hour_abs_07_amount: 14.32400
data_price_hour_rel_-06_amount: 12.41200
data_price_hour_abs_08_amount: 12.41200
data_price_hour_rel_-05_amount: 9.76400
data_price_hour_abs_09_amount: 9.76400
data_price_hour_rel_-04_amount: 7.48100
data_price_hour_abs_10_amount: 7.48100
data_price_hour_rel_-03_amount: 5.04100
data_price_hour_abs_11_amount: 5.04100
data_price_hour_rel_-02_amount: 0.49700
data_price_hour_abs_12_amount: 0.49700
data_price_hour_rel_-01_amount: -0.00600
data_price_hour_abs_13_amount: -0.00600
data_price_hour_rel_+00_amount: -0.00900
data_price_hour_abs_14_amount: -0.00900
data_price_hour_rel_+01_amount: 1.09100
data_price_hour_abs_15_amount: 1.09100
data_price_hour_rel_+02_amount: 5.85500
data_price_hour_abs_16_amount: 5.85500
data_price_hour_rel_+03_amount: 9.10500
data_price_hour_abs_17_amount: 9.10500
data_price_hour_rel_+04_amount: 11.45300
data_price_hour_abs_18_amount: 11.45300
data_price_hour_rel_+05_amount: 13.43000
data_price_hour_abs_19_amount: 13.43000
data_price_hour_rel_+06_amount: 11.35000
data_price_hour_abs_20_amount: 11.35000
data_price_hour_rel_+07_amount: 9.11000
data_price_hour_abs_21_amount: 9.11000
data_price_hour_rel_+08_amount: 8.89700
data_price_hour_abs_22_amount: 8.89700
data_price_hour_rel_+09_amount: 7.88700
data_price_hour_abs_23_amount: 7.88700