date_now: 2024-11-09 13:24:52
date_now_epoch: 1731155092265
date_now_day: 9
date_now_month: 11
date_now_year: 2024
date_start: 2024-11-09 00:00:00
date_end: 2024-11-09 23:59:59
price_low: 9.66800
price_high: 14.78000
price_median: 11.00350
price_average: 11.44742
price_current: 10.80000
price_unit: Cent/kWh
price_threshold_00: 9.66800
price_threshold_01: 9.80000
price_threshold_02: 9.84100
price_threshold_03: 9.99600
price_threshold_04: 10.06900
price_threshold_05: 10.43100
price_threshold_06: 10.51000
price_threshold_07: 10.64000
price_threshold_08: 10.68800
price_threshold_09: 10.80000
price_threshold_10: 10.98700
price_threshold_11: 10.99700
price_threshold_12: 11.01000
price_threshold_13: 11.01800
price_threshold_14: 11.41000
price_threshold_15: 11.45300
price_threshold_16: 11.46000
price_threshold_17: 11.79600
price_threshold_18: 12.14600
price_threshold_19: 12.83200
price_threshold_20: 13.72300
price_threshold_21: 13.99000
price_threshold_22: 14.69300
price_threshold_23: 14.78000
data_price_hour_rel_-13_amount: 10.51000
data_price_hour_abs_00_amount: 10.51000
data_price_hour_rel_-12_amount: 9.99600
data_price_hour_abs_01_amount: 9.99600
data_price_hour_rel_-11_amount: 9.80000
data_price_hour_abs_02_amount: 9.80000
data_price_hour_rel_-10_amount: 9.66800
data_price_hour_abs_03_amount: 9.66800
data_price_hour_rel_-09_amount: 9.84100
data_price_hour_abs_04_amount: 9.84100
data_price_hour_rel_-08_amount: 10.06900
data_price_hour_abs_05_amount: 10.06900
data_price_hour_rel_-07_amount: 10.43100
data_price_hour_abs_06_amount: 10.43100
data_price_hour_rel_-06_amount: 10.98700
data_price_hour_abs_07_amount: 10.98700
data_price_hour_rel_-05_amount: 11.41000
data_price_hour_abs_08_amount: 11.41000
data_price_hour_rel_-04_amount: 11.46000
data_price_hour_abs_09_amount: 11.46000
data_price_hour_rel_-03_amount: 10.99700
data_price_hour_abs_10_amount: 10.99700
data_price_hour_rel_-02_amount: 10.64000
data_price_hour_abs_11_amount: 10.64000
data_price_hour_rel_-01_amount: 10.68800
data_price_hour_abs_12_amount: 10.68800
data_price_hour_rel_+00_amount: 10.80000
data_price_hour_abs_13_amount: 10.80000
data_price_hour_rel_+01_amount: 11.01800
data_price_hour_abs_14_amount: 11.01800
data_price_hour_rel_+02_amount: 12.14600
data_price_hour_abs_15_amount: 12.14600
data_price_hour_rel_+03_amount: 13.72300
data_price_hour_abs_16_amount: 13.72300
data_price_hour_rel_+04_amount: 14.69300
data_price_hour_abs_17_amount: 14.69300
data_price_hour_rel_+05_amount: 14.78000
data_price_hour_abs_18_amount: 14.78000
data_price_hour_rel_+06_amount: 13.99000
data_price_hour_abs_19_amount: 13.99000
data_price_hour_rel_+07_amount: 12.83200
data_price_hour_abs_20_amount: 12.83200
data_price_hour_rel_+08_amount: 11.79600
data_price_hour_abs_21_amount: 11.79600
data_price_hour_rel_+09_amount: 11.45300
data_price_hour_abs_22_amount: 11.45300
data_price_hour_rel_+10_amount: 11.01000
data_price_hour_abs_23_amount: 11.01000