date_now: 2024-12-06 13:30:51
date_now_epoch: 1733488251052
date_now_day: 6
date_now_month: 12
date_now_year: 2024
date_start: 2024-12-06 00:00:00
date_end: 2024-12-06 23:59:59
price_low: 0.23100
price_high: 15.10700
price_median: 10.31100
price_average: 8.63746
price_current: 10.07000
price_unit: Cent/kWh
price_threshold_00: 0.23100
price_threshold_01: 0.29900
price_threshold_02: 0.38700
price_threshold_03: 0.46000
price_threshold_04: 1.03500
price_threshold_05: 1.06400
price_threshold_06: 6.34900
price_threshold_07: 9.19000
price_threshold_08: 9.27100
price_threshold_09: 9.83700
price_threshold_10: 10.07000
price_threshold_11: 10.21400
price_threshold_12: 10.40800
price_threshold_13: 10.90000
price_threshold_14: 11.01600
price_threshold_15: 11.01700
price_threshold_16: 11.69200
price_threshold_17: 11.94200
price_threshold_18: 12.10800
price_threshold_19: 13.00000
price_threshold_20: 13.15500
price_threshold_21: 14.24800
price_threshold_22: 14.29900
price_threshold_23: 15.10700
data_price_hour_rel_-13_amount: 1.06400
data_price_hour_abs_00_amount: 1.06400
data_price_hour_rel_-12_amount: 0.46000
data_price_hour_abs_01_amount: 0.46000
data_price_hour_rel_-11_amount: 0.38700
data_price_hour_abs_02_amount: 0.38700
data_price_hour_rel_-10_amount: 0.23100
data_price_hour_abs_03_amount: 0.23100
data_price_hour_rel_-09_amount: 0.29900
data_price_hour_abs_04_amount: 0.29900
data_price_hour_rel_-08_amount: 1.03500
data_price_hour_abs_05_amount: 1.03500
data_price_hour_rel_-07_amount: 6.34900
data_price_hour_abs_06_amount: 6.34900
data_price_hour_rel_-06_amount: 9.27100
data_price_hour_abs_07_amount: 9.27100
data_price_hour_rel_-05_amount: 11.01700
data_price_hour_abs_08_amount: 11.01700
data_price_hour_rel_-04_amount: 11.01600
data_price_hour_abs_09_amount: 11.01600
data_price_hour_rel_-03_amount: 10.40800
data_price_hour_abs_10_amount: 10.40800
data_price_hour_rel_-02_amount: 9.83700
data_price_hour_abs_11_amount: 9.83700
data_price_hour_rel_-01_amount: 9.19000
data_price_hour_abs_12_amount: 9.19000
data_price_hour_rel_+00_amount: 10.07000
data_price_hour_abs_13_amount: 10.07000
data_price_hour_rel_+01_amount: 10.90000
data_price_hour_abs_14_amount: 10.90000
data_price_hour_rel_+02_amount: 11.69200
data_price_hour_abs_15_amount: 11.69200
data_price_hour_rel_+03_amount: 13.15500
data_price_hour_abs_16_amount: 13.15500
data_price_hour_rel_+04_amount: 14.29900
data_price_hour_abs_17_amount: 14.29900
data_price_hour_rel_+05_amount: 15.10700
data_price_hour_abs_18_amount: 15.10700
data_price_hour_rel_+06_amount: 14.24800
data_price_hour_abs_19_amount: 14.24800
data_price_hour_rel_+07_amount: 13.00000
data_price_hour_abs_20_amount: 13.00000
data_price_hour_rel_+08_amount: 11.94200
data_price_hour_abs_21_amount: 11.94200
data_price_hour_rel_+09_amount: 12.10800
data_price_hour_abs_22_amount: 12.10800
data_price_hour_rel_+10_amount: 10.21400
data_price_hour_abs_23_amount: 10.21400