date_now: 2024-11-22 13:29:40
date_now_epoch: 1732278580999
date_now_day: 22
date_now_month: 11
date_now_year: 2024
date_start: 2024-11-22 00:00:00
date_end: 2024-11-22 23:59:59
price_low: 7.70000
price_high: 14.40800
price_median: 10.62950
price_average: 11.13042
price_current: 9.52300
price_unit: Cent/kWh
price_threshold_00: 7.70000
price_threshold_01: 8.86500
price_threshold_02: 9.13700
price_threshold_03: 9.21600
price_threshold_04: 9.32500
price_threshold_05: 9.52300
price_threshold_06: 9.61800
price_threshold_07: 9.78500
price_threshold_08: 10.51400
price_threshold_09: 10.62100
price_threshold_10: 10.62100
price_threshold_11: 10.62400
price_threshold_12: 10.63500
price_threshold_13: 11.12100
price_threshold_14: 11.61200
price_threshold_15: 11.68400
price_threshold_16: 11.70600
price_threshold_17: 12.84400
price_threshold_18: 12.88000
price_threshold_19: 13.42800
price_threshold_20: 13.53000
price_threshold_21: 13.57500
price_threshold_22: 14.15800
price_threshold_23: 14.40800
data_price_hour_rel_-13_amount: 11.61200
data_price_hour_abs_00_amount: 11.61200
data_price_hour_rel_-12_amount: 10.62100
data_price_hour_abs_01_amount: 10.62100
data_price_hour_rel_-11_amount: 9.78500
data_price_hour_abs_02_amount: 9.78500
data_price_hour_rel_-10_amount: 9.13700
data_price_hour_abs_03_amount: 9.13700
data_price_hour_rel_-09_amount: 8.86500
data_price_hour_abs_04_amount: 8.86500
data_price_hour_rel_-08_amount: 9.21600
data_price_hour_abs_05_amount: 9.21600
data_price_hour_rel_-07_amount: 11.70600
data_price_hour_abs_06_amount: 11.70600
data_price_hour_rel_-06_amount: 13.53000
data_price_hour_abs_07_amount: 13.53000
data_price_hour_rel_-05_amount: 14.40800
data_price_hour_abs_08_amount: 14.40800
data_price_hour_rel_-04_amount: 14.15800
data_price_hour_abs_09_amount: 14.15800
data_price_hour_rel_-03_amount: 13.57500
data_price_hour_abs_10_amount: 13.57500
data_price_hour_rel_-02_amount: 11.68400
data_price_hour_abs_11_amount: 11.68400
data_price_hour_rel_-01_amount: 10.51400
data_price_hour_abs_12_amount: 10.51400
data_price_hour_rel_+00_amount: 9.52300
data_price_hour_abs_13_amount: 9.52300
data_price_hour_rel_+01_amount: 9.61800
data_price_hour_abs_14_amount: 9.61800
data_price_hour_rel_+02_amount: 10.62400
data_price_hour_abs_15_amount: 10.62400
data_price_hour_rel_+03_amount: 11.12100
data_price_hour_abs_16_amount: 11.12100
data_price_hour_rel_+04_amount: 12.84400
data_price_hour_abs_17_amount: 12.84400
data_price_hour_rel_+05_amount: 13.42800
data_price_hour_abs_18_amount: 13.42800
data_price_hour_rel_+06_amount: 12.88000
data_price_hour_abs_19_amount: 12.88000
data_price_hour_rel_+07_amount: 10.62100
data_price_hour_abs_20_amount: 10.62100
data_price_hour_rel_+08_amount: 10.63500
data_price_hour_abs_21_amount: 10.63500
data_price_hour_rel_+09_amount: 9.32500
data_price_hour_abs_22_amount: 9.32500
data_price_hour_rel_+10_amount: 7.70000
data_price_hour_abs_23_amount: 7.70000