date_now: 2024-09-13 14:26:09
date_now_epoch: 1726230369325
date_now_day: 13
date_now_month: 9
date_now_year: 2024
date_start: 2024-09-13 00:00:00
date_end: 2024-09-13 23:59:59
price_low: 6.09900
price_high: 13.22400
price_median: 8.82350
price_average: 9.08129
price_current: 6.69600
price_unit: Cent/kWh
price_threshold_00: 6.09900
price_threshold_01: 6.69600
price_threshold_02: 7.22000
price_threshold_03: 7.43000
price_threshold_04: 7.75000
price_threshold_05: 7.93000
price_threshold_06: 7.98500
price_threshold_07: 8.45700
price_threshold_08: 8.46300
price_threshold_09: 8.67600
price_threshold_10: 8.73100
price_threshold_11: 8.79200
price_threshold_12: 8.85500
price_threshold_13: 9.15200
price_threshold_14: 9.42500
price_threshold_15: 9.49900
price_threshold_16: 9.64700
price_threshold_17: 9.99700
price_threshold_18: 10.00000
price_threshold_19: 10.04900
price_threshold_20: 10.25400
price_threshold_21: 11.62400
price_threshold_22: 11.99600
price_threshold_23: 13.22400
data_price_hour_rel_-14_amount: 9.99700
data_price_hour_abs_00_amount: 9.99700
data_price_hour_rel_-13_amount: 9.15200
data_price_hour_abs_01_amount: 9.15200
data_price_hour_rel_-12_amount: 8.73100
data_price_hour_abs_02_amount: 8.73100
data_price_hour_rel_-11_amount: 8.67600
data_price_hour_abs_03_amount: 8.67600
data_price_hour_rel_-10_amount: 8.46300
data_price_hour_abs_04_amount: 8.46300
data_price_hour_rel_-09_amount: 8.79200
data_price_hour_abs_05_amount: 8.79200
data_price_hour_rel_-08_amount: 10.04900
data_price_hour_abs_06_amount: 10.04900
data_price_hour_rel_-07_amount: 11.99600
data_price_hour_abs_07_amount: 11.99600
data_price_hour_rel_-06_amount: 13.22400
data_price_hour_abs_08_amount: 13.22400
data_price_hour_rel_-05_amount: 11.62400
data_price_hour_abs_09_amount: 11.62400
data_price_hour_rel_-04_amount: 10.25400
data_price_hour_abs_10_amount: 10.25400
data_price_hour_rel_-03_amount: 9.49900
data_price_hour_abs_11_amount: 9.49900
data_price_hour_rel_-02_amount: 8.85500
data_price_hour_abs_12_amount: 8.85500
data_price_hour_rel_-01_amount: 7.75000
data_price_hour_abs_13_amount: 7.75000
data_price_hour_rel_+00_amount: 6.69600
data_price_hour_abs_14_amount: 6.69600
data_price_hour_rel_+01_amount: 7.22000
data_price_hour_abs_15_amount: 7.22000
data_price_hour_rel_+02_amount: 7.43000
data_price_hour_abs_16_amount: 7.43000
data_price_hour_rel_+03_amount: 7.98500
data_price_hour_abs_17_amount: 7.98500
data_price_hour_rel_+04_amount: 9.64700
data_price_hour_abs_18_amount: 9.64700
data_price_hour_rel_+05_amount: 10.00000
data_price_hour_abs_19_amount: 10.00000
data_price_hour_rel_+06_amount: 9.42500
data_price_hour_abs_20_amount: 9.42500
data_price_hour_rel_+07_amount: 8.45700
data_price_hour_abs_21_amount: 8.45700
data_price_hour_rel_+08_amount: 7.93000
data_price_hour_abs_22_amount: 7.93000
data_price_hour_rel_+09_amount: 6.09900
data_price_hour_abs_23_amount: 6.09900