date_now: 2024-01-26 13:19:34
date_now_epoch: 1706271574346
date_now_day: 26
date_now_month: 1
date_now_year: 2024
date_start: 2024-01-26 00:00:00
date_end: 2024-01-26 23:59:59
price_low: 4.64700
price_high: 7.65900
price_median: 5.89600
price_average: 5.92254
price_current: 4.64700
price_unit: Cent/kWh
price_threshold_00: 4.64700
price_threshold_01: 4.92800
price_threshold_02: 5.01100
price_threshold_03: 5.21600
price_threshold_04: 5.22800
price_threshold_05: 5.27400
price_threshold_06: 5.70700
price_threshold_07: 5.70800
price_threshold_08: 5.77300
price_threshold_09: 5.84900
price_threshold_10: 5.87500
price_threshold_11: 5.87800
price_threshold_12: 5.91400
price_threshold_13: 5.93700
price_threshold_14: 5.95800
price_threshold_15: 6.07000
price_threshold_16: 6.16100
price_threshold_17: 6.20000
price_threshold_18: 6.20200
price_threshold_19: 6.28000
price_threshold_20: 6.49600
price_threshold_21: 7.05800
price_threshold_22: 7.11200
price_threshold_23: 7.65900
data_price_hour_rel_-13_amount: 6.28000
data_price_hour_abs_00_amount: 6.28000
data_price_hour_rel_-12_amount: 6.20000
data_price_hour_abs_01_amount: 6.20000
data_price_hour_rel_-11_amount: 5.84900
data_price_hour_abs_02_amount: 5.84900
data_price_hour_rel_-10_amount: 5.77300
data_price_hour_abs_03_amount: 5.77300
data_price_hour_rel_-09_amount: 5.70700
data_price_hour_abs_04_amount: 5.70700
data_price_hour_rel_-08_amount: 5.21600
data_price_hour_abs_05_amount: 5.21600
data_price_hour_rel_-07_amount: 5.93700
data_price_hour_abs_06_amount: 5.93700
data_price_hour_rel_-06_amount: 7.11200
data_price_hour_abs_07_amount: 7.11200
data_price_hour_rel_-05_amount: 7.65900
data_price_hour_abs_08_amount: 7.65900
data_price_hour_rel_-04_amount: 7.05800
data_price_hour_abs_09_amount: 7.05800
data_price_hour_rel_-03_amount: 6.16100
data_price_hour_abs_10_amount: 6.16100
data_price_hour_rel_-02_amount: 5.91400
data_price_hour_abs_11_amount: 5.91400
data_price_hour_rel_-01_amount: 5.22800
data_price_hour_abs_12_amount: 5.22800
data_price_hour_rel_+00_amount: 4.64700
data_price_hour_abs_13_amount: 4.64700
data_price_hour_rel_+01_amount: 4.92800
data_price_hour_abs_14_amount: 4.92800
data_price_hour_rel_+02_amount: 5.01100
data_price_hour_abs_15_amount: 5.01100
data_price_hour_rel_+03_amount: 5.27400
data_price_hour_abs_16_amount: 5.27400
data_price_hour_rel_+04_amount: 6.07000
data_price_hour_abs_17_amount: 6.07000
data_price_hour_rel_+05_amount: 5.87500
data_price_hour_abs_18_amount: 5.87500
data_price_hour_rel_+06_amount: 6.49600
data_price_hour_abs_19_amount: 6.49600
data_price_hour_rel_+07_amount: 5.87800
data_price_hour_abs_20_amount: 5.87800
data_price_hour_rel_+08_amount: 6.20200
data_price_hour_abs_21_amount: 6.20200
data_price_hour_rel_+09_amount: 5.95800
data_price_hour_abs_22_amount: 5.95800
data_price_hour_rel_+10_amount: 5.70800
data_price_hour_abs_23_amount: 5.70800