date_now: 2024-11-25 13:30:46
date_now_epoch: 1732537846376
date_now_day: 25
date_now_month: 11
date_now_year: 2024
date_start: 2024-11-25 00:00:00
date_end: 2024-11-25 23:59:59
price_low: -0.18600
price_high: 12.80000
price_median: 6.18650
price_average: 5.50146
price_current: 5.71600
price_unit: Cent/kWh
price_threshold_00: -0.18600
price_threshold_01: -0.15900
price_threshold_02: -0.14200
price_threshold_03: -0.14200
price_threshold_04: -0.12500
price_threshold_05: -0.02800
price_threshold_06: 0.00900
price_threshold_07: 4.00000
price_threshold_08: 4.13700
price_threshold_09: 4.25500
price_threshold_10: 5.43800
price_threshold_11: 5.71600
price_threshold_12: 6.65700
price_threshold_13: 6.79700
price_threshold_14: 6.91700
price_threshold_15: 7.70100
price_threshold_16: 8.12600
price_threshold_17: 8.62600
price_threshold_18: 9.25800
price_threshold_19: 9.47300
price_threshold_20: 9.49900
price_threshold_21: 11.60800
price_threshold_22: 11.80000
price_threshold_23: 12.80000
data_price_hour_rel_-13_amount: -0.12500
data_price_hour_abs_00_amount: -0.12500
data_price_hour_rel_-12_amount: -0.15900
data_price_hour_abs_01_amount: -0.15900
data_price_hour_rel_-11_amount: -0.14200
data_price_hour_abs_02_amount: -0.14200
data_price_hour_rel_-10_amount: -0.18600
data_price_hour_abs_03_amount: -0.18600
data_price_hour_rel_-09_amount: -0.14200
data_price_hour_abs_04_amount: -0.14200
data_price_hour_rel_-08_amount: -0.02800
data_price_hour_abs_05_amount: -0.02800
data_price_hour_rel_-07_amount: 0.00900
data_price_hour_abs_06_amount: 0.00900
data_price_hour_rel_-06_amount: 5.43800
data_price_hour_abs_07_amount: 5.43800
data_price_hour_rel_-05_amount: 7.70100
data_price_hour_abs_08_amount: 7.70100
data_price_hour_rel_-04_amount: 6.65700
data_price_hour_abs_09_amount: 6.65700
data_price_hour_rel_-03_amount: 4.25500
data_price_hour_abs_10_amount: 4.25500
data_price_hour_rel_-02_amount: 4.13700
data_price_hour_abs_11_amount: 4.13700
data_price_hour_rel_-01_amount: 4.00000
data_price_hour_abs_12_amount: 4.00000
data_price_hour_rel_+00_amount: 5.71600
data_price_hour_abs_13_amount: 5.71600
data_price_hour_rel_+01_amount: 6.79700
data_price_hour_abs_14_amount: 6.79700
data_price_hour_rel_+02_amount: 9.49900
data_price_hour_abs_15_amount: 9.49900
data_price_hour_rel_+03_amount: 9.25800
data_price_hour_abs_16_amount: 9.25800
data_price_hour_rel_+04_amount: 11.60800
data_price_hour_abs_17_amount: 11.60800
data_price_hour_rel_+05_amount: 12.80000
data_price_hour_abs_18_amount: 12.80000
data_price_hour_rel_+06_amount: 11.80000
data_price_hour_abs_19_amount: 11.80000
data_price_hour_rel_+07_amount: 9.47300
data_price_hour_abs_20_amount: 9.47300
data_price_hour_rel_+08_amount: 8.12600
data_price_hour_abs_21_amount: 8.12600
data_price_hour_rel_+09_amount: 8.62600
data_price_hour_abs_22_amount: 8.62600
data_price_hour_rel_+10_amount: 6.91700
data_price_hour_abs_23_amount: 6.91700