date_now: 2024-05-28 14:22:52
date_now_epoch: 1716898972104
date_now_day: 28
date_now_month: 5
date_now_year: 2024
date_start: 2024-05-28 00:00:00
date_end: 2024-05-28 23:59:59
price_low: 5.52500
price_high: 14.43100
price_median: 8.78400
price_average: 9.07517
price_current: 5.52700
price_unit: Cent/kWh
price_threshold_00: 5.52500
price_threshold_01: 5.52700
price_threshold_02: 6.11000
price_threshold_03: 6.56600
price_threshold_04: 6.91700
price_threshold_05: 7.25200
price_threshold_06: 7.25200
price_threshold_07: 8.39600
price_threshold_08: 8.52200
price_threshold_09: 8.54300
price_threshold_10: 8.58000
price_threshold_11: 8.76400
price_threshold_12: 8.80400
price_threshold_13: 8.87800
price_threshold_14: 9.05000
price_threshold_15: 9.77800
price_threshold_16: 10.00900
price_threshold_17: 10.22300
price_threshold_18: 10.22800
price_threshold_19: 11.03400
price_threshold_20: 12.01000
price_threshold_21: 12.40000
price_threshold_22: 13.00500
price_threshold_23: 14.43100
data_price_hour_rel_-14_amount: 9.77800
data_price_hour_abs_00_amount: 9.77800
data_price_hour_rel_-13_amount: 9.05000
data_price_hour_abs_01_amount: 9.05000
data_price_hour_rel_-12_amount: 8.76400
data_price_hour_abs_02_amount: 8.76400
data_price_hour_rel_-11_amount: 8.52200
data_price_hour_abs_03_amount: 8.52200
data_price_hour_rel_-10_amount: 8.39600
data_price_hour_abs_04_amount: 8.39600
data_price_hour_rel_-09_amount: 8.80400
data_price_hour_abs_05_amount: 8.80400
data_price_hour_rel_-08_amount: 11.03400
data_price_hour_abs_06_amount: 11.03400
data_price_hour_rel_-07_amount: 12.01000
data_price_hour_abs_07_amount: 12.01000
data_price_hour_rel_-06_amount: 10.22300
data_price_hour_abs_08_amount: 10.22300
data_price_hour_rel_-05_amount: 8.54300
data_price_hour_abs_09_amount: 8.54300
data_price_hour_rel_-04_amount: 7.25200
data_price_hour_abs_10_amount: 7.25200
data_price_hour_rel_-03_amount: 6.91700
data_price_hour_abs_11_amount: 6.91700
data_price_hour_rel_-02_amount: 6.11000
data_price_hour_abs_12_amount: 6.11000
data_price_hour_rel_-01_amount: 5.52500
data_price_hour_abs_13_amount: 5.52500
data_price_hour_rel_+00_amount: 5.52700
data_price_hour_abs_14_amount: 5.52700
data_price_hour_rel_+01_amount: 6.56600
data_price_hour_abs_15_amount: 6.56600
data_price_hour_rel_+02_amount: 7.25200
data_price_hour_abs_16_amount: 7.25200
data_price_hour_rel_+03_amount: 8.58000
data_price_hour_abs_17_amount: 8.58000
data_price_hour_rel_+04_amount: 10.22800
data_price_hour_abs_18_amount: 10.22800
data_price_hour_rel_+05_amount: 13.00500
data_price_hour_abs_19_amount: 13.00500
data_price_hour_rel_+06_amount: 14.43100
data_price_hour_abs_20_amount: 14.43100
data_price_hour_rel_+07_amount: 12.40000
data_price_hour_abs_21_amount: 12.40000
data_price_hour_rel_+08_amount: 10.00900
data_price_hour_abs_22_amount: 10.00900
data_price_hour_rel_+09_amount: 8.87800
data_price_hour_abs_23_amount: 8.87800