date_now: 2024-02-02 13:19:33
date_now_epoch: 1706876373065
date_now_day: 2
date_now_month: 2
date_now_year: 2024
date_start: 2024-02-02 00:00:00
date_end: 2024-02-02 23:59:59
price_low: 3.60500
price_high: 8.93200
price_median: 5.82500
price_average: 6.16613
price_current: 5.65200
price_unit: Cent/kWh
price_threshold_00: 3.60500
price_threshold_01: 4.60300
price_threshold_02: 4.96800
price_threshold_03: 5.27300
price_threshold_04: 5.30900
price_threshold_05: 5.32300
price_threshold_06: 5.46900
price_threshold_07: 5.48300
price_threshold_08: 5.50600
price_threshold_09: 5.50700
price_threshold_10: 5.65200
price_threshold_11: 5.80000
price_threshold_12: 5.85000
price_threshold_13: 5.99400
price_threshold_14: 6.33400
price_threshold_15: 6.42700
price_threshold_16: 6.48000
price_threshold_17: 6.69400
price_threshold_18: 6.89700
price_threshold_19: 7.51500
price_threshold_20: 7.69900
price_threshold_21: 8.07700
price_threshold_22: 8.59000
price_threshold_23: 8.93200
data_price_hour_rel_-13_amount: 6.42700
data_price_hour_abs_00_amount: 6.42700
data_price_hour_rel_-12_amount: 5.99400
data_price_hour_abs_01_amount: 5.99400
data_price_hour_rel_-11_amount: 5.80000
data_price_hour_abs_02_amount: 5.80000
data_price_hour_rel_-10_amount: 5.46900
data_price_hour_abs_03_amount: 5.46900
data_price_hour_rel_-09_amount: 5.32300
data_price_hour_abs_04_amount: 5.32300
data_price_hour_rel_-08_amount: 5.50700
data_price_hour_abs_05_amount: 5.50700
data_price_hour_rel_-07_amount: 6.69400
data_price_hour_abs_06_amount: 6.69400
data_price_hour_rel_-06_amount: 7.69900
data_price_hour_abs_07_amount: 7.69900
data_price_hour_rel_-05_amount: 8.93200
data_price_hour_abs_08_amount: 8.93200
data_price_hour_rel_-04_amount: 8.59000
data_price_hour_abs_09_amount: 8.59000
data_price_hour_rel_-03_amount: 8.07700
data_price_hour_abs_10_amount: 8.07700
data_price_hour_rel_-02_amount: 7.51500
data_price_hour_abs_11_amount: 7.51500
data_price_hour_rel_-01_amount: 6.48000
data_price_hour_abs_12_amount: 6.48000
data_price_hour_rel_+00_amount: 5.65200
data_price_hour_abs_13_amount: 5.65200
data_price_hour_rel_+01_amount: 5.48300
data_price_hour_abs_14_amount: 5.48300
data_price_hour_rel_+02_amount: 5.30900
data_price_hour_abs_15_amount: 5.30900
data_price_hour_rel_+03_amount: 5.27300
data_price_hour_abs_16_amount: 5.27300
data_price_hour_rel_+04_amount: 5.85000
data_price_hour_abs_17_amount: 5.85000
data_price_hour_rel_+05_amount: 6.89700
data_price_hour_abs_18_amount: 6.89700
data_price_hour_rel_+06_amount: 6.33400
data_price_hour_abs_19_amount: 6.33400
data_price_hour_rel_+07_amount: 5.50600
data_price_hour_abs_20_amount: 5.50600
data_price_hour_rel_+08_amount: 4.96800
data_price_hour_abs_21_amount: 4.96800
data_price_hour_rel_+09_amount: 4.60300
data_price_hour_abs_22_amount: 4.60300
data_price_hour_rel_+10_amount: 3.60500
data_price_hour_abs_23_amount: 3.60500