date_now: 2024-06-06 14:23:29
date_now_epoch: 1717676609881
date_now_day: 6
date_now_month: 6
date_now_year: 2024
date_start: 2024-06-06 00:00:00
date_end: 2024-06-06 23:59:59
price_low: 1.95000
price_high: 16.77200
price_median: 8.90850
price_average: 8.63675
price_current: 2.42300
price_unit: Cent/kWh
price_threshold_00: 1.95000
price_threshold_01: 2.42300
price_threshold_02: 2.43300
price_threshold_03: 3.02500
price_threshold_04: 3.76500
price_threshold_05: 5.78000
price_threshold_06: 6.21100
price_threshold_07: 7.18900
price_threshold_08: 8.06700
price_threshold_09: 8.53500
price_threshold_10: 8.58600
price_threshold_11: 8.82500
price_threshold_12: 8.99200
price_threshold_13: 8.99200
price_threshold_14: 9.32400
price_threshold_15: 9.68300
price_threshold_16: 9.89700
price_threshold_17: 10.43900
price_threshold_18: 11.56900
price_threshold_19: 12.39000
price_threshold_20: 12.79200
price_threshold_21: 13.24500
price_threshold_22: 16.39800
price_threshold_23: 16.77200
data_price_hour_rel_-14_amount: 9.32400
data_price_hour_abs_00_amount: 9.32400
data_price_hour_rel_-13_amount: 8.99200
data_price_hour_abs_01_amount: 8.99200
data_price_hour_rel_-12_amount: 8.58600
data_price_hour_abs_02_amount: 8.58600
data_price_hour_rel_-11_amount: 8.53500
data_price_hour_abs_03_amount: 8.53500
data_price_hour_rel_-10_amount: 8.82500
data_price_hour_abs_04_amount: 8.82500
data_price_hour_rel_-09_amount: 9.89700
data_price_hour_abs_05_amount: 9.89700
data_price_hour_rel_-08_amount: 12.39000
data_price_hour_abs_06_amount: 12.39000
data_price_hour_rel_-07_amount: 12.79200
data_price_hour_abs_07_amount: 12.79200
data_price_hour_rel_-06_amount: 9.68300
data_price_hour_abs_08_amount: 9.68300
data_price_hour_rel_-05_amount: 7.18900
data_price_hour_abs_09_amount: 7.18900
data_price_hour_rel_-04_amount: 5.78000
data_price_hour_abs_10_amount: 5.78000
data_price_hour_rel_-03_amount: 3.02500
data_price_hour_abs_11_amount: 3.02500
data_price_hour_rel_-02_amount: 2.43300
data_price_hour_abs_12_amount: 2.43300
data_price_hour_rel_-01_amount: 1.95000
data_price_hour_abs_13_amount: 1.95000
data_price_hour_rel_+00_amount: 2.42300
data_price_hour_abs_14_amount: 2.42300
data_price_hour_rel_+01_amount: 3.76500
data_price_hour_abs_15_amount: 3.76500
data_price_hour_rel_+02_amount: 6.21100
data_price_hour_abs_16_amount: 6.21100
data_price_hour_rel_+03_amount: 8.06700
data_price_hour_abs_17_amount: 8.06700
data_price_hour_rel_+04_amount: 8.99200
data_price_hour_abs_18_amount: 8.99200
data_price_hour_rel_+05_amount: 11.56900
data_price_hour_abs_19_amount: 11.56900
data_price_hour_rel_+06_amount: 16.39800
data_price_hour_abs_20_amount: 16.39800
data_price_hour_rel_+07_amount: 16.77200
data_price_hour_abs_21_amount: 16.77200
data_price_hour_rel_+08_amount: 13.24500
data_price_hour_abs_22_amount: 13.24500
data_price_hour_rel_+09_amount: 10.43900
data_price_hour_abs_23_amount: 10.43900