date_now: 2024-11-29 13:30:21
date_now_epoch: 1732883421792
date_now_day: 29
date_now_month: 11
date_now_year: 2024
date_start: 2024-11-29 00:00:00
date_end: 2024-11-29 23:59:59
price_low: 10.28000
price_high: 18.13500
price_median: 12.80850
price_average: 13.02479
price_current: 11.95000
price_unit: Cent/kWh
price_threshold_00: 10.28000
price_threshold_01: 10.34500
price_threshold_02: 10.34700
price_threshold_03: 10.53000
price_threshold_04: 10.70100
price_threshold_05: 11.03000
price_threshold_06: 11.37300
price_threshold_07: 11.51000
price_threshold_08: 11.52800
price_threshold_09: 11.95000
price_threshold_10: 11.99000
price_threshold_11: 12.65900
price_threshold_12: 12.95800
price_threshold_13: 13.08100
price_threshold_14: 13.64000
price_threshold_15: 14.10200
price_threshold_16: 14.20300
price_threshold_17: 14.30100
price_threshold_18: 14.51000
price_threshold_19: 15.04400
price_threshold_20: 15.20100
price_threshold_21: 16.24900
price_threshold_22: 16.92800
price_threshold_23: 18.13500
data_price_hour_rel_-13_amount: 11.03000
data_price_hour_abs_00_amount: 11.03000
data_price_hour_rel_-12_amount: 10.70100
data_price_hour_abs_01_amount: 10.70100
data_price_hour_rel_-11_amount: 10.34700
data_price_hour_abs_02_amount: 10.34700
data_price_hour_rel_-10_amount: 10.28000
data_price_hour_abs_03_amount: 10.28000
data_price_hour_rel_-09_amount: 10.53000
data_price_hour_abs_04_amount: 10.53000
data_price_hour_rel_-08_amount: 11.52800
data_price_hour_abs_05_amount: 11.52800
data_price_hour_rel_-07_amount: 14.51000
data_price_hour_abs_06_amount: 14.51000
data_price_hour_rel_-06_amount: 16.92800
data_price_hour_abs_07_amount: 16.92800
data_price_hour_rel_-05_amount: 18.13500
data_price_hour_abs_08_amount: 18.13500
data_price_hour_rel_-04_amount: 16.24900
data_price_hour_abs_09_amount: 16.24900
data_price_hour_rel_-03_amount: 14.30100
data_price_hour_abs_10_amount: 14.30100
data_price_hour_rel_-02_amount: 13.64000
data_price_hour_abs_11_amount: 13.64000
data_price_hour_rel_-01_amount: 12.65900
data_price_hour_abs_12_amount: 12.65900
data_price_hour_rel_+00_amount: 11.95000
data_price_hour_abs_13_amount: 11.95000
data_price_hour_rel_+01_amount: 12.95800
data_price_hour_abs_14_amount: 12.95800
data_price_hour_rel_+02_amount: 14.10200
data_price_hour_abs_15_amount: 14.10200
data_price_hour_rel_+03_amount: 15.20100
data_price_hour_abs_16_amount: 15.20100
data_price_hour_rel_+04_amount: 15.04400
data_price_hour_abs_17_amount: 15.04400
data_price_hour_rel_+05_amount: 14.20300
data_price_hour_abs_18_amount: 14.20300
data_price_hour_rel_+06_amount: 13.08100
data_price_hour_abs_19_amount: 13.08100
data_price_hour_rel_+07_amount: 11.99000
data_price_hour_abs_20_amount: 11.99000
data_price_hour_rel_+08_amount: 11.51000
data_price_hour_abs_21_amount: 11.51000
data_price_hour_rel_+09_amount: 11.37300
data_price_hour_abs_22_amount: 11.37300
data_price_hour_rel_+10_amount: 10.34500
data_price_hour_abs_23_amount: 10.34500