date_now: 2024-08-13 14:26:21
date_now_epoch: 1723551981932
date_now_day: 13
date_now_month: 8
date_now_year: 2024
date_start: 2024-08-13 00:00:00
date_end: 2024-08-13 23:59:59
price_low: 4.03700
price_high: 20.53500
price_median: 9.37750
price_average: 9.97383
price_current: 4.79600
price_unit: Cent/kWh
price_threshold_00: 4.03700
price_threshold_01: 4.30100
price_threshold_02: 4.79600
price_threshold_03: 5.59400
price_threshold_04: 6.41500
price_threshold_05: 6.66700
price_threshold_06: 8.47600
price_threshold_07: 8.47900
price_threshold_08: 8.60000
price_threshold_09: 8.66000
price_threshold_10: 8.78100
price_threshold_11: 8.79100
price_threshold_12: 9.96400
price_threshold_13: 10.13700
price_threshold_14: 10.49900
price_threshold_15: 10.50000
price_threshold_16: 11.14800
price_threshold_17: 11.78900
price_threshold_18: 12.10400
price_threshold_19: 12.56600
price_threshold_20: 12.89000
price_threshold_21: 13.37100
price_threshold_22: 20.27200
price_threshold_23: 20.53500
data_price_hour_rel_-14_amount: 9.96400
data_price_hour_abs_00_amount: 9.96400
data_price_hour_rel_-13_amount: 8.79100
data_price_hour_abs_01_amount: 8.79100
data_price_hour_rel_-12_amount: 8.66000
data_price_hour_abs_02_amount: 8.66000
data_price_hour_rel_-11_amount: 8.47900
data_price_hour_abs_03_amount: 8.47900
data_price_hour_rel_-10_amount: 8.47600
data_price_hour_abs_04_amount: 8.47600
data_price_hour_rel_-09_amount: 10.13700
data_price_hour_abs_05_amount: 10.13700
data_price_hour_rel_-08_amount: 12.56600
data_price_hour_abs_06_amount: 12.56600
data_price_hour_rel_-07_amount: 13.37100
data_price_hour_abs_07_amount: 13.37100
data_price_hour_rel_-06_amount: 11.78900
data_price_hour_abs_08_amount: 11.78900
data_price_hour_rel_-05_amount: 8.78100
data_price_hour_abs_09_amount: 8.78100
data_price_hour_rel_-04_amount: 6.66700
data_price_hour_abs_10_amount: 6.66700
data_price_hour_rel_-03_amount: 5.59400
data_price_hour_abs_11_amount: 5.59400
data_price_hour_rel_-02_amount: 4.30100
data_price_hour_abs_12_amount: 4.30100
data_price_hour_rel_-01_amount: 4.03700
data_price_hour_abs_13_amount: 4.03700
data_price_hour_rel_+00_amount: 4.79600
data_price_hour_abs_14_amount: 4.79600
data_price_hour_rel_+01_amount: 6.41500
data_price_hour_abs_15_amount: 6.41500
data_price_hour_rel_+02_amount: 8.60000
data_price_hour_abs_16_amount: 8.60000
data_price_hour_rel_+03_amount: 10.50000
data_price_hour_abs_17_amount: 10.50000
data_price_hour_rel_+04_amount: 12.10400
data_price_hour_abs_18_amount: 12.10400
data_price_hour_rel_+05_amount: 20.27200
data_price_hour_abs_19_amount: 20.27200
data_price_hour_rel_+06_amount: 20.53500
data_price_hour_abs_20_amount: 20.53500
data_price_hour_rel_+07_amount: 12.89000
data_price_hour_abs_21_amount: 12.89000
data_price_hour_rel_+08_amount: 11.14800
data_price_hour_abs_22_amount: 11.14800
data_price_hour_rel_+09_amount: 10.49900
data_price_hour_abs_23_amount: 10.49900