date_now: 2024-05-11 14:20:18
date_now_epoch: 1715430018162
date_now_day: 11
date_now_month: 5
date_now_year: 2024
date_start: 2024-05-11 00:00:00
date_end: 2024-05-11 23:59:59
price_low: -2.42300
price_high: 12.25000
price_median: 8.08350
price_average: 5.36508
price_current: -2.42300
price_unit: Cent/kWh
price_threshold_00: -2.42300
price_threshold_01: -2.19900
price_threshold_02: -2.12100
price_threshold_03: -1.14600
price_threshold_04: -1.04700
price_threshold_05: -0.04100
price_threshold_06: 0.00000
price_threshold_07: 0.68000
price_threshold_08: 3.27700
price_threshold_09: 5.64700
price_threshold_10: 6.83700
price_threshold_11: 7.98400
price_threshold_12: 8.18300
price_threshold_13: 8.62600
price_threshold_14: 8.67200
price_threshold_15: 8.90900
price_threshold_16: 8.99100
price_threshold_17: 9.00300
price_threshold_18: 9.07000
price_threshold_19: 9.41800
price_threshold_20: 9.67600
price_threshold_21: 10.16800
price_threshold_22: 10.34800
price_threshold_23: 12.25000
data_price_hour_rel_-14_amount: 9.67600
data_price_hour_abs_00_amount: 9.67600
data_price_hour_rel_-13_amount: 9.41800
data_price_hour_abs_01_amount: 9.41800
data_price_hour_rel_-12_amount: 9.00300
data_price_hour_abs_02_amount: 9.00300
data_price_hour_rel_-11_amount: 8.90900
data_price_hour_abs_03_amount: 8.90900
data_price_hour_rel_-10_amount: 8.99100
data_price_hour_abs_04_amount: 8.99100
data_price_hour_rel_-09_amount: 9.07000
data_price_hour_abs_05_amount: 9.07000
data_price_hour_rel_-08_amount: 8.67200
data_price_hour_abs_06_amount: 8.67200
data_price_hour_rel_-07_amount: 7.98400
data_price_hour_abs_07_amount: 7.98400
data_price_hour_rel_-06_amount: 5.64700
data_price_hour_abs_08_amount: 5.64700
data_price_hour_rel_-05_amount: 0.68000
data_price_hour_abs_09_amount: 0.68000
data_price_hour_rel_-04_amount: 0.00000
data_price_hour_abs_10_amount: 0.00000
data_price_hour_rel_-03_amount: -1.04700
data_price_hour_abs_11_amount: -1.04700
data_price_hour_rel_-02_amount: -2.12100
data_price_hour_abs_12_amount: -2.12100
data_price_hour_rel_-01_amount: -2.19900
data_price_hour_abs_13_amount: -2.19900
data_price_hour_rel_+00_amount: -2.42300
data_price_hour_abs_14_amount: -2.42300
data_price_hour_rel_+01_amount: -1.14600
data_price_hour_abs_15_amount: -1.14600
data_price_hour_rel_+02_amount: -0.04100
data_price_hour_abs_16_amount: -0.04100
data_price_hour_rel_+03_amount: 3.27700
data_price_hour_abs_17_amount: 3.27700
data_price_hour_rel_+04_amount: 8.18300
data_price_hour_abs_18_amount: 8.18300
data_price_hour_rel_+05_amount: 10.16800
data_price_hour_abs_19_amount: 10.16800
data_price_hour_rel_+06_amount: 12.25000
data_price_hour_abs_20_amount: 12.25000
data_price_hour_rel_+07_amount: 10.34800
data_price_hour_abs_21_amount: 10.34800
data_price_hour_rel_+08_amount: 8.62600
data_price_hour_abs_22_amount: 8.62600
data_price_hour_rel_+09_amount: 6.83700
data_price_hour_abs_23_amount: 6.83700