date_now: 2024-01-16 13:22:19
date_now_epoch: 1705407739348
date_now_day: 16
date_now_month: 1
date_now_year: 2024
date_start: 2024-01-16 00:00:00
date_end: 2024-01-16 23:59:59
price_low: 7.69700
price_high: 14.41100
price_median: 9.57450
price_average: 10.11379
price_current: 9.49800
price_unit: Cent/kWh
price_threshold_00: 7.69700
price_threshold_01: 7.76900
price_threshold_02: 7.81900
price_threshold_03: 7.99200
price_threshold_04: 8.10700
price_threshold_05: 8.14500
price_threshold_06: 8.14500
price_threshold_07: 8.20400
price_threshold_08: 8.62100
price_threshold_09: 9.40700
price_threshold_10: 9.49800
price_threshold_11: 9.54900
price_threshold_12: 9.60000
price_threshold_13: 10.34300
price_threshold_14: 11.00000
price_threshold_15: 11.02500
price_threshold_16: 11.13900
price_threshold_17: 11.17700
price_threshold_18: 11.47700
price_threshold_19: 12.20000
price_threshold_20: 12.73100
price_threshold_21: 12.81500
price_threshold_22: 13.86000
price_threshold_23: 14.41100
data_price_hour_rel_-13_amount: 8.14500
data_price_hour_abs_00_amount: 8.14500
data_price_hour_rel_-12_amount: 8.10700
data_price_hour_abs_01_amount: 8.10700
data_price_hour_rel_-11_amount: 7.99200
data_price_hour_abs_02_amount: 7.99200
data_price_hour_rel_-10_amount: 7.81900
data_price_hour_abs_03_amount: 7.81900
data_price_hour_rel_-09_amount: 7.69700
data_price_hour_abs_04_amount: 7.69700
data_price_hour_rel_-08_amount: 8.14500
data_price_hour_abs_05_amount: 8.14500
data_price_hour_rel_-07_amount: 9.40700
data_price_hour_abs_06_amount: 9.40700
data_price_hour_rel_-06_amount: 11.47700
data_price_hour_abs_07_amount: 11.47700
data_price_hour_rel_-05_amount: 14.41100
data_price_hour_abs_08_amount: 14.41100
data_price_hour_rel_-04_amount: 13.86000
data_price_hour_abs_09_amount: 13.86000
data_price_hour_rel_-03_amount: 12.20000
data_price_hour_abs_10_amount: 12.20000
data_price_hour_rel_-02_amount: 11.00000
data_price_hour_abs_11_amount: 11.00000
data_price_hour_rel_-01_amount: 10.34300
data_price_hour_abs_12_amount: 10.34300
data_price_hour_rel_+00_amount: 9.49800
data_price_hour_abs_13_amount: 9.49800
data_price_hour_rel_+01_amount: 9.60000
data_price_hour_abs_14_amount: 9.60000
data_price_hour_rel_+02_amount: 11.02500
data_price_hour_abs_15_amount: 11.02500
data_price_hour_rel_+03_amount: 11.13900
data_price_hour_abs_16_amount: 11.13900
data_price_hour_rel_+04_amount: 12.81500
data_price_hour_abs_17_amount: 12.81500
data_price_hour_rel_+05_amount: 12.73100
data_price_hour_abs_18_amount: 12.73100
data_price_hour_rel_+06_amount: 11.17700
data_price_hour_abs_19_amount: 11.17700
data_price_hour_rel_+07_amount: 9.54900
data_price_hour_abs_20_amount: 9.54900
data_price_hour_rel_+08_amount: 8.62100
data_price_hour_abs_21_amount: 8.62100
data_price_hour_rel_+09_amount: 8.20400
data_price_hour_abs_22_amount: 8.20400
data_price_hour_rel_+10_amount: 7.76900
data_price_hour_abs_23_amount: 7.76900