date_now: 2024-11-10 13:25:01
date_now_epoch: 1731241501067
date_now_day: 10
date_now_month: 11
date_now_year: 2024
date_start: 2024-11-10 00:00:00
date_end: 2024-11-10 23:59:59
price_low: 10.03200
price_high: 14.87200
price_median: 11.05250
price_average: 11.41692
price_current: 10.86000
price_unit: Cent/kWh
price_threshold_00: 10.03200
price_threshold_01: 10.08600
price_threshold_02: 10.08800
price_threshold_03: 10.19800
price_threshold_04: 10.20100
price_threshold_05: 10.22800
price_threshold_06: 10.24500
price_threshold_07: 10.49900
price_threshold_08: 10.53800
price_threshold_09: 10.80200
price_threshold_10: 10.86000
price_threshold_11: 11.01300
price_threshold_12: 11.09200
price_threshold_13: 11.09900
price_threshold_14: 11.11000
price_threshold_15: 11.23600
price_threshold_16: 11.26200
price_threshold_17: 11.52800
price_threshold_18: 12.53100
price_threshold_19: 12.62200
price_threshold_20: 13.40200
price_threshold_21: 13.86100
price_threshold_22: 14.60100
price_threshold_23: 14.87200
data_price_hour_rel_-13_amount: 10.49900
data_price_hour_abs_00_amount: 10.49900
data_price_hour_rel_-12_amount: 10.22800
data_price_hour_abs_01_amount: 10.22800
data_price_hour_rel_-11_amount: 10.20100
data_price_hour_abs_02_amount: 10.20100
data_price_hour_rel_-10_amount: 10.08600
data_price_hour_abs_03_amount: 10.08600
data_price_hour_rel_-09_amount: 10.08800
data_price_hour_abs_04_amount: 10.08800
data_price_hour_rel_-08_amount: 10.19800
data_price_hour_abs_05_amount: 10.19800
data_price_hour_rel_-07_amount: 10.03200
data_price_hour_abs_06_amount: 10.03200
data_price_hour_rel_-06_amount: 10.24500
data_price_hour_abs_07_amount: 10.24500
data_price_hour_rel_-05_amount: 10.53800
data_price_hour_abs_08_amount: 10.53800
data_price_hour_rel_-04_amount: 11.09900
data_price_hour_abs_09_amount: 11.09900
data_price_hour_rel_-03_amount: 11.26200
data_price_hour_abs_10_amount: 11.26200
data_price_hour_rel_-02_amount: 11.01300
data_price_hour_abs_11_amount: 11.01300
data_price_hour_rel_-01_amount: 11.09200
data_price_hour_abs_12_amount: 11.09200
data_price_hour_rel_+00_amount: 10.86000
data_price_hour_abs_13_amount: 10.86000
data_price_hour_rel_+01_amount: 11.23600
data_price_hour_abs_14_amount: 11.23600
data_price_hour_rel_+02_amount: 12.62200
data_price_hour_abs_15_amount: 12.62200
data_price_hour_rel_+03_amount: 13.40200
data_price_hour_abs_16_amount: 13.40200
data_price_hour_rel_+04_amount: 14.87200
data_price_hour_abs_17_amount: 14.87200
data_price_hour_rel_+05_amount: 14.60100
data_price_hour_abs_18_amount: 14.60100
data_price_hour_rel_+06_amount: 13.86100
data_price_hour_abs_19_amount: 13.86100
data_price_hour_rel_+07_amount: 12.53100
data_price_hour_abs_20_amount: 12.53100
data_price_hour_rel_+08_amount: 11.52800
data_price_hour_abs_21_amount: 11.52800
data_price_hour_rel_+09_amount: 11.11000
data_price_hour_abs_22_amount: 11.11000
data_price_hour_rel_+10_amount: 10.80200
data_price_hour_abs_23_amount: 10.80200