date_now: 2024-07-08 14:25:28
date_now_epoch: 1720441528915
date_now_day: 8
date_now_month: 7
date_now_year: 2024
date_start: 2024-07-08 00:00:00
date_end: 2024-07-08 23:59:59
price_low: 2.94500
price_high: 25.73500
price_median: 7.89600
price_average: 8.84233
price_current: 2.95600
price_unit: Cent/kWh
price_threshold_00: 2.94500
price_threshold_01: 2.95600
price_threshold_02: 3.17900
price_threshold_03: 3.67500
price_threshold_04: 3.84300
price_threshold_05: 5.39300
price_threshold_06: 6.40000
price_threshold_07: 7.40800
price_threshold_08: 7.62800
price_threshold_09: 7.66500
price_threshold_10: 7.76100
price_threshold_11: 7.77200
price_threshold_12: 8.02000
price_threshold_13: 8.04400
price_threshold_14: 8.16200
price_threshold_15: 9.20200
price_threshold_16: 10.06400
price_threshold_17: 10.26300
price_threshold_18: 11.21800
price_threshold_19: 11.36500
price_threshold_20: 12.50000
price_threshold_21: 13.64900
price_threshold_22: 17.36900
price_threshold_23: 25.73500
data_price_hour_rel_-14_amount: 8.16200
data_price_hour_abs_00_amount: 8.16200
data_price_hour_rel_-13_amount: 7.66500
data_price_hour_abs_01_amount: 7.66500
data_price_hour_rel_-12_amount: 7.40800
data_price_hour_abs_02_amount: 7.40800
data_price_hour_rel_-11_amount: 7.77200
data_price_hour_abs_03_amount: 7.77200
data_price_hour_rel_-10_amount: 7.62800
data_price_hour_abs_04_amount: 7.62800
data_price_hour_rel_-09_amount: 8.04400
data_price_hour_abs_05_amount: 8.04400
data_price_hour_rel_-08_amount: 11.21800
data_price_hour_abs_06_amount: 11.21800
data_price_hour_rel_-07_amount: 12.50000
data_price_hour_abs_07_amount: 12.50000
data_price_hour_rel_-06_amount: 10.06400
data_price_hour_abs_08_amount: 10.06400
data_price_hour_rel_-05_amount: 7.76100
data_price_hour_abs_09_amount: 7.76100
data_price_hour_rel_-04_amount: 5.39300
data_price_hour_abs_10_amount: 5.39300
data_price_hour_rel_-03_amount: 3.84300
data_price_hour_abs_11_amount: 3.84300
data_price_hour_rel_-02_amount: 3.17900
data_price_hour_abs_12_amount: 3.17900
data_price_hour_rel_-01_amount: 2.94500
data_price_hour_abs_13_amount: 2.94500
data_price_hour_rel_+00_amount: 2.95600
data_price_hour_abs_14_amount: 2.95600
data_price_hour_rel_+01_amount: 3.67500
data_price_hour_abs_15_amount: 3.67500
data_price_hour_rel_+02_amount: 6.40000
data_price_hour_abs_16_amount: 6.40000
data_price_hour_rel_+03_amount: 8.02000
data_price_hour_abs_17_amount: 8.02000
data_price_hour_rel_+04_amount: 10.26300
data_price_hour_abs_18_amount: 10.26300
data_price_hour_rel_+05_amount: 13.64900
data_price_hour_abs_19_amount: 13.64900
data_price_hour_rel_+06_amount: 25.73500
data_price_hour_abs_20_amount: 25.73500
data_price_hour_rel_+07_amount: 17.36900
data_price_hour_abs_21_amount: 17.36900
data_price_hour_rel_+08_amount: 11.36500
data_price_hour_abs_22_amount: 11.36500
data_price_hour_rel_+09_amount: 9.20200
data_price_hour_abs_23_amount: 9.20200