date_now: 2024-10-26 14:26:16
date_now_epoch: 1729945576837
date_now_day: 26
date_now_month: 10
date_now_year: 2024
date_start: 2024-10-26 00:00:00
date_end: 2024-10-26 23:59:59
price_low: 6.33000
price_high: 15.09000
price_median: 10.62600
price_average: 10.17188
price_current: 6.45500
price_unit: Cent/kWh
price_threshold_00: 6.33000
price_threshold_01: 6.45500
price_threshold_02: 6.83500
price_threshold_03: 7.66300
price_threshold_04: 8.14400
price_threshold_05: 8.14800
price_threshold_06: 8.75000
price_threshold_07: 8.87600
price_threshold_08: 9.64800
price_threshold_09: 10.06000
price_threshold_10: 10.13900
price_threshold_11: 10.57000
price_threshold_12: 10.68200
price_threshold_13: 10.69500
price_threshold_14: 10.77900
price_threshold_15: 10.96400
price_threshold_16: 11.39300
price_threshold_17: 11.52900
price_threshold_18: 11.75700
price_threshold_19: 11.87400
price_threshold_20: 12.57100
price_threshold_21: 12.57300
price_threshold_22: 12.60000
price_threshold_23: 15.09000
data_price_hour_rel_-14_amount: 11.52900
data_price_hour_abs_00_amount: 11.52900
data_price_hour_rel_-13_amount: 10.96400
data_price_hour_abs_01_amount: 10.96400
data_price_hour_rel_-12_amount: 10.69500
data_price_hour_abs_02_amount: 10.69500
data_price_hour_rel_-11_amount: 10.77900
data_price_hour_abs_03_amount: 10.77900
data_price_hour_rel_-10_amount: 10.57000
data_price_hour_abs_04_amount: 10.57000
data_price_hour_rel_-09_amount: 10.68200
data_price_hour_abs_05_amount: 10.68200
data_price_hour_rel_-08_amount: 11.39300
data_price_hour_abs_06_amount: 11.39300
data_price_hour_rel_-07_amount: 12.57100
data_price_hour_abs_07_amount: 12.57100
data_price_hour_rel_-06_amount: 12.60000
data_price_hour_abs_08_amount: 12.60000
data_price_hour_rel_-05_amount: 11.75700
data_price_hour_abs_09_amount: 11.75700
data_price_hour_rel_-04_amount: 10.13900
data_price_hour_abs_10_amount: 10.13900
data_price_hour_rel_-03_amount: 8.14800
data_price_hour_abs_11_amount: 8.14800
data_price_hour_rel_-02_amount: 6.83500
data_price_hour_abs_12_amount: 6.83500
data_price_hour_rel_-01_amount: 6.33000
data_price_hour_abs_13_amount: 6.33000
data_price_hour_rel_+00_amount: 6.45500
data_price_hour_abs_14_amount: 6.45500
data_price_hour_rel_+01_amount: 8.14400
data_price_hour_abs_15_amount: 8.14400
data_price_hour_rel_+02_amount: 10.06000
data_price_hour_abs_16_amount: 10.06000
data_price_hour_rel_+03_amount: 12.57300
data_price_hour_abs_17_amount: 12.57300
data_price_hour_rel_+04_amount: 15.09000
data_price_hour_abs_18_amount: 15.09000
data_price_hour_rel_+05_amount: 11.87400
data_price_hour_abs_19_amount: 11.87400
data_price_hour_rel_+06_amount: 9.64800
data_price_hour_abs_20_amount: 9.64800
data_price_hour_rel_+07_amount: 8.87600
data_price_hour_abs_21_amount: 8.87600
data_price_hour_rel_+08_amount: 8.75000
data_price_hour_abs_22_amount: 8.75000
data_price_hour_rel_+09_amount: 7.66300
data_price_hour_abs_23_amount: 7.66300