date_now: 2024-12-24 13:28:16
date_now_epoch: 1735043296141
date_now_day: 24
date_now_month: 12
date_now_year: 2024
date_start: 2024-12-24 00:00:00
date_end: 2024-12-24 23:59:59
price_low: 7.80000
price_high: 12.09500
price_median: 10.41100
price_average: 10.24863
price_current: 11.53800
price_unit: Cent/kWh
price_threshold_00: 7.80000
price_threshold_01: 7.87800
price_threshold_02: 8.06000
price_threshold_03: 8.18900
price_threshold_04: 8.28400
price_threshold_05: 8.50700
price_threshold_06: 8.60300
price_threshold_07: 9.00000
price_threshold_08: 9.46300
price_threshold_09: 9.90400
price_threshold_10: 10.08300
price_threshold_11: 10.25600
price_threshold_12: 10.56600
price_threshold_13: 11.09800
price_threshold_14: 11.50900
price_threshold_15: 11.53800
price_threshold_16: 11.74900
price_threshold_17: 11.79800
price_threshold_18: 11.80000
price_threshold_19: 11.81600
price_threshold_20: 11.95000
price_threshold_21: 12.00000
price_threshold_22: 12.02100
price_threshold_23: 12.09500
data_price_hour_rel_-13_amount: 8.60300
data_price_hour_abs_00_amount: 8.60300
data_price_hour_rel_-12_amount: 8.28400
data_price_hour_abs_01_amount: 8.28400
data_price_hour_rel_-11_amount: 8.18900
data_price_hour_abs_02_amount: 8.18900
data_price_hour_rel_-10_amount: 7.80000
data_price_hour_abs_03_amount: 7.80000
data_price_hour_rel_-09_amount: 7.87800
data_price_hour_abs_04_amount: 7.87800
data_price_hour_rel_-08_amount: 8.06000
data_price_hour_abs_05_amount: 8.06000
data_price_hour_rel_-07_amount: 8.50700
data_price_hour_abs_06_amount: 8.50700
data_price_hour_rel_-06_amount: 10.08300
data_price_hour_abs_07_amount: 10.08300
data_price_hour_rel_-05_amount: 11.50900
data_price_hour_abs_08_amount: 11.50900
data_price_hour_rel_-04_amount: 12.09500
data_price_hour_abs_09_amount: 12.09500
data_price_hour_rel_-03_amount: 12.00000
data_price_hour_abs_10_amount: 12.00000
data_price_hour_rel_-02_amount: 11.81600
data_price_hour_abs_11_amount: 11.81600
data_price_hour_rel_-01_amount: 11.74900
data_price_hour_abs_12_amount: 11.74900
data_price_hour_rel_+00_amount: 11.53800
data_price_hour_abs_13_amount: 11.53800
data_price_hour_rel_+01_amount: 11.79800
data_price_hour_abs_14_amount: 11.79800
data_price_hour_rel_+02_amount: 11.95000
data_price_hour_abs_15_amount: 11.95000
data_price_hour_rel_+03_amount: 12.02100
data_price_hour_abs_16_amount: 12.02100
data_price_hour_rel_+04_amount: 11.80000
data_price_hour_abs_17_amount: 11.80000
data_price_hour_rel_+05_amount: 11.09800
data_price_hour_abs_18_amount: 11.09800
data_price_hour_rel_+06_amount: 10.56600
data_price_hour_abs_19_amount: 10.56600
data_price_hour_rel_+07_amount: 10.25600
data_price_hour_abs_20_amount: 10.25600
data_price_hour_rel_+08_amount: 9.46300
data_price_hour_abs_21_amount: 9.46300
data_price_hour_rel_+09_amount: 9.90400
data_price_hour_abs_22_amount: 9.90400
data_price_hour_rel_+10_amount: 9.00000
data_price_hour_abs_23_amount: 9.00000