date_now: 2024-10-22 14:28:51
date_now_epoch: 1729600131248
date_now_day: 22
date_now_month: 10
date_now_year: 2024
date_start: 2024-10-22 00:00:00
date_end: 2024-10-22 23:59:59
price_low: 7.08800
price_high: 17.01200
price_median: 9.36950
price_average: 10.30146
price_current: 7.35300
price_unit: Cent/kWh
price_threshold_00: 7.08800
price_threshold_01: 7.35300
price_threshold_02: 7.71100
price_threshold_03: 8.31900
price_threshold_04: 8.36000
price_threshold_05: 8.56900
price_threshold_06: 8.70800
price_threshold_07: 8.77500
price_threshold_08: 8.83500
price_threshold_09: 8.94300
price_threshold_10: 8.99500
price_threshold_11: 9.16700
price_threshold_12: 9.57200
price_threshold_13: 9.92200
price_threshold_14: 9.94000
price_threshold_15: 10.05800
price_threshold_16: 10.74500
price_threshold_17: 10.99700
price_threshold_18: 11.34400
price_threshold_19: 11.40200
price_threshold_20: 14.03600
price_threshold_21: 15.60900
price_threshold_22: 15.77500
price_threshold_23: 17.01200
data_price_hour_rel_-14_amount: 9.16700
data_price_hour_abs_00_amount: 9.16700
data_price_hour_rel_-13_amount: 8.94300
data_price_hour_abs_01_amount: 8.94300
data_price_hour_rel_-12_amount: 8.56900
data_price_hour_abs_02_amount: 8.56900
data_price_hour_rel_-11_amount: 8.36000
data_price_hour_abs_03_amount: 8.36000
data_price_hour_rel_-10_amount: 8.31900
data_price_hour_abs_04_amount: 8.31900
data_price_hour_rel_-09_amount: 8.99500
data_price_hour_abs_05_amount: 8.99500
data_price_hour_rel_-08_amount: 10.05800
data_price_hour_abs_06_amount: 10.05800
data_price_hour_rel_-07_amount: 15.60900
data_price_hour_abs_07_amount: 15.60900
data_price_hour_rel_-06_amount: 17.01200
data_price_hour_abs_08_amount: 17.01200
data_price_hour_rel_-05_amount: 11.34400
data_price_hour_abs_09_amount: 11.34400
data_price_hour_rel_-04_amount: 9.92200
data_price_hour_abs_10_amount: 9.92200
data_price_hour_rel_-03_amount: 8.77500
data_price_hour_abs_11_amount: 8.77500
data_price_hour_rel_-02_amount: 7.71100
data_price_hour_abs_12_amount: 7.71100
data_price_hour_rel_-01_amount: 7.08800
data_price_hour_abs_13_amount: 7.08800
data_price_hour_rel_+00_amount: 7.35300
data_price_hour_abs_14_amount: 7.35300
data_price_hour_rel_+01_amount: 8.70800
data_price_hour_abs_15_amount: 8.70800
data_price_hour_rel_+02_amount: 10.74500
data_price_hour_abs_16_amount: 10.74500
data_price_hour_rel_+03_amount: 10.99700
data_price_hour_abs_17_amount: 10.99700
data_price_hour_rel_+04_amount: 14.03600
data_price_hour_abs_18_amount: 14.03600
data_price_hour_rel_+05_amount: 15.77500
data_price_hour_abs_19_amount: 15.77500
data_price_hour_rel_+06_amount: 11.40200
data_price_hour_abs_20_amount: 11.40200
data_price_hour_rel_+07_amount: 9.94000
data_price_hour_abs_21_amount: 9.94000
data_price_hour_rel_+08_amount: 9.57200
data_price_hour_abs_22_amount: 9.57200
data_price_hour_rel_+09_amount: 8.83500
data_price_hour_abs_23_amount: 8.83500