date_now: 2024-02-08 13:19:59
date_now_epoch: 1707394799084
date_now_day: 8
date_now_month: 2
date_now_year: 2024
date_start: 2024-02-08 00:00:00
date_end: 2024-02-08 23:59:59
price_low: 6.59800
price_high: 13.31500
price_median: 8.82300
price_average: 8.86958
price_current: 9.09800
price_unit: Cent/kWh
price_threshold_00: 6.59800
price_threshold_01: 7.21500
price_threshold_02: 7.29400
price_threshold_03: 7.32000
price_threshold_04: 7.36500
price_threshold_05: 7.37000
price_threshold_06: 7.56000
price_threshold_07: 7.78500
price_threshold_08: 8.06100
price_threshold_09: 8.32000
price_threshold_10: 8.60600
price_threshold_11: 8.70800
price_threshold_12: 8.93800
price_threshold_13: 9.09800
price_threshold_14: 9.18700
price_threshold_15: 9.30100
price_threshold_16: 9.43800
price_threshold_17: 9.46700
price_threshold_18: 9.49000
price_threshold_19: 9.77900
price_threshold_20: 10.30000
price_threshold_21: 11.00000
price_threshold_22: 11.35500
price_threshold_23: 13.31500
data_price_hour_rel_-13_amount: 7.37000
data_price_hour_abs_00_amount: 7.37000
data_price_hour_rel_-12_amount: 7.32000
data_price_hour_abs_01_amount: 7.32000
data_price_hour_rel_-11_amount: 7.21500
data_price_hour_abs_02_amount: 7.21500
data_price_hour_rel_-10_amount: 7.29400
data_price_hour_abs_03_amount: 7.29400
data_price_hour_rel_-09_amount: 7.36500
data_price_hour_abs_04_amount: 7.36500
data_price_hour_rel_-08_amount: 7.78500
data_price_hour_abs_05_amount: 7.78500
data_price_hour_rel_-07_amount: 8.70800
data_price_hour_abs_06_amount: 8.70800
data_price_hour_rel_-06_amount: 11.00000
data_price_hour_abs_07_amount: 11.00000
data_price_hour_rel_-05_amount: 13.31500
data_price_hour_abs_08_amount: 13.31500
data_price_hour_rel_-04_amount: 11.35500
data_price_hour_abs_09_amount: 11.35500
data_price_hour_rel_-03_amount: 9.77900
data_price_hour_abs_10_amount: 9.77900
data_price_hour_rel_-02_amount: 9.18700
data_price_hour_abs_11_amount: 9.18700
data_price_hour_rel_-01_amount: 8.93800
data_price_hour_abs_12_amount: 8.93800
data_price_hour_rel_+00_amount: 9.09800
data_price_hour_abs_13_amount: 9.09800
data_price_hour_rel_+01_amount: 9.49000
data_price_hour_abs_14_amount: 9.49000
data_price_hour_rel_+02_amount: 9.43800
data_price_hour_abs_15_amount: 9.43800
data_price_hour_rel_+03_amount: 9.30100
data_price_hour_abs_16_amount: 9.30100
data_price_hour_rel_+04_amount: 10.30000
data_price_hour_abs_17_amount: 10.30000
data_price_hour_rel_+05_amount: 9.46700
data_price_hour_abs_18_amount: 9.46700
data_price_hour_rel_+06_amount: 8.60600
data_price_hour_abs_19_amount: 8.60600
data_price_hour_rel_+07_amount: 8.32000
data_price_hour_abs_20_amount: 8.32000
data_price_hour_rel_+08_amount: 8.06100
data_price_hour_abs_21_amount: 8.06100
data_price_hour_rel_+09_amount: 7.56000
data_price_hour_abs_22_amount: 7.56000
data_price_hour_rel_+10_amount: 6.59800
data_price_hour_abs_23_amount: 6.59800