date_now: 2024-12-15 13:29:08
date_now_epoch: 1734265748713
date_now_day: 15
date_now_month: 12
date_now_year: 2024
date_start: 2024-12-15 00:00:00
date_end: 2024-12-15 23:59:59
price_low: 0.22900
price_high: 7.35800
price_median: 5.11050
price_average: 4.68483
price_current: 4.75100
price_unit: Cent/kWh
price_threshold_00: 0.22900
price_threshold_01: 1.00800
price_threshold_02: 1.39600
price_threshold_03: 1.85500
price_threshold_04: 2.45500
price_threshold_05: 2.83300
price_threshold_06: 3.80000
price_threshold_07: 4.34200
price_threshold_08: 4.56200
price_threshold_09: 4.75100
price_threshold_10: 4.79200
price_threshold_11: 4.94700
price_threshold_12: 5.27400
price_threshold_13: 5.39200
price_threshold_14: 5.53300
price_threshold_15: 5.93900
price_threshold_16: 6.09000
price_threshold_17: 6.15000
price_threshold_18: 6.52600
price_threshold_19: 6.53000
price_threshold_20: 6.76100
price_threshold_21: 6.84800
price_threshold_22: 7.06500
price_threshold_23: 7.35800
data_price_hour_rel_-13_amount: 7.35800
data_price_hour_abs_00_amount: 7.35800
data_price_hour_rel_-12_amount: 6.84800
data_price_hour_abs_01_amount: 6.84800
data_price_hour_rel_-11_amount: 6.76100
data_price_hour_abs_02_amount: 6.76100
data_price_hour_rel_-10_amount: 5.93900
data_price_hour_abs_03_amount: 5.93900
data_price_hour_rel_-09_amount: 5.53300
data_price_hour_abs_04_amount: 5.53300
data_price_hour_rel_-08_amount: 5.27400
data_price_hour_abs_05_amount: 5.27400
data_price_hour_rel_-07_amount: 4.56200
data_price_hour_abs_06_amount: 4.56200
data_price_hour_rel_-06_amount: 5.39200
data_price_hour_abs_07_amount: 5.39200
data_price_hour_rel_-05_amount: 6.53000
data_price_hour_abs_08_amount: 6.53000
data_price_hour_rel_-04_amount: 7.06500
data_price_hour_abs_09_amount: 7.06500
data_price_hour_rel_-03_amount: 6.52600
data_price_hour_abs_10_amount: 6.52600
data_price_hour_rel_-02_amount: 6.09000
data_price_hour_abs_11_amount: 6.09000
data_price_hour_rel_-01_amount: 6.15000
data_price_hour_abs_12_amount: 6.15000
data_price_hour_rel_+00_amount: 4.75100
data_price_hour_abs_13_amount: 4.75100
data_price_hour_rel_+01_amount: 4.94700
data_price_hour_abs_14_amount: 4.94700
data_price_hour_rel_+02_amount: 4.79200
data_price_hour_abs_15_amount: 4.79200
data_price_hour_rel_+03_amount: 3.80000
data_price_hour_abs_16_amount: 3.80000
data_price_hour_rel_+04_amount: 4.34200
data_price_hour_abs_17_amount: 4.34200
data_price_hour_rel_+05_amount: 2.83300
data_price_hour_abs_18_amount: 2.83300
data_price_hour_rel_+06_amount: 2.45500
data_price_hour_abs_19_amount: 2.45500
data_price_hour_rel_+07_amount: 1.85500
data_price_hour_abs_20_amount: 1.85500
data_price_hour_rel_+08_amount: 1.39600
data_price_hour_abs_21_amount: 1.39600
data_price_hour_rel_+09_amount: 1.00800
data_price_hour_abs_22_amount: 1.00800
data_price_hour_rel_+10_amount: 0.22900
data_price_hour_abs_23_amount: 0.22900