date_now: 2024-12-26 13:28:16
date_now_epoch: 1735216096061
date_now_day: 26
date_now_month: 12
date_now_year: 2024
date_start: 2024-12-26 00:00:00
date_end: 2024-12-26 23:59:59
price_low: 8.96400
price_high: 13.80500
price_median: 11.29300
price_average: 11.28921
price_current: 10.39000
price_unit: Cent/kWh
price_threshold_00: 8.96400
price_threshold_01: 9.08700
price_threshold_02: 9.46100
price_threshold_03: 9.50600
price_threshold_04: 9.51000
price_threshold_05: 9.90000
price_threshold_06: 10.21700
price_threshold_07: 10.39000
price_threshold_08: 10.60100
price_threshold_09: 10.77100
price_threshold_10: 10.96400
price_threshold_11: 11.26100
price_threshold_12: 11.32500
price_threshold_13: 11.69800
price_threshold_14: 11.82300
price_threshold_15: 11.91000
price_threshold_16: 12.07500
price_threshold_17: 12.08500
price_threshold_18: 12.35000
price_threshold_19: 12.91300
price_threshold_20: 12.96400
price_threshold_21: 13.57100
price_threshold_22: 13.79000
price_threshold_23: 13.80500
data_price_hour_rel_-13_amount: 10.21700
data_price_hour_abs_00_amount: 10.21700
data_price_hour_rel_-12_amount: 9.50600
data_price_hour_abs_01_amount: 9.50600
data_price_hour_rel_-11_amount: 9.46100
data_price_hour_abs_02_amount: 9.46100
data_price_hour_rel_-10_amount: 8.96400
data_price_hour_abs_03_amount: 8.96400
data_price_hour_rel_-09_amount: 9.08700
data_price_hour_abs_04_amount: 9.08700
data_price_hour_rel_-08_amount: 9.51000
data_price_hour_abs_05_amount: 9.51000
data_price_hour_rel_-07_amount: 9.90000
data_price_hour_abs_06_amount: 9.90000
data_price_hour_rel_-06_amount: 11.26100
data_price_hour_abs_07_amount: 11.26100
data_price_hour_rel_-05_amount: 11.91000
data_price_hour_abs_08_amount: 11.91000
data_price_hour_rel_-04_amount: 11.82300
data_price_hour_abs_09_amount: 11.82300
data_price_hour_rel_-03_amount: 11.32500
data_price_hour_abs_10_amount: 11.32500
data_price_hour_rel_-02_amount: 10.60100
data_price_hour_abs_11_amount: 10.60100
data_price_hour_rel_-01_amount: 10.77100
data_price_hour_abs_12_amount: 10.77100
data_price_hour_rel_+00_amount: 10.39000
data_price_hour_abs_13_amount: 10.39000
data_price_hour_rel_+01_amount: 10.96400
data_price_hour_abs_14_amount: 10.96400
data_price_hour_rel_+02_amount: 12.07500
data_price_hour_abs_15_amount: 12.07500
data_price_hour_rel_+03_amount: 12.96400
data_price_hour_abs_16_amount: 12.96400
data_price_hour_rel_+04_amount: 13.79000
data_price_hour_abs_17_amount: 13.79000
data_price_hour_rel_+05_amount: 13.80500
data_price_hour_abs_18_amount: 13.80500
data_price_hour_rel_+06_amount: 13.57100
data_price_hour_abs_19_amount: 13.57100
data_price_hour_rel_+07_amount: 12.91300
data_price_hour_abs_20_amount: 12.91300
data_price_hour_rel_+08_amount: 12.08500
data_price_hour_abs_21_amount: 12.08500
data_price_hour_rel_+09_amount: 12.35000
data_price_hour_abs_22_amount: 12.35000
data_price_hour_rel_+10_amount: 11.69800
data_price_hour_abs_23_amount: 11.69800