date_now: 2024-11-26 13:30:37
date_now_epoch: 1732624237082
date_now_day: 26
date_now_month: 11
date_now_year: 2024
date_start: 2024-11-26 00:00:00
date_end: 2024-11-26 23:59:59
price_low: 7.05500
price_high: 16.09100
price_median: 11.47200
price_average: 11.27496
price_current: 10.20700
price_unit: Cent/kWh
price_threshold_00: 7.05500
price_threshold_01: 7.27200
price_threshold_02: 7.76600
price_threshold_03: 7.79900
price_threshold_04: 8.22600
price_threshold_05: 8.95300
price_threshold_06: 9.09000
price_threshold_07: 10.00000
price_threshold_08: 10.14500
price_threshold_09: 10.20700
price_threshold_10: 11.20900
price_threshold_11: 11.33400
price_threshold_12: 11.61000
price_threshold_13: 11.82300
price_threshold_14: 12.21300
price_threshold_15: 12.39500
price_threshold_16: 12.63800
price_threshold_17: 12.70900
price_threshold_18: 13.09000
price_threshold_19: 13.78400
price_threshold_20: 14.31000
price_threshold_21: 15.32800
price_threshold_22: 15.55200
price_threshold_23: 16.09100
data_price_hour_rel_-13_amount: 8.95300
data_price_hour_abs_00_amount: 8.95300
data_price_hour_rel_-12_amount: 7.79900
data_price_hour_abs_01_amount: 7.79900
data_price_hour_rel_-11_amount: 7.76600
data_price_hour_abs_02_amount: 7.76600
data_price_hour_rel_-10_amount: 7.05500
data_price_hour_abs_03_amount: 7.05500
data_price_hour_rel_-09_amount: 7.27200
data_price_hour_abs_04_amount: 7.27200
data_price_hour_rel_-08_amount: 8.22600
data_price_hour_abs_05_amount: 8.22600
data_price_hour_rel_-07_amount: 10.14500
data_price_hour_abs_06_amount: 10.14500
data_price_hour_rel_-06_amount: 13.09000
data_price_hour_abs_07_amount: 13.09000
data_price_hour_rel_-05_amount: 13.78400
data_price_hour_abs_08_amount: 13.78400
data_price_hour_rel_-04_amount: 12.70900
data_price_hour_abs_09_amount: 12.70900
data_price_hour_rel_-03_amount: 11.20900
data_price_hour_abs_10_amount: 11.20900
data_price_hour_rel_-02_amount: 10.00000
data_price_hour_abs_11_amount: 10.00000
data_price_hour_rel_-01_amount: 9.09000
data_price_hour_abs_12_amount: 9.09000
data_price_hour_rel_+00_amount: 10.20700
data_price_hour_abs_13_amount: 10.20700
data_price_hour_rel_+01_amount: 11.61000
data_price_hour_abs_14_amount: 11.61000
data_price_hour_rel_+02_amount: 12.39500
data_price_hour_abs_15_amount: 12.39500
data_price_hour_rel_+03_amount: 14.31000
data_price_hour_abs_16_amount: 14.31000
data_price_hour_rel_+04_amount: 15.55200
data_price_hour_abs_17_amount: 15.55200
data_price_hour_rel_+05_amount: 16.09100
data_price_hour_abs_18_amount: 16.09100
data_price_hour_rel_+06_amount: 15.32800
data_price_hour_abs_19_amount: 15.32800
data_price_hour_rel_+07_amount: 12.63800
data_price_hour_abs_20_amount: 12.63800
data_price_hour_rel_+08_amount: 11.82300
data_price_hour_abs_21_amount: 11.82300
data_price_hour_rel_+09_amount: 12.21300
data_price_hour_abs_22_amount: 12.21300
data_price_hour_rel_+10_amount: 11.33400
data_price_hour_abs_23_amount: 11.33400