date_now: 2024-02-22 13:19:23
date_now_epoch: 1708604363260
date_now_day: 22
date_now_month: 2
date_now_year: 2024
date_start: 2024-02-22 00:00:00
date_end: 2024-02-22 23:59:59
price_low: 0.19100
price_high: 8.19100
price_median: 6.08350
price_average: 5.09183
price_current: 6.89800
price_unit: Cent/kWh
price_threshold_00: 0.19100
price_threshold_01: 1.20600
price_threshold_02: 2.44800
price_threshold_03: 2.70100
price_threshold_04: 2.70700
price_threshold_05: 2.79500
price_threshold_06: 3.04700
price_threshold_07: 3.70000
price_threshold_08: 4.24500
price_threshold_09: 4.80500
price_threshold_10: 5.24200
price_threshold_11: 5.99100
price_threshold_12: 6.17600
price_threshold_13: 6.32500
price_threshold_14: 6.46500
price_threshold_15: 6.47500
price_threshold_16: 6.60900
price_threshold_17: 6.85300
price_threshold_18: 6.87700
price_threshold_19: 6.89800
price_threshold_20: 7.19500
price_threshold_21: 7.40900
price_threshold_22: 7.65300
price_threshold_23: 8.19100
data_price_hour_rel_-13_amount: 3.04700
data_price_hour_abs_00_amount: 3.04700
data_price_hour_rel_-12_amount: 2.70100
data_price_hour_abs_01_amount: 2.70100
data_price_hour_rel_-11_amount: 2.70700
data_price_hour_abs_02_amount: 2.70700
data_price_hour_rel_-10_amount: 2.79500
data_price_hour_abs_03_amount: 2.79500
data_price_hour_rel_-09_amount: 3.70000
data_price_hour_abs_04_amount: 3.70000
data_price_hour_rel_-08_amount: 4.80500
data_price_hour_abs_05_amount: 4.80500
data_price_hour_rel_-07_amount: 6.60900
data_price_hour_abs_06_amount: 6.60900
data_price_hour_rel_-06_amount: 7.65300
data_price_hour_abs_07_amount: 7.65300
data_price_hour_rel_-05_amount: 8.19100
data_price_hour_abs_08_amount: 8.19100
data_price_hour_rel_-04_amount: 7.40900
data_price_hour_abs_09_amount: 7.40900
data_price_hour_rel_-03_amount: 7.19500
data_price_hour_abs_10_amount: 7.19500
data_price_hour_rel_-02_amount: 6.85300
data_price_hour_abs_11_amount: 6.85300
data_price_hour_rel_-01_amount: 6.87700
data_price_hour_abs_12_amount: 6.87700
data_price_hour_rel_+00_amount: 6.89800
data_price_hour_abs_13_amount: 6.89800
data_price_hour_rel_+01_amount: 6.46500
data_price_hour_abs_14_amount: 6.46500
data_price_hour_rel_+02_amount: 6.47500
data_price_hour_abs_15_amount: 6.47500
data_price_hour_rel_+03_amount: 6.32500
data_price_hour_abs_16_amount: 6.32500
data_price_hour_rel_+04_amount: 6.17600
data_price_hour_abs_17_amount: 6.17600
data_price_hour_rel_+05_amount: 5.99100
data_price_hour_abs_18_amount: 5.99100
data_price_hour_rel_+06_amount: 5.24200
data_price_hour_abs_19_amount: 5.24200
data_price_hour_rel_+07_amount: 4.24500
data_price_hour_abs_20_amount: 4.24500
data_price_hour_rel_+08_amount: 2.44800
data_price_hour_abs_21_amount: 2.44800
data_price_hour_rel_+09_amount: 1.20600
data_price_hour_abs_22_amount: 1.20600
data_price_hour_rel_+10_amount: 0.19100
data_price_hour_abs_23_amount: 0.19100