date_now: 2024-01-04 13:20:35
date_now_epoch: 1704370835787
date_now_day: 4
date_now_month: 1
date_now_year: 2024
date_start: 2024-01-04 00:00:00
date_end: 2024-01-04 23:59:59
price_low: 2.54800
price_high: 14.46500
price_median: 9.07500
price_average: 8.54100
price_current: 8.59600
price_unit: Cent/kWh
price_threshold_00: 2.54800
price_threshold_01: 3.50000
price_threshold_02: 4.00000
price_threshold_03: 5.04600
price_threshold_04: 5.73000
price_threshold_05: 5.77300
price_threshold_06: 7.26500
price_threshold_07: 8.50200
price_threshold_08: 8.59600
price_threshold_09: 8.63000
price_threshold_10: 8.88300
price_threshold_11: 9.00300
price_threshold_12: 9.14700
price_threshold_13: 9.16100
price_threshold_14: 9.21100
price_threshold_15: 9.42000
price_threshold_16: 9.48600
price_threshold_17: 9.86200
price_threshold_18: 10.00100
price_threshold_19: 10.35900
price_threshold_20: 10.57300
price_threshold_21: 12.50000
price_threshold_22: 13.32300
price_threshold_23: 14.46500
data_price_hour_rel_-13_amount: 5.73000
data_price_hour_abs_00_amount: 5.73000
data_price_hour_rel_-12_amount: 5.04600
data_price_hour_abs_01_amount: 5.04600
data_price_hour_rel_-11_amount: 4.00000
data_price_hour_abs_02_amount: 4.00000
data_price_hour_rel_-10_amount: 2.54800
data_price_hour_abs_03_amount: 2.54800
data_price_hour_rel_-09_amount: 3.50000
data_price_hour_abs_04_amount: 3.50000
data_price_hour_rel_-08_amount: 5.77300
data_price_hour_abs_05_amount: 5.77300
data_price_hour_rel_-07_amount: 7.26500
data_price_hour_abs_06_amount: 7.26500
data_price_hour_rel_-06_amount: 8.50200
data_price_hour_abs_07_amount: 8.50200
data_price_hour_rel_-05_amount: 9.14700
data_price_hour_abs_08_amount: 9.14700
data_price_hour_rel_-04_amount: 9.42000
data_price_hour_abs_09_amount: 9.42000
data_price_hour_rel_-03_amount: 9.16100
data_price_hour_abs_10_amount: 9.16100
data_price_hour_rel_-02_amount: 9.00300
data_price_hour_abs_11_amount: 9.00300
data_price_hour_rel_-01_amount: 8.63000
data_price_hour_abs_12_amount: 8.63000
data_price_hour_rel_+00_amount: 8.59600
data_price_hour_abs_13_amount: 8.59600
data_price_hour_rel_+01_amount: 9.21100
data_price_hour_abs_14_amount: 9.21100
data_price_hour_rel_+02_amount: 9.86200
data_price_hour_abs_15_amount: 9.86200
data_price_hour_rel_+03_amount: 10.57300
data_price_hour_abs_16_amount: 10.57300
data_price_hour_rel_+04_amount: 13.32300
data_price_hour_abs_17_amount: 13.32300
data_price_hour_rel_+05_amount: 14.46500
data_price_hour_abs_18_amount: 14.46500
data_price_hour_rel_+06_amount: 12.50000
data_price_hour_abs_19_amount: 12.50000
data_price_hour_rel_+07_amount: 10.35900
data_price_hour_abs_20_amount: 10.35900
data_price_hour_rel_+08_amount: 10.00100
data_price_hour_abs_21_amount: 10.00100
data_price_hour_rel_+09_amount: 9.48600
data_price_hour_abs_22_amount: 9.48600
data_price_hour_rel_+10_amount: 8.88300
data_price_hour_abs_23_amount: 8.88300