date_now: 2024-08-03 14:22:14
date_now_epoch: 1722687734724
date_now_day: 3
date_now_month: 8
date_now_year: 2024
date_start: 2024-08-03 00:00:00
date_end: 2024-08-03 23:59:59
price_low: 0.41000
price_high: 13.66400
price_median: 9.12000
price_average: 7.52892
price_current: 0.41000
price_unit: Cent/kWh
price_threshold_00: 0.41000
price_threshold_01: 0.64100
price_threshold_02: 1.23800
price_threshold_03: 1.46600
price_threshold_04: 2.03600
price_threshold_05: 3.24400
price_threshold_06: 3.24400
price_threshold_07: 6.60600
price_threshold_08: 7.36100
price_threshold_09: 8.45000
price_threshold_10: 8.63100
price_threshold_11: 8.91000
price_threshold_12: 9.33000
price_threshold_13: 9.48800
price_threshold_14: 9.55100
price_threshold_15: 9.91400
price_threshold_16: 10.13000
price_threshold_17: 10.26500
price_threshold_18: 10.35500
price_threshold_19: 10.37400
price_threshold_20: 11.00200
price_threshold_21: 11.92000
price_threshold_22: 12.46400
price_threshold_23: 13.66400
data_price_hour_rel_-14_amount: 10.26500
data_price_hour_abs_00_amount: 10.26500
data_price_hour_rel_-13_amount: 9.91400
data_price_hour_abs_01_amount: 9.91400
data_price_hour_rel_-12_amount: 9.33000
data_price_hour_abs_02_amount: 9.33000
data_price_hour_rel_-11_amount: 8.91000
data_price_hour_abs_03_amount: 8.91000
data_price_hour_rel_-10_amount: 8.63100
data_price_hour_abs_04_amount: 8.63100
data_price_hour_rel_-09_amount: 9.48800
data_price_hour_abs_05_amount: 9.48800
data_price_hour_rel_-08_amount: 10.37400
data_price_hour_abs_06_amount: 10.37400
data_price_hour_rel_-07_amount: 9.55100
data_price_hour_abs_07_amount: 9.55100
data_price_hour_rel_-06_amount: 8.45000
data_price_hour_abs_08_amount: 8.45000
data_price_hour_rel_-05_amount: 6.60600
data_price_hour_abs_09_amount: 6.60600
data_price_hour_rel_-04_amount: 3.24400
data_price_hour_abs_10_amount: 3.24400
data_price_hour_rel_-03_amount: 2.03600
data_price_hour_abs_11_amount: 2.03600
data_price_hour_rel_-02_amount: 1.46600
data_price_hour_abs_12_amount: 1.46600
data_price_hour_rel_-01_amount: 0.64100
data_price_hour_abs_13_amount: 0.64100
data_price_hour_rel_+00_amount: 0.41000
data_price_hour_abs_14_amount: 0.41000
data_price_hour_rel_+01_amount: 1.23800
data_price_hour_abs_15_amount: 1.23800
data_price_hour_rel_+02_amount: 3.24400
data_price_hour_abs_16_amount: 3.24400
data_price_hour_rel_+03_amount: 7.36100
data_price_hour_abs_17_amount: 7.36100
data_price_hour_rel_+04_amount: 10.35500
data_price_hour_abs_18_amount: 10.35500
data_price_hour_rel_+05_amount: 11.00200
data_price_hour_abs_19_amount: 11.00200
data_price_hour_rel_+06_amount: 12.46400
data_price_hour_abs_20_amount: 12.46400
data_price_hour_rel_+07_amount: 13.66400
data_price_hour_abs_21_amount: 13.66400
data_price_hour_rel_+08_amount: 11.92000
data_price_hour_abs_22_amount: 11.92000
data_price_hour_rel_+09_amount: 10.13000
data_price_hour_abs_23_amount: 10.13000