date_now: 2024-02-23 13:19:43
date_now_epoch: 1708690783003
date_now_day: 23
date_now_month: 2
date_now_year: 2024
date_start: 2024-02-23 00:00:00
date_end: 2024-02-23 23:59:59
price_low: 0.00200
price_high: 8.64400
price_median: 4.80750
price_average: 4.37371
price_current: 3.36000
price_unit: Cent/kWh
price_threshold_00: 0.00200
price_threshold_01: 0.00900
price_threshold_02: 0.00900
price_threshold_03: 0.10700
price_threshold_04: 0.11900
price_threshold_05: 0.92300
price_threshold_06: 3.36000
price_threshold_07: 3.71000
price_threshold_08: 3.90800
price_threshold_09: 3.96800
price_threshold_10: 4.16500
price_threshold_11: 4.66400
price_threshold_12: 4.95100
price_threshold_13: 5.16900
price_threshold_14: 5.70600
price_threshold_15: 5.93500
price_threshold_16: 6.30800
price_threshold_17: 6.51000
price_threshold_18: 6.79800
price_threshold_19: 6.92600
price_threshold_20: 7.29700
price_threshold_21: 7.38000
price_threshold_22: 8.40100
price_threshold_23: 8.64400
data_price_hour_rel_-13_amount: 0.92300
data_price_hour_abs_00_amount: 0.92300
data_price_hour_rel_-12_amount: 0.10700
data_price_hour_abs_01_amount: 0.10700
data_price_hour_rel_-11_amount: 0.11900
data_price_hour_abs_02_amount: 0.11900
data_price_hour_rel_-10_amount: 0.00900
data_price_hour_abs_03_amount: 0.00900
data_price_hour_rel_-09_amount: 0.00200
data_price_hour_abs_04_amount: 0.00200
data_price_hour_rel_-08_amount: 0.00900
data_price_hour_abs_05_amount: 0.00900
data_price_hour_rel_-07_amount: 3.96800
data_price_hour_abs_06_amount: 3.96800
data_price_hour_rel_-06_amount: 5.70600
data_price_hour_abs_07_amount: 5.70600
data_price_hour_rel_-05_amount: 5.93500
data_price_hour_abs_08_amount: 5.93500
data_price_hour_rel_-04_amount: 5.16900
data_price_hour_abs_09_amount: 5.16900
data_price_hour_rel_-03_amount: 4.66400
data_price_hour_abs_10_amount: 4.66400
data_price_hour_rel_-02_amount: 4.16500
data_price_hour_abs_11_amount: 4.16500
data_price_hour_rel_-01_amount: 3.71000
data_price_hour_abs_12_amount: 3.71000
data_price_hour_rel_+00_amount: 3.36000
data_price_hour_abs_13_amount: 3.36000
data_price_hour_rel_+01_amount: 3.90800
data_price_hour_abs_14_amount: 3.90800
data_price_hour_rel_+02_amount: 4.95100
data_price_hour_abs_15_amount: 4.95100
data_price_hour_rel_+03_amount: 6.30800
data_price_hour_abs_16_amount: 6.30800
data_price_hour_rel_+04_amount: 7.38000
data_price_hour_abs_17_amount: 7.38000
data_price_hour_rel_+05_amount: 8.64400
data_price_hour_abs_18_amount: 8.64400
data_price_hour_rel_+06_amount: 8.40100
data_price_hour_abs_19_amount: 8.40100
data_price_hour_rel_+07_amount: 7.29700
data_price_hour_abs_20_amount: 7.29700
data_price_hour_rel_+08_amount: 6.92600
data_price_hour_abs_21_amount: 6.92600
data_price_hour_rel_+09_amount: 6.79800
data_price_hour_abs_22_amount: 6.79800
data_price_hour_rel_+10_amount: 6.51000
data_price_hour_abs_23_amount: 6.51000