date_now: 2024-05-16 14:22:54
date_now_epoch: 1715862174072
date_now_day: 16
date_now_month: 5
date_now_year: 2024
date_start: 2024-05-16 00:00:00
date_end: 2024-05-16 23:59:59
price_low: -0.07100
price_high: 10.99100
price_median: 5.03150
price_average: 4.95588
price_current: -0.01600
price_unit: Cent/kWh
price_threshold_00: -0.07100
price_threshold_01: -0.01600
price_threshold_02: -0.00200
price_threshold_03: 0.00100
price_threshold_04: 0.00800
price_threshold_05: 1.00000
price_threshold_06: 1.15000
price_threshold_07: 3.96200
price_threshold_08: 4.44400
price_threshold_09: 4.49500
price_threshold_10: 4.77600
price_threshold_11: 4.94900
price_threshold_12: 5.11400
price_threshold_13: 5.31000
price_threshold_14: 5.75000
price_threshold_15: 6.91800
price_threshold_16: 7.49600
price_threshold_17: 8.13500
price_threshold_18: 8.25700
price_threshold_19: 8.29800
price_threshold_20: 8.78900
price_threshold_21: 9.58100
price_threshold_22: 9.60600
price_threshold_23: 10.99100
data_price_hour_rel_-14_amount: 5.11400
data_price_hour_abs_00_amount: 5.11400
data_price_hour_rel_-13_amount: 4.77600
data_price_hour_abs_01_amount: 4.77600
data_price_hour_rel_-12_amount: 3.96200
data_price_hour_abs_02_amount: 3.96200
data_price_hour_rel_-11_amount: 4.94900
data_price_hour_abs_03_amount: 4.94900
data_price_hour_rel_-10_amount: 4.44400
data_price_hour_abs_04_amount: 4.44400
data_price_hour_rel_-09_amount: 5.75000
data_price_hour_abs_05_amount: 5.75000
data_price_hour_rel_-08_amount: 8.13500
data_price_hour_abs_06_amount: 8.13500
data_price_hour_rel_-07_amount: 9.58100
data_price_hour_abs_07_amount: 9.58100
data_price_hour_rel_-06_amount: 8.29800
data_price_hour_abs_08_amount: 8.29800
data_price_hour_rel_-05_amount: 5.31000
data_price_hour_abs_09_amount: 5.31000
data_price_hour_rel_-04_amount: 1.15000
data_price_hour_abs_10_amount: 1.15000
data_price_hour_rel_-03_amount: 0.00800
data_price_hour_abs_11_amount: 0.00800
data_price_hour_rel_-02_amount: -0.00200
data_price_hour_abs_12_amount: -0.00200
data_price_hour_rel_-01_amount: -0.07100
data_price_hour_abs_13_amount: -0.07100
data_price_hour_rel_+00_amount: -0.01600
data_price_hour_abs_14_amount: -0.01600
data_price_hour_rel_+01_amount: 0.00100
data_price_hour_abs_15_amount: 0.00100
data_price_hour_rel_+02_amount: 1.00000
data_price_hour_abs_16_amount: 1.00000
data_price_hour_rel_+03_amount: 4.49500
data_price_hour_abs_17_amount: 4.49500
data_price_hour_rel_+04_amount: 7.49600
data_price_hour_abs_18_amount: 7.49600
data_price_hour_rel_+05_amount: 9.60600
data_price_hour_abs_19_amount: 9.60600
data_price_hour_rel_+06_amount: 10.99100
data_price_hour_abs_20_amount: 10.99100
data_price_hour_rel_+07_amount: 8.78900
data_price_hour_abs_21_amount: 8.78900
data_price_hour_rel_+08_amount: 8.25700
data_price_hour_abs_22_amount: 8.25700
data_price_hour_rel_+09_amount: 6.91800
data_price_hour_abs_23_amount: 6.91800