date_now: 2024-11-19 13:29:57
date_now_epoch: 1732019397400
date_now_day: 19
date_now_month: 11
date_now_year: 2024
date_start: 2024-11-19 00:00:00
date_end: 2024-11-19 23:59:59
price_low: 8.98400
price_high: 15.75700
price_median: 12.73550
price_average: 12.39925
price_current: 14.41400
price_unit: Cent/kWh
price_threshold_00: 8.98400
price_threshold_01: 9.17300
price_threshold_02: 9.52800
price_threshold_03: 9.55800
price_threshold_04: 9.87300
price_threshold_05: 10.14000
price_threshold_06: 10.52500
price_threshold_07: 10.70600
price_threshold_08: 10.93700
price_threshold_09: 11.62700
price_threshold_10: 11.71000
price_threshold_11: 12.59300
price_threshold_12: 12.87800
price_threshold_13: 13.15900
price_threshold_14: 13.28900
price_threshold_15: 13.46500
price_threshold_16: 14.01500
price_threshold_17: 14.01900
price_threshold_18: 14.41400
price_threshold_19: 14.81900
price_threshold_20: 15.28100
price_threshold_21: 15.50600
price_threshold_22: 15.62600
price_threshold_23: 15.75700
data_price_hour_rel_-13_amount: 10.70600
data_price_hour_abs_00_amount: 10.70600
data_price_hour_rel_-12_amount: 10.14000
data_price_hour_abs_01_amount: 10.14000
data_price_hour_rel_-11_amount: 9.55800
data_price_hour_abs_02_amount: 9.55800
data_price_hour_rel_-10_amount: 9.17300
data_price_hour_abs_03_amount: 9.17300
data_price_hour_rel_-09_amount: 9.52800
data_price_hour_abs_04_amount: 9.52800
data_price_hour_rel_-08_amount: 9.87300
data_price_hour_abs_05_amount: 9.87300
data_price_hour_rel_-07_amount: 11.62700
data_price_hour_abs_06_amount: 11.62700
data_price_hour_rel_-06_amount: 13.15900
data_price_hour_abs_07_amount: 13.15900
data_price_hour_rel_-05_amount: 15.50600
data_price_hour_abs_08_amount: 15.50600
data_price_hour_rel_-04_amount: 15.75700
data_price_hour_abs_09_amount: 15.75700
data_price_hour_rel_-03_amount: 15.62600
data_price_hour_abs_10_amount: 15.62600
data_price_hour_rel_-02_amount: 15.28100
data_price_hour_abs_11_amount: 15.28100
data_price_hour_rel_-01_amount: 14.81900
data_price_hour_abs_12_amount: 14.81900
data_price_hour_rel_+00_amount: 14.41400
data_price_hour_abs_13_amount: 14.41400
data_price_hour_rel_+01_amount: 14.01500
data_price_hour_abs_14_amount: 14.01500
data_price_hour_rel_+02_amount: 12.87800
data_price_hour_abs_15_amount: 12.87800
data_price_hour_rel_+03_amount: 13.28900
data_price_hour_abs_16_amount: 13.28900
data_price_hour_rel_+04_amount: 14.01900
data_price_hour_abs_17_amount: 14.01900
data_price_hour_rel_+05_amount: 13.46500
data_price_hour_abs_18_amount: 13.46500
data_price_hour_rel_+06_amount: 12.59300
data_price_hour_abs_19_amount: 12.59300
data_price_hour_rel_+07_amount: 11.71000
data_price_hour_abs_20_amount: 11.71000
data_price_hour_rel_+08_amount: 10.93700
data_price_hour_abs_21_amount: 10.93700
data_price_hour_rel_+09_amount: 10.52500
data_price_hour_abs_22_amount: 10.52500
data_price_hour_rel_+10_amount: 8.98400
data_price_hour_abs_23_amount: 8.98400