date_now: 2024-12-09 13:32:40
date_now_epoch: 1733747560745
date_now_day: 9
date_now_month: 12
date_now_year: 2024
date_start: 2024-12-09 00:00:00
date_end: 2024-12-09 23:59:59
price_low: 3.44000
price_high: 12.98100
price_median: 11.55250
price_average: 9.95912
price_current: 12.45100
price_unit: Cent/kWh
price_threshold_00: 3.44000
price_threshold_01: 3.51300
price_threshold_02: 4.00100
price_threshold_03: 5.58300
price_threshold_04: 7.13600
price_threshold_05: 7.22400
price_threshold_06: 7.94000
price_threshold_07: 9.27700
price_threshold_08: 9.84800
price_threshold_09: 10.09800
price_threshold_10: 11.33400
price_threshold_11: 11.49700
price_threshold_12: 11.60800
price_threshold_13: 11.68300
price_threshold_14: 12.05700
price_threshold_15: 12.13500
price_threshold_16: 12.25400
price_threshold_17: 12.31200
price_threshold_18: 12.36900
price_threshold_19: 12.45100
price_threshold_20: 12.57600
price_threshold_21: 12.83200
price_threshold_22: 12.87000
price_threshold_23: 12.98100
data_price_hour_rel_-13_amount: 7.13600
data_price_hour_abs_00_amount: 7.13600
data_price_hour_rel_-12_amount: 5.58300
data_price_hour_abs_01_amount: 5.58300
data_price_hour_rel_-11_amount: 3.51300
data_price_hour_abs_02_amount: 3.51300
data_price_hour_rel_-10_amount: 3.44000
data_price_hour_abs_03_amount: 3.44000
data_price_hour_rel_-09_amount: 4.00100
data_price_hour_abs_04_amount: 4.00100
data_price_hour_rel_-08_amount: 7.22400
data_price_hour_abs_05_amount: 7.22400
data_price_hour_rel_-07_amount: 7.94000
data_price_hour_abs_06_amount: 7.94000
data_price_hour_rel_-06_amount: 11.33400
data_price_hour_abs_07_amount: 11.33400
data_price_hour_rel_-05_amount: 12.25400
data_price_hour_abs_08_amount: 12.25400
data_price_hour_rel_-04_amount: 12.31200
data_price_hour_abs_09_amount: 12.31200
data_price_hour_rel_-03_amount: 12.98100
data_price_hour_abs_10_amount: 12.98100
data_price_hour_rel_-02_amount: 12.87000
data_price_hour_abs_11_amount: 12.87000
data_price_hour_rel_-01_amount: 12.83200
data_price_hour_abs_12_amount: 12.83200
data_price_hour_rel_+00_amount: 12.45100
data_price_hour_abs_13_amount: 12.45100
data_price_hour_rel_+01_amount: 12.13500
data_price_hour_abs_14_amount: 12.13500
data_price_hour_rel_+02_amount: 11.68300
data_price_hour_abs_15_amount: 11.68300
data_price_hour_rel_+03_amount: 11.60800
data_price_hour_abs_16_amount: 11.60800
data_price_hour_rel_+04_amount: 12.05700
data_price_hour_abs_17_amount: 12.05700
data_price_hour_rel_+05_amount: 12.36900
data_price_hour_abs_18_amount: 12.36900
data_price_hour_rel_+06_amount: 12.57600
data_price_hour_abs_19_amount: 12.57600
data_price_hour_rel_+07_amount: 11.49700
data_price_hour_abs_20_amount: 11.49700
data_price_hour_rel_+08_amount: 10.09800
data_price_hour_abs_21_amount: 10.09800
data_price_hour_rel_+09_amount: 9.84800
data_price_hour_abs_22_amount: 9.84800
data_price_hour_rel_+10_amount: 9.27700
data_price_hour_abs_23_amount: 9.27700