date_now: 2024-04-03 14:20:34
date_now_epoch: 1712146834267
date_now_day: 3
date_now_month: 4
date_now_year: 2024
date_start: 2024-04-03 00:00:00
date_end: 2024-04-03 23:59:59
price_low: 6.38900
price_high: 12.33000
price_median: 7.98400
price_average: 8.73729
price_current: 7.30400
price_unit: Cent/kWh
price_threshold_00: 6.38900
price_threshold_01: 7.00500
price_threshold_02: 7.17500
price_threshold_03: 7.23400
price_threshold_04: 7.25100
price_threshold_05: 7.30400
price_threshold_06: 7.30700
price_threshold_07: 7.41300
price_threshold_08: 7.55100
price_threshold_09: 7.67000
price_threshold_10: 7.68800
price_threshold_11: 7.87100
price_threshold_12: 8.09700
price_threshold_13: 8.20300
price_threshold_14: 9.08100
price_threshold_15: 9.24400
price_threshold_16: 9.49100
price_threshold_17: 10.09800
price_threshold_18: 10.15800
price_threshold_19: 10.73500
price_threshold_20: 10.81400
price_threshold_21: 11.79300
price_threshold_22: 11.79300
price_threshold_23: 12.33000
data_price_hour_rel_-14_amount: 7.41300
data_price_hour_abs_00_amount: 7.41300
data_price_hour_rel_-13_amount: 7.17500
data_price_hour_abs_01_amount: 7.17500
data_price_hour_rel_-12_amount: 7.00500
data_price_hour_abs_02_amount: 7.00500
data_price_hour_rel_-11_amount: 7.25100
data_price_hour_abs_03_amount: 7.25100
data_price_hour_rel_-10_amount: 7.23400
data_price_hour_abs_04_amount: 7.23400
data_price_hour_rel_-09_amount: 7.87100
data_price_hour_abs_05_amount: 7.87100
data_price_hour_rel_-08_amount: 9.49100
data_price_hour_abs_06_amount: 9.49100
data_price_hour_rel_-07_amount: 11.79300
data_price_hour_abs_07_amount: 11.79300
data_price_hour_rel_-06_amount: 11.79300
data_price_hour_abs_08_amount: 11.79300
data_price_hour_rel_-05_amount: 10.09800
data_price_hour_abs_09_amount: 10.09800
data_price_hour_rel_-04_amount: 10.73500
data_price_hour_abs_10_amount: 10.73500
data_price_hour_rel_-03_amount: 9.08100
data_price_hour_abs_11_amount: 9.08100
data_price_hour_rel_-02_amount: 8.20300
data_price_hour_abs_12_amount: 8.20300
data_price_hour_rel_-01_amount: 7.68800
data_price_hour_abs_13_amount: 7.68800
data_price_hour_rel_+00_amount: 7.30400
data_price_hour_abs_14_amount: 7.30400
data_price_hour_rel_+01_amount: 7.30700
data_price_hour_abs_15_amount: 7.30700
data_price_hour_rel_+02_amount: 7.67000
data_price_hour_abs_16_amount: 7.67000
data_price_hour_rel_+03_amount: 9.24400
data_price_hour_abs_17_amount: 9.24400
data_price_hour_rel_+04_amount: 10.81400
data_price_hour_abs_18_amount: 10.81400
data_price_hour_rel_+05_amount: 12.33000
data_price_hour_abs_19_amount: 12.33000
data_price_hour_rel_+06_amount: 10.15800
data_price_hour_abs_20_amount: 10.15800
data_price_hour_rel_+07_amount: 8.09700
data_price_hour_abs_21_amount: 8.09700
data_price_hour_rel_+08_amount: 7.55100
data_price_hour_abs_22_amount: 7.55100
data_price_hour_rel_+09_amount: 6.38900
data_price_hour_abs_23_amount: 6.38900