date_now: 2024-12-17 13:31:19
date_now_epoch: 1734438679619
date_now_day: 17
date_now_month: 12
date_now_year: 2024
date_start: 2024-12-17 00:00:00
date_end: 2024-12-17 23:59:59
price_low: 2.09400
price_high: 12.73300
price_median: 10.25500
price_average: 8.63008
price_current: 10.62000
price_unit: Cent/kWh
price_threshold_00: 2.09400
price_threshold_01: 2.15700
price_threshold_02: 2.50100
price_threshold_03: 2.89800
price_threshold_04: 3.74500
price_threshold_05: 5.72700
price_threshold_06: 6.77700
price_threshold_07: 7.06600
price_threshold_08: 9.24400
price_threshold_09: 9.58400
price_threshold_10: 9.85100
price_threshold_11: 10.23800
price_threshold_12: 10.27200
price_threshold_13: 10.49400
price_threshold_14: 10.62000
price_threshold_15: 10.81000
price_threshold_16: 10.84000
price_threshold_17: 10.96300
price_threshold_18: 11.40400
price_threshold_19: 11.59200
price_threshold_20: 11.64200
price_threshold_21: 11.71000
price_threshold_22: 12.16000
price_threshold_23: 12.73300
data_price_hour_rel_-13_amount: 3.74500
data_price_hour_abs_00_amount: 3.74500
data_price_hour_rel_-12_amount: 2.15700
data_price_hour_abs_01_amount: 2.15700
data_price_hour_rel_-11_amount: 2.09400
data_price_hour_abs_02_amount: 2.09400
data_price_hour_rel_-10_amount: 2.50100
data_price_hour_abs_03_amount: 2.50100
data_price_hour_rel_-09_amount: 2.89800
data_price_hour_abs_04_amount: 2.89800
data_price_hour_rel_-08_amount: 5.72700
data_price_hour_abs_05_amount: 5.72700
data_price_hour_rel_-07_amount: 6.77700
data_price_hour_abs_06_amount: 6.77700
data_price_hour_rel_-06_amount: 10.49400
data_price_hour_abs_07_amount: 10.49400
data_price_hour_rel_-05_amount: 11.59200
data_price_hour_abs_08_amount: 11.59200
data_price_hour_rel_-04_amount: 11.40400
data_price_hour_abs_09_amount: 11.40400
data_price_hour_rel_-03_amount: 10.84000
data_price_hour_abs_10_amount: 10.84000
data_price_hour_rel_-02_amount: 10.23800
data_price_hour_abs_11_amount: 10.23800
data_price_hour_rel_-01_amount: 10.27200
data_price_hour_abs_12_amount: 10.27200
data_price_hour_rel_+00_amount: 10.62000
data_price_hour_abs_13_amount: 10.62000
data_price_hour_rel_+01_amount: 10.96300
data_price_hour_abs_14_amount: 10.96300
data_price_hour_rel_+02_amount: 11.64200
data_price_hour_abs_15_amount: 11.64200
data_price_hour_rel_+03_amount: 11.71000
data_price_hour_abs_16_amount: 11.71000
data_price_hour_rel_+04_amount: 12.73300
data_price_hour_abs_17_amount: 12.73300
data_price_hour_rel_+05_amount: 12.16000
data_price_hour_abs_18_amount: 12.16000
data_price_hour_rel_+06_amount: 10.81000
data_price_hour_abs_19_amount: 10.81000
data_price_hour_rel_+07_amount: 9.85100
data_price_hour_abs_20_amount: 9.85100
data_price_hour_rel_+08_amount: 9.58400
data_price_hour_abs_21_amount: 9.58400
data_price_hour_rel_+09_amount: 9.24400
data_price_hour_abs_22_amount: 9.24400
data_price_hour_rel_+10_amount: 7.06600
data_price_hour_abs_23_amount: 7.06600