date_now: 2024-10-23 14:28:34
date_now_epoch: 1729686514462
date_now_day: 23
date_now_month: 10
date_now_year: 2024
date_start: 2024-10-23 00:00:00
date_end: 2024-10-23 23:59:59
price_low: 7.89700
price_high: 21.81800
price_median: 9.76850
price_average: 11.19967
price_current: 7.89700
price_unit: Cent/kWh
price_threshold_00: 7.89700
price_threshold_01: 8.08300
price_threshold_02: 8.09900
price_threshold_03: 8.20200
price_threshold_04: 8.32100
price_threshold_05: 8.32300
price_threshold_06: 8.56200
price_threshold_07: 8.58000
price_threshold_08: 8.86200
price_threshold_09: 9.31600
price_threshold_10: 9.36000
price_threshold_11: 9.38600
price_threshold_12: 10.15100
price_threshold_13: 10.19000
price_threshold_14: 10.33300
price_threshold_15: 10.41000
price_threshold_16: 10.81900
price_threshold_17: 11.17100
price_threshold_18: 12.84200
price_threshold_19: 14.71500
price_threshold_20: 17.27900
price_threshold_21: 17.76000
price_threshold_22: 18.31300
price_threshold_23: 21.81800
data_price_hour_rel_-14_amount: 8.08300
data_price_hour_abs_00_amount: 8.08300
data_price_hour_rel_-13_amount: 8.32300
data_price_hour_abs_01_amount: 8.32300
data_price_hour_rel_-12_amount: 8.20200
data_price_hour_abs_02_amount: 8.20200
data_price_hour_rel_-11_amount: 8.32100
data_price_hour_abs_03_amount: 8.32100
data_price_hour_rel_-10_amount: 8.58000
data_price_hour_abs_04_amount: 8.58000
data_price_hour_rel_-09_amount: 9.36000
data_price_hour_abs_05_amount: 9.36000
data_price_hour_rel_-08_amount: 10.81900
data_price_hour_abs_06_amount: 10.81900
data_price_hour_rel_-07_amount: 17.27900
data_price_hour_abs_07_amount: 17.27900
data_price_hour_rel_-06_amount: 18.31300
data_price_hour_abs_08_amount: 18.31300
data_price_hour_rel_-05_amount: 12.84200
data_price_hour_abs_09_amount: 12.84200
data_price_hour_rel_-04_amount: 10.41000
data_price_hour_abs_10_amount: 10.41000
data_price_hour_rel_-03_amount: 9.38600
data_price_hour_abs_11_amount: 9.38600
data_price_hour_rel_-02_amount: 8.56200
data_price_hour_abs_12_amount: 8.56200
data_price_hour_rel_-01_amount: 8.09900
data_price_hour_abs_13_amount: 8.09900
data_price_hour_rel_+00_amount: 7.89700
data_price_hour_abs_14_amount: 7.89700
data_price_hour_rel_+01_amount: 8.86200
data_price_hour_abs_15_amount: 8.86200
data_price_hour_rel_+02_amount: 10.19000
data_price_hour_abs_16_amount: 10.19000
data_price_hour_rel_+03_amount: 14.71500
data_price_hour_abs_17_amount: 14.71500
data_price_hour_rel_+04_amount: 21.81800
data_price_hour_abs_18_amount: 21.81800
data_price_hour_rel_+05_amount: 17.76000
data_price_hour_abs_19_amount: 17.76000
data_price_hour_rel_+06_amount: 11.17100
data_price_hour_abs_20_amount: 11.17100
data_price_hour_rel_+07_amount: 10.15100
data_price_hour_abs_21_amount: 10.15100
data_price_hour_rel_+08_amount: 10.33300
data_price_hour_abs_22_amount: 10.33300
data_price_hour_rel_+09_amount: 9.31600
data_price_hour_abs_23_amount: 9.31600