date_now: 2024-11-04 13:29:48
date_now_epoch: 1730723388991
date_now_day: 4
date_now_month: 11
date_now_year: 2024
date_start: 2024-11-04 00:00:00
date_end: 2024-11-04 23:59:59
price_low: 8.98600
price_high: 29.02100
price_median: 10.55750
price_average: 12.58683
price_current: 9.84700
price_unit: Cent/kWh
price_threshold_00: 8.98600
price_threshold_01: 8.99600
price_threshold_02: 9.00700
price_threshold_03: 9.08000
price_threshold_04: 9.20400
price_threshold_05: 9.51600
price_threshold_06: 9.71200
price_threshold_07: 9.76000
price_threshold_08: 9.84700
price_threshold_09: 9.85200
price_threshold_10: 10.00000
price_threshold_11: 10.31700
price_threshold_12: 10.79800
price_threshold_13: 11.22700
price_threshold_14: 12.06300
price_threshold_15: 12.30000
price_threshold_16: 12.48900
price_threshold_17: 13.04000
price_threshold_18: 13.91800
price_threshold_19: 14.49100
price_threshold_20: 16.20900
price_threshold_21: 18.14700
price_threshold_22: 24.10400
price_threshold_23: 29.02100
data_price_hour_rel_-13_amount: 9.20400
data_price_hour_abs_00_amount: 9.20400
data_price_hour_rel_-12_amount: 8.99600
data_price_hour_abs_01_amount: 8.99600
data_price_hour_rel_-11_amount: 9.00700
data_price_hour_abs_02_amount: 9.00700
data_price_hour_rel_-10_amount: 8.98600
data_price_hour_abs_03_amount: 8.98600
data_price_hour_rel_-09_amount: 9.08000
data_price_hour_abs_04_amount: 9.08000
data_price_hour_rel_-08_amount: 9.85200
data_price_hour_abs_05_amount: 9.85200
data_price_hour_rel_-07_amount: 12.48900
data_price_hour_abs_06_amount: 12.48900
data_price_hour_rel_-06_amount: 14.49100
data_price_hour_abs_07_amount: 14.49100
data_price_hour_rel_-05_amount: 13.91800
data_price_hour_abs_08_amount: 13.91800
data_price_hour_rel_-04_amount: 12.06300
data_price_hour_abs_09_amount: 12.06300
data_price_hour_rel_-03_amount: 10.00000
data_price_hour_abs_10_amount: 10.00000
data_price_hour_rel_-02_amount: 9.71200
data_price_hour_abs_11_amount: 9.71200
data_price_hour_rel_-01_amount: 9.51600
data_price_hour_abs_12_amount: 9.51600
data_price_hour_rel_+00_amount: 9.84700
data_price_hour_abs_13_amount: 9.84700
data_price_hour_rel_+01_amount: 10.31700
data_price_hour_abs_14_amount: 10.31700
data_price_hour_rel_+02_amount: 13.04000
data_price_hour_abs_15_amount: 13.04000
data_price_hour_rel_+03_amount: 18.14700
data_price_hour_abs_16_amount: 18.14700
data_price_hour_rel_+04_amount: 29.02100
data_price_hour_abs_17_amount: 29.02100
data_price_hour_rel_+05_amount: 24.10400
data_price_hour_abs_18_amount: 24.10400
data_price_hour_rel_+06_amount: 16.20900
data_price_hour_abs_19_amount: 16.20900
data_price_hour_rel_+07_amount: 12.30000
data_price_hour_abs_20_amount: 12.30000
data_price_hour_rel_+08_amount: 11.22700
data_price_hour_abs_21_amount: 11.22700
data_price_hour_rel_+09_amount: 10.79800
data_price_hour_abs_22_amount: 10.79800
data_price_hour_rel_+10_amount: 9.76000
data_price_hour_abs_23_amount: 9.76000