date_now: 2024-03-22 13:20:16
date_now_epoch: 1711110016427
date_now_day: 22
date_now_month: 3
date_now_year: 2024
date_start: 2024-03-22 00:00:00
date_end: 2024-03-22 23:59:59
price_low: 4.96900
price_high: 12.15900
price_median: 5.99300
price_average: 6.85408
price_current: 5.14900
price_unit: Cent/kWh
price_threshold_00: 4.96900
price_threshold_01: 4.97600
price_threshold_02: 4.98500
price_threshold_03: 5.14900
price_threshold_04: 5.18100
price_threshold_05: 5.18300
price_threshold_06: 5.22400
price_threshold_07: 5.23900
price_threshold_08: 5.28000
price_threshold_09: 5.63200
price_threshold_10: 5.63400
price_threshold_11: 5.98900
price_threshold_12: 5.99700
price_threshold_13: 6.73900
price_threshold_14: 6.80900
price_threshold_15: 7.41000
price_threshold_16: 7.68700
price_threshold_17: 7.74700
price_threshold_18: 8.01500
price_threshold_19: 8.22500
price_threshold_20: 8.89800
price_threshold_21: 9.50000
price_threshold_22: 11.87100
price_threshold_23: 12.15900
data_price_hour_rel_-13_amount: 5.63400
data_price_hour_abs_00_amount: 5.63400
data_price_hour_rel_-12_amount: 5.22400
data_price_hour_abs_01_amount: 5.22400
data_price_hour_rel_-11_amount: 4.96900
data_price_hour_abs_02_amount: 4.96900
data_price_hour_rel_-10_amount: 5.18300
data_price_hour_abs_03_amount: 5.18300
data_price_hour_rel_-09_amount: 5.28000
data_price_hour_abs_04_amount: 5.28000
data_price_hour_rel_-08_amount: 5.98900
data_price_hour_abs_05_amount: 5.98900
data_price_hour_rel_-07_amount: 7.41000
data_price_hour_abs_06_amount: 7.41000
data_price_hour_rel_-06_amount: 6.73900
data_price_hour_abs_07_amount: 6.73900
data_price_hour_rel_-05_amount: 6.80900
data_price_hour_abs_08_amount: 6.80900
data_price_hour_rel_-04_amount: 5.63200
data_price_hour_abs_09_amount: 5.63200
data_price_hour_rel_-03_amount: 5.18100
data_price_hour_abs_10_amount: 5.18100
data_price_hour_rel_-02_amount: 4.98500
data_price_hour_abs_11_amount: 4.98500
data_price_hour_rel_-01_amount: 4.97600
data_price_hour_abs_12_amount: 4.97600
data_price_hour_rel_+00_amount: 5.14900
data_price_hour_abs_13_amount: 5.14900
data_price_hour_rel_+01_amount: 5.23900
data_price_hour_abs_14_amount: 5.23900
data_price_hour_rel_+02_amount: 5.99700
data_price_hour_abs_15_amount: 5.99700
data_price_hour_rel_+03_amount: 7.68700
data_price_hour_abs_16_amount: 7.68700
data_price_hour_rel_+04_amount: 8.89800
data_price_hour_abs_17_amount: 8.89800
data_price_hour_rel_+05_amount: 12.15900
data_price_hour_abs_18_amount: 12.15900
data_price_hour_rel_+06_amount: 11.87100
data_price_hour_abs_19_amount: 11.87100
data_price_hour_rel_+07_amount: 9.50000
data_price_hour_abs_20_amount: 9.50000
data_price_hour_rel_+08_amount: 8.22500
data_price_hour_abs_21_amount: 8.22500
data_price_hour_rel_+09_amount: 8.01500
data_price_hour_abs_22_amount: 8.01500
data_price_hour_rel_+10_amount: 7.74700
data_price_hour_abs_23_amount: 7.74700