date_now: 2024-08-05 14:25:48
date_now_epoch: 1722860748019
date_now_day: 5
date_now_month: 8
date_now_year: 2024
date_start: 2024-08-05 00:00:00
date_end: 2024-08-05 23:59:59
price_low: 3.63500
price_high: 25.00100
price_median: 9.13200
price_average: 9.98563
price_current: 3.63500
price_unit: Cent/kWh
price_threshold_00: 3.63500
price_threshold_01: 4.20500
price_threshold_02: 5.14300
price_threshold_03: 5.71200
price_threshold_04: 6.43000
price_threshold_05: 7.01000
price_threshold_06: 7.45000
price_threshold_07: 8.23000
price_threshold_08: 8.35900
price_threshold_09: 8.53200
price_threshold_10: 8.53500
price_threshold_11: 8.54000
price_threshold_12: 9.72400
price_threshold_13: 10.28300
price_threshold_14: 10.29200
price_threshold_15: 10.30800
price_threshold_16: 10.89700
price_threshold_17: 11.39700
price_threshold_18: 11.89800
price_threshold_19: 12.03000
price_threshold_20: 13.67500
price_threshold_21: 15.27600
price_threshold_22: 17.09300
price_threshold_23: 25.00100
data_price_hour_rel_-14_amount: 10.30800
data_price_hour_abs_00_amount: 10.30800
data_price_hour_rel_-13_amount: 8.53200
data_price_hour_abs_01_amount: 8.53200
data_price_hour_rel_-12_amount: 8.23000
data_price_hour_abs_02_amount: 8.23000
data_price_hour_rel_-11_amount: 8.53500
data_price_hour_abs_03_amount: 8.53500
data_price_hour_rel_-10_amount: 8.35900
data_price_hour_abs_04_amount: 8.35900
data_price_hour_rel_-09_amount: 9.72400
data_price_hour_abs_05_amount: 9.72400
data_price_hour_rel_-08_amount: 11.89800
data_price_hour_abs_06_amount: 11.89800
data_price_hour_rel_-07_amount: 13.67500
data_price_hour_abs_07_amount: 13.67500
data_price_hour_rel_-06_amount: 11.39700
data_price_hour_abs_08_amount: 11.39700
data_price_hour_rel_-05_amount: 10.28300
data_price_hour_abs_09_amount: 10.28300
data_price_hour_rel_-04_amount: 7.45000
data_price_hour_abs_10_amount: 7.45000
data_price_hour_rel_-03_amount: 6.43000
data_price_hour_abs_11_amount: 6.43000
data_price_hour_rel_-02_amount: 5.71200
data_price_hour_abs_12_amount: 5.71200
data_price_hour_rel_-01_amount: 4.20500
data_price_hour_abs_13_amount: 4.20500
data_price_hour_rel_+00_amount: 3.63500
data_price_hour_abs_14_amount: 3.63500
data_price_hour_rel_+01_amount: 5.14300
data_price_hour_abs_15_amount: 5.14300
data_price_hour_rel_+02_amount: 7.01000
data_price_hour_abs_16_amount: 7.01000
data_price_hour_rel_+03_amount: 8.54000
data_price_hour_abs_17_amount: 8.54000
data_price_hour_rel_+04_amount: 10.89700
data_price_hour_abs_18_amount: 10.89700
data_price_hour_rel_+05_amount: 15.27600
data_price_hour_abs_19_amount: 15.27600
data_price_hour_rel_+06_amount: 25.00100
data_price_hour_abs_20_amount: 25.00100
data_price_hour_rel_+07_amount: 17.09300
data_price_hour_abs_21_amount: 17.09300
data_price_hour_rel_+08_amount: 12.03000
data_price_hour_abs_22_amount: 12.03000
data_price_hour_rel_+09_amount: 10.29200
data_price_hour_abs_23_amount: 10.29200