date_now: 2024-08-22 14:25:28
date_now_epoch: 1724329528922
date_now_day: 22
date_now_month: 8
date_now_year: 2024
date_start: 2024-08-22 00:00:00
date_end: 2024-08-22 23:59:59
price_low: -0.43500
price_high: 12.94600
price_median: 7.90800
price_average: 6.30421
price_current: -0.15100
price_unit: Cent/kWh
price_threshold_00: -0.43500
price_threshold_01: -0.25600
price_threshold_02: -0.15100
price_threshold_03: -0.03800
price_threshold_04: -0.00900
price_threshold_05: 0.00000
price_threshold_06: 1.48000
price_threshold_07: 2.48900
price_threshold_08: 7.02300
price_threshold_09: 7.30400
price_threshold_10: 7.31000
price_threshold_11: 7.89400
price_threshold_12: 7.92200
price_threshold_13: 8.01700
price_threshold_14: 8.04600
price_threshold_15: 8.54200
price_threshold_16: 8.94600
price_threshold_17: 9.54800
price_threshold_18: 9.99500
price_threshold_19: 10.99900
price_threshold_20: 11.15000
price_threshold_21: 11.27400
price_threshold_22: 11.30500
price_threshold_23: 12.94600
data_price_hour_rel_-14_amount: 7.89400
data_price_hour_abs_00_amount: 7.89400
data_price_hour_rel_-13_amount: 7.30400
data_price_hour_abs_01_amount: 7.30400
data_price_hour_rel_-12_amount: 8.04600
data_price_hour_abs_02_amount: 8.04600
data_price_hour_rel_-11_amount: 8.01700
data_price_hour_abs_03_amount: 8.01700
data_price_hour_rel_-10_amount: 7.02300
data_price_hour_abs_04_amount: 7.02300
data_price_hour_rel_-09_amount: 8.54200
data_price_hour_abs_05_amount: 8.54200
data_price_hour_rel_-08_amount: 9.99500
data_price_hour_abs_06_amount: 9.99500
data_price_hour_rel_-07_amount: 12.94600
data_price_hour_abs_07_amount: 12.94600
data_price_hour_rel_-06_amount: 11.30500
data_price_hour_abs_08_amount: 11.30500
data_price_hour_rel_-05_amount: 7.31000
data_price_hour_abs_09_amount: 7.31000
data_price_hour_rel_-04_amount: 1.48000
data_price_hour_abs_10_amount: 1.48000
data_price_hour_rel_-03_amount: 0.00000
data_price_hour_abs_11_amount: 0.00000
data_price_hour_rel_-02_amount: -0.03800
data_price_hour_abs_12_amount: -0.03800
data_price_hour_rel_-01_amount: -0.25600
data_price_hour_abs_13_amount: -0.25600
data_price_hour_rel_+00_amount: -0.15100
data_price_hour_abs_14_amount: -0.15100
data_price_hour_rel_+01_amount: -0.43500
data_price_hour_abs_15_amount: -0.43500
data_price_hour_rel_+02_amount: -0.00900
data_price_hour_abs_16_amount: -0.00900
data_price_hour_rel_+03_amount: 2.48900
data_price_hour_abs_17_amount: 2.48900
data_price_hour_rel_+04_amount: 8.94600
data_price_hour_abs_18_amount: 8.94600
data_price_hour_rel_+05_amount: 11.27400
data_price_hour_abs_19_amount: 11.27400
data_price_hour_rel_+06_amount: 11.15000
data_price_hour_abs_20_amount: 11.15000
data_price_hour_rel_+07_amount: 10.99900
data_price_hour_abs_21_amount: 10.99900
data_price_hour_rel_+08_amount: 9.54800
data_price_hour_abs_22_amount: 9.54800
data_price_hour_rel_+09_amount: 7.92200
data_price_hour_abs_23_amount: 7.92200