date_now: 2024-11-05 13:26:32
date_now_epoch: 1730809592116
date_now_day: 5
date_now_month: 11
date_now_year: 2024
date_start: 2024-11-05 00:00:00
date_end: 2024-11-05 23:59:59
price_low: 9.12000
price_high: 50.53100
price_median: 11.40600
price_average: 16.47850
price_current: 9.92500
price_unit: Cent/kWh
price_threshold_00: 9.12000
price_threshold_01: 9.30000
price_threshold_02: 9.40000
price_threshold_03: 9.49200
price_threshold_04: 9.52800
price_threshold_05: 9.53900
price_threshold_06: 9.92500
price_threshold_07: 10.17700
price_threshold_08: 10.48800
price_threshold_09: 10.58700
price_threshold_10: 11.00300
price_threshold_11: 11.03500
price_threshold_12: 11.77700
price_threshold_13: 11.82300
price_threshold_14: 12.79500
price_threshold_15: 13.07700
price_threshold_16: 13.91500
price_threshold_17: 14.93200
price_threshold_18: 15.59900
price_threshold_19: 17.21400
price_threshold_20: 33.18300
price_threshold_21: 34.17000
price_threshold_22: 46.87400
price_threshold_23: 50.53100
data_price_hour_rel_-13_amount: 10.17700
data_price_hour_abs_00_amount: 10.17700
data_price_hour_rel_-12_amount: 9.40000
data_price_hour_abs_01_amount: 9.40000
data_price_hour_rel_-11_amount: 9.12000
data_price_hour_abs_02_amount: 9.12000
data_price_hour_rel_-10_amount: 9.30000
data_price_hour_abs_03_amount: 9.30000
data_price_hour_rel_-09_amount: 9.53900
data_price_hour_abs_04_amount: 9.53900
data_price_hour_rel_-08_amount: 10.48800
data_price_hour_abs_05_amount: 10.48800
data_price_hour_rel_-07_amount: 12.79500
data_price_hour_abs_06_amount: 12.79500
data_price_hour_rel_-06_amount: 14.93200
data_price_hour_abs_07_amount: 14.93200
data_price_hour_rel_-05_amount: 13.91500
data_price_hour_abs_08_amount: 13.91500
data_price_hour_rel_-04_amount: 11.82300
data_price_hour_abs_09_amount: 11.82300
data_price_hour_rel_-03_amount: 10.58700
data_price_hour_abs_10_amount: 10.58700
data_price_hour_rel_-02_amount: 9.52800
data_price_hour_abs_11_amount: 9.52800
data_price_hour_rel_-01_amount: 9.49200
data_price_hour_abs_12_amount: 9.49200
data_price_hour_rel_+00_amount: 9.92500
data_price_hour_abs_13_amount: 9.92500
data_price_hour_rel_+01_amount: 11.03500
data_price_hour_abs_14_amount: 11.03500
data_price_hour_rel_+02_amount: 15.59900
data_price_hour_abs_15_amount: 15.59900
data_price_hour_rel_+03_amount: 33.18300
data_price_hour_abs_16_amount: 33.18300
data_price_hour_rel_+04_amount: 50.53100
data_price_hour_abs_17_amount: 50.53100
data_price_hour_rel_+05_amount: 46.87400
data_price_hour_abs_18_amount: 46.87400
data_price_hour_rel_+06_amount: 34.17000
data_price_hour_abs_19_amount: 34.17000
data_price_hour_rel_+07_amount: 17.21400
data_price_hour_abs_20_amount: 17.21400
data_price_hour_rel_+08_amount: 13.07700
data_price_hour_abs_21_amount: 13.07700
data_price_hour_rel_+09_amount: 11.77700
data_price_hour_abs_22_amount: 11.77700
data_price_hour_rel_+10_amount: 11.00300
data_price_hour_abs_23_amount: 11.00300