date_now: 2024-08-29 14:26:25
date_now_epoch: 1724934385797
date_now_day: 29
date_now_month: 8
date_now_year: 2024
date_start: 2024-08-29 00:00:00
date_end: 2024-08-29 23:59:59
price_low: 4.52500
price_high: 28.92700
price_median: 9.76050
price_average: 11.29108
price_current: 5.13200
price_unit: Cent/kWh
price_threshold_00: 4.52500
price_threshold_01: 5.13200
price_threshold_02: 6.57800
price_threshold_03: 7.94500
price_threshold_04: 8.44000
price_threshold_05: 8.86800
price_threshold_06: 8.93700
price_threshold_07: 8.98100
price_threshold_08: 9.01500
price_threshold_09: 9.21900
price_threshold_10: 9.35300
price_threshold_11: 9.39800
price_threshold_12: 10.12300
price_threshold_13: 10.53800
price_threshold_14: 10.87100
price_threshold_15: 11.01000
price_threshold_16: 12.35100
price_threshold_17: 12.50000
price_threshold_18: 12.54600
price_threshold_19: 12.62400
price_threshold_20: 13.44700
price_threshold_21: 16.90900
price_threshold_22: 22.74900
price_threshold_23: 28.92700
data_price_hour_rel_-14_amount: 9.35300
data_price_hour_abs_00_amount: 9.35300
data_price_hour_rel_-13_amount: 9.39800
data_price_hour_abs_01_amount: 9.39800
data_price_hour_rel_-12_amount: 8.98100
data_price_hour_abs_02_amount: 8.98100
data_price_hour_rel_-11_amount: 8.86800
data_price_hour_abs_03_amount: 8.86800
data_price_hour_rel_-10_amount: 8.93700
data_price_hour_abs_04_amount: 8.93700
data_price_hour_rel_-09_amount: 10.12300
data_price_hour_abs_05_amount: 10.12300
data_price_hour_rel_-08_amount: 12.54600
data_price_hour_abs_06_amount: 12.54600
data_price_hour_rel_-07_amount: 13.44700
data_price_hour_abs_07_amount: 13.44700
data_price_hour_rel_-06_amount: 12.62400
data_price_hour_abs_08_amount: 12.62400
data_price_hour_rel_-05_amount: 10.87100
data_price_hour_abs_09_amount: 10.87100
data_price_hour_rel_-04_amount: 9.21900
data_price_hour_abs_10_amount: 9.21900
data_price_hour_rel_-03_amount: 8.44000
data_price_hour_abs_11_amount: 8.44000
data_price_hour_rel_-02_amount: 6.57800
data_price_hour_abs_12_amount: 6.57800
data_price_hour_rel_-01_amount: 4.52500
data_price_hour_abs_13_amount: 4.52500
data_price_hour_rel_+00_amount: 5.13200
data_price_hour_abs_14_amount: 5.13200
data_price_hour_rel_+01_amount: 7.94500
data_price_hour_abs_15_amount: 7.94500
data_price_hour_rel_+02_amount: 9.01500
data_price_hour_abs_16_amount: 9.01500
data_price_hour_rel_+03_amount: 10.53800
data_price_hour_abs_17_amount: 10.53800
data_price_hour_rel_+04_amount: 12.35100
data_price_hour_abs_18_amount: 12.35100
data_price_hour_rel_+05_amount: 22.74900
data_price_hour_abs_19_amount: 22.74900
data_price_hour_rel_+06_amount: 28.92700
data_price_hour_abs_20_amount: 28.92700
data_price_hour_rel_+07_amount: 16.90900
data_price_hour_abs_21_amount: 16.90900
data_price_hour_rel_+08_amount: 12.50000
data_price_hour_abs_22_amount: 12.50000
data_price_hour_rel_+09_amount: 11.01000
data_price_hour_abs_23_amount: 11.01000