date_now: 2024-01-24 13:22:47
date_now_epoch: 1706098967443
date_now_day: 24
date_now_month: 1
date_now_year: 2024
date_start: 2024-01-24 00:00:00
date_end: 2024-01-24 23:59:59
price_low: -0.48400
price_high: 5.42100
price_median: 4.20500
price_average: 3.31229
price_current: 3.64400
price_unit: Cent/kWh
price_threshold_00: -0.48400
price_threshold_01: -0.44100
price_threshold_02: -0.06400
price_threshold_03: -0.01800
price_threshold_04: -0.00300
price_threshold_05: 0.30500
price_threshold_06: 1.47600
price_threshold_07: 3.64400
price_threshold_08: 3.85300
price_threshold_09: 3.93200
price_threshold_10: 4.00400
price_threshold_11: 4.20100
price_threshold_12: 4.20900
price_threshold_13: 4.21800
price_threshold_14: 4.50400
price_threshold_15: 4.99500
price_threshold_16: 5.00900
price_threshold_17: 5.01000
price_threshold_18: 5.07600
price_threshold_19: 5.07800
price_threshold_20: 5.08000
price_threshold_21: 5.15800
price_threshold_22: 5.33200
price_threshold_23: 5.42100
data_price_hour_rel_-13_amount: 0.30500
data_price_hour_abs_00_amount: 0.30500
data_price_hour_rel_-12_amount: -0.00300
data_price_hour_abs_01_amount: -0.00300
data_price_hour_rel_-11_amount: -0.06400
data_price_hour_abs_02_amount: -0.06400
data_price_hour_rel_-10_amount: -0.44100
data_price_hour_abs_03_amount: -0.44100
data_price_hour_rel_-09_amount: -0.48400
data_price_hour_abs_04_amount: -0.48400
data_price_hour_rel_-08_amount: -0.01800
data_price_hour_abs_05_amount: -0.01800
data_price_hour_rel_-07_amount: 1.47600
data_price_hour_abs_06_amount: 1.47600
data_price_hour_rel_-06_amount: 4.20900
data_price_hour_abs_07_amount: 4.20900
data_price_hour_rel_-05_amount: 5.15800
data_price_hour_abs_08_amount: 5.15800
data_price_hour_rel_-04_amount: 5.07600
data_price_hour_abs_09_amount: 5.07600
data_price_hour_rel_-03_amount: 5.01000
data_price_hour_abs_10_amount: 5.01000
data_price_hour_rel_-02_amount: 5.07800
data_price_hour_abs_11_amount: 5.07800
data_price_hour_rel_-01_amount: 3.93200
data_price_hour_abs_12_amount: 3.93200
data_price_hour_rel_+00_amount: 3.64400
data_price_hour_abs_13_amount: 3.64400
data_price_hour_rel_+01_amount: 4.50400
data_price_hour_abs_14_amount: 4.50400
data_price_hour_rel_+02_amount: 4.99500
data_price_hour_abs_15_amount: 4.99500
data_price_hour_rel_+03_amount: 5.08000
data_price_hour_abs_16_amount: 5.08000
data_price_hour_rel_+04_amount: 5.42100
data_price_hour_abs_17_amount: 5.42100
data_price_hour_rel_+05_amount: 5.33200
data_price_hour_abs_18_amount: 5.33200
data_price_hour_rel_+06_amount: 5.00900
data_price_hour_abs_19_amount: 5.00900
data_price_hour_rel_+07_amount: 4.21800
data_price_hour_abs_20_amount: 4.21800
data_price_hour_rel_+08_amount: 4.00400
data_price_hour_abs_21_amount: 4.00400
data_price_hour_rel_+09_amount: 4.20100
data_price_hour_abs_22_amount: 4.20100
data_price_hour_rel_+10_amount: 3.85300
data_price_hour_abs_23_amount: 3.85300