date_now: 2024-04-10 14:20:52
date_now_epoch: 1712751652698
date_now_day: 10
date_now_month: 4
date_now_year: 2024
date_start: 2024-04-10 00:00:00
date_end: 2024-04-10 23:59:59
price_low: 0.59500
price_high: 19.11900
price_median: 6.52850
price_average: 6.99104
price_current: 3.12900
price_unit: Cent/kWh
price_threshold_00: 0.59500
price_threshold_01: 0.61900
price_threshold_02: 0.89900
price_threshold_03: 2.28900
price_threshold_04: 2.63000
price_threshold_05: 3.03200
price_threshold_06: 3.12900
price_threshold_07: 5.00300
price_threshold_08: 5.53500
price_threshold_09: 5.56200
price_threshold_10: 5.60500
price_threshold_11: 6.29100
price_threshold_12: 6.76600
price_threshold_13: 7.53200
price_threshold_14: 7.59100
price_threshold_15: 7.61000
price_threshold_16: 8.04600
price_threshold_17: 8.61000
price_threshold_18: 9.96300
price_threshold_19: 10.08300
price_threshold_20: 10.60200
price_threshold_21: 11.55900
price_threshold_22: 19.11500
price_threshold_23: 19.11900
data_price_hour_rel_-14_amount: 2.28900
data_price_hour_abs_00_amount: 2.28900
data_price_hour_rel_-13_amount: 0.59500
data_price_hour_abs_01_amount: 0.59500
data_price_hour_rel_-12_amount: 0.61900
data_price_hour_abs_02_amount: 0.61900
data_price_hour_rel_-11_amount: 0.89900
data_price_hour_abs_03_amount: 0.89900
data_price_hour_rel_-10_amount: 2.63000
data_price_hour_abs_04_amount: 2.63000
data_price_hour_rel_-09_amount: 5.00300
data_price_hour_abs_05_amount: 5.00300
data_price_hour_rel_-08_amount: 7.59100
data_price_hour_abs_06_amount: 7.59100
data_price_hour_rel_-07_amount: 9.96300
data_price_hour_abs_07_amount: 9.96300
data_price_hour_rel_-06_amount: 10.60200
data_price_hour_abs_08_amount: 10.60200
data_price_hour_rel_-05_amount: 8.04600
data_price_hour_abs_09_amount: 8.04600
data_price_hour_rel_-04_amount: 6.76600
data_price_hour_abs_10_amount: 6.76600
data_price_hour_rel_-03_amount: 5.60500
data_price_hour_abs_11_amount: 5.60500
data_price_hour_rel_-02_amount: 5.56200
data_price_hour_abs_12_amount: 5.56200
data_price_hour_rel_-01_amount: 3.03200
data_price_hour_abs_13_amount: 3.03200
data_price_hour_rel_+00_amount: 3.12900
data_price_hour_abs_14_amount: 3.12900
data_price_hour_rel_+01_amount: 5.53500
data_price_hour_abs_15_amount: 5.53500
data_price_hour_rel_+02_amount: 6.29100
data_price_hour_abs_16_amount: 6.29100
data_price_hour_rel_+03_amount: 7.53200
data_price_hour_abs_17_amount: 7.53200
data_price_hour_rel_+04_amount: 10.08300
data_price_hour_abs_18_amount: 10.08300
data_price_hour_rel_+05_amount: 19.11500
data_price_hour_abs_19_amount: 19.11500
data_price_hour_rel_+06_amount: 19.11900
data_price_hour_abs_20_amount: 19.11900
data_price_hour_rel_+07_amount: 11.55900
data_price_hour_abs_21_amount: 11.55900
data_price_hour_rel_+08_amount: 8.61000
data_price_hour_abs_22_amount: 8.61000
data_price_hour_rel_+09_amount: 7.61000
data_price_hour_abs_23_amount: 7.61000