date_now: 2024-06-28 14:23:49
date_now_epoch: 1719577429838
date_now_day: 28
date_now_month: 6
date_now_year: 2024
date_start: 2024-06-28 00:00:00
date_end: 2024-06-28 23:59:59
price_low: -0.99500
price_high: 13.80600
price_median: 8.39650
price_average: 6.30504
price_current: -0.99500
price_unit: Cent/kWh
price_threshold_00: -0.99500
price_threshold_01: -0.99100
price_threshold_02: -0.64800
price_threshold_03: -0.50900
price_threshold_04: -0.15600
price_threshold_05: 0.20300
price_threshold_06: 0.36200
price_threshold_07: 2.44500
price_threshold_08: 4.19800
price_threshold_09: 5.99000
price_threshold_10: 7.99700
price_threshold_11: 8.36100
price_threshold_12: 8.43200
price_threshold_13: 8.48900
price_threshold_14: 8.60800
price_threshold_15: 9.12800
price_threshold_16: 9.54200
price_threshold_17: 9.68500
price_threshold_18: 10.89300
price_threshold_19: 10.89300
price_threshold_20: 10.90200
price_threshold_21: 12.02900
price_threshold_22: 12.65700
price_threshold_23: 13.80600
data_price_hour_rel_-14_amount: 9.68500
data_price_hour_abs_00_amount: 9.68500
data_price_hour_rel_-13_amount: 9.54200
data_price_hour_abs_01_amount: 9.54200
data_price_hour_rel_-12_amount: 8.60800
data_price_hour_abs_02_amount: 8.60800
data_price_hour_rel_-11_amount: 7.99700
data_price_hour_abs_03_amount: 7.99700
data_price_hour_rel_-10_amount: 8.36100
data_price_hour_abs_04_amount: 8.36100
data_price_hour_rel_-09_amount: 9.12800
data_price_hour_abs_05_amount: 9.12800
data_price_hour_rel_-08_amount: 12.02900
data_price_hour_abs_06_amount: 12.02900
data_price_hour_rel_-07_amount: 10.89300
data_price_hour_abs_07_amount: 10.89300
data_price_hour_rel_-06_amount: 8.48900
data_price_hour_abs_08_amount: 8.48900
data_price_hour_rel_-05_amount: 5.99000
data_price_hour_abs_09_amount: 5.99000
data_price_hour_rel_-04_amount: 2.44500
data_price_hour_abs_10_amount: 2.44500
data_price_hour_rel_-03_amount: 0.20300
data_price_hour_abs_11_amount: 0.20300
data_price_hour_rel_-02_amount: -0.15600
data_price_hour_abs_12_amount: -0.15600
data_price_hour_rel_-01_amount: -0.50900
data_price_hour_abs_13_amount: -0.50900
data_price_hour_rel_+00_amount: -0.99500
data_price_hour_abs_14_amount: -0.99500
data_price_hour_rel_+01_amount: -0.99100
data_price_hour_abs_15_amount: -0.99100
data_price_hour_rel_+02_amount: -0.64800
data_price_hour_abs_16_amount: -0.64800
data_price_hour_rel_+03_amount: 0.36200
data_price_hour_abs_17_amount: 0.36200
data_price_hour_rel_+04_amount: 4.19800
data_price_hour_abs_18_amount: 4.19800
data_price_hour_rel_+05_amount: 8.43200
data_price_hour_abs_19_amount: 8.43200
data_price_hour_rel_+06_amount: 10.89300
data_price_hour_abs_20_amount: 10.89300
data_price_hour_rel_+07_amount: 13.80600
data_price_hour_abs_21_amount: 13.80600
data_price_hour_rel_+08_amount: 12.65700
data_price_hour_abs_22_amount: 12.65700
data_price_hour_rel_+09_amount: 10.90200
data_price_hour_abs_23_amount: 10.90200