date_now: 2024-12-02 13:32:13
date_now_epoch: 1733142733728
date_now_day: 2
date_now_month: 12
date_now_year: 2024
date_start: 2024-12-02 00:00:00
date_end: 2024-12-02 23:59:59
price_low: 4.64400
price_high: 14.79000
price_median: 11.79050
price_average: 10.91479
price_current: 12.76000
price_unit: Cent/kWh
price_threshold_00: 4.64400
price_threshold_01: 5.02100
price_threshold_02: 6.11700
price_threshold_03: 6.57800
price_threshold_04: 6.95300
price_threshold_05: 7.47700
price_threshold_06: 9.20800
price_threshold_07: 10.22100
price_threshold_08: 11.17200
price_threshold_09: 11.26800
price_threshold_10: 11.50900
price_threshold_11: 11.58000
price_threshold_12: 12.00100
price_threshold_13: 12.12700
price_threshold_14: 12.36300
price_threshold_15: 12.52000
price_threshold_16: 12.52500
price_threshold_17: 12.76000
price_threshold_18: 13.67400
price_threshold_19: 13.80000
price_threshold_20: 14.40400
price_threshold_21: 14.47500
price_threshold_22: 14.76800
price_threshold_23: 14.79000
data_price_hour_rel_-13_amount: 7.47700
data_price_hour_abs_00_amount: 7.47700
data_price_hour_rel_-12_amount: 6.57800
data_price_hour_abs_01_amount: 6.57800
data_price_hour_rel_-11_amount: 6.11700
data_price_hour_abs_02_amount: 6.11700
data_price_hour_rel_-10_amount: 4.64400
data_price_hour_abs_03_amount: 4.64400
data_price_hour_rel_-09_amount: 5.02100
data_price_hour_abs_04_amount: 5.02100
data_price_hour_rel_-08_amount: 6.95300
data_price_hour_abs_05_amount: 6.95300
data_price_hour_rel_-07_amount: 9.20800
data_price_hour_abs_06_amount: 9.20800
data_price_hour_rel_-06_amount: 12.52500
data_price_hour_abs_07_amount: 12.52500
data_price_hour_rel_-05_amount: 12.52000
data_price_hour_abs_08_amount: 12.52000
data_price_hour_rel_-04_amount: 12.36300
data_price_hour_abs_09_amount: 12.36300
data_price_hour_rel_-03_amount: 12.12700
data_price_hour_abs_10_amount: 12.12700
data_price_hour_rel_-02_amount: 11.58000
data_price_hour_abs_11_amount: 11.58000
data_price_hour_rel_-01_amount: 11.50900
data_price_hour_abs_12_amount: 11.50900
data_price_hour_rel_+00_amount: 12.76000
data_price_hour_abs_13_amount: 12.76000
data_price_hour_rel_+01_amount: 13.67400
data_price_hour_abs_14_amount: 13.67400
data_price_hour_rel_+02_amount: 14.40400
data_price_hour_abs_15_amount: 14.40400
data_price_hour_rel_+03_amount: 14.47500
data_price_hour_abs_16_amount: 14.47500
data_price_hour_rel_+04_amount: 14.76800
data_price_hour_abs_17_amount: 14.76800
data_price_hour_rel_+05_amount: 14.79000
data_price_hour_abs_18_amount: 14.79000
data_price_hour_rel_+06_amount: 13.80000
data_price_hour_abs_19_amount: 13.80000
data_price_hour_rel_+07_amount: 12.00100
data_price_hour_abs_20_amount: 12.00100
data_price_hour_rel_+08_amount: 11.26800
data_price_hour_abs_21_amount: 11.26800
data_price_hour_rel_+09_amount: 11.17200
data_price_hour_abs_22_amount: 11.17200
data_price_hour_rel_+10_amount: 10.22100
data_price_hour_abs_23_amount: 10.22100