date_now: 2024-03-19 13:20:19
date_now_epoch: 1710850819151
date_now_day: 19
date_now_month: 3
date_now_year: 2024
date_start: 2024-03-19 00:00:00
date_end: 2024-03-19 23:59:59
price_low: 5.44700
price_high: 13.14200
price_median: 7.20100
price_average: 8.15679
price_current: 5.67200
price_unit: Cent/kWh
price_threshold_00: 5.44700
price_threshold_01: 5.67200
price_threshold_02: 5.88200
price_threshold_03: 6.04800
price_threshold_04: 6.53600
price_threshold_05: 7.00500
price_threshold_06: 7.10100
price_threshold_07: 7.12400
price_threshold_08: 7.12400
price_threshold_09: 7.15500
price_threshold_10: 7.16500
price_threshold_11: 7.20000
price_threshold_12: 7.20200
price_threshold_13: 7.37000
price_threshold_14: 7.61000
price_threshold_15: 8.17200
price_threshold_16: 8.90200
price_threshold_17: 8.95000
price_threshold_18: 9.58700
price_threshold_19: 10.39500
price_threshold_20: 11.00000
price_threshold_21: 11.07800
price_threshold_22: 12.89600
price_threshold_23: 13.14200
data_price_hour_rel_-13_amount: 7.20000
data_price_hour_abs_00_amount: 7.20000
data_price_hour_rel_-12_amount: 7.12400
data_price_hour_abs_01_amount: 7.12400
data_price_hour_rel_-11_amount: 7.16500
data_price_hour_abs_02_amount: 7.16500
data_price_hour_rel_-10_amount: 7.15500
data_price_hour_abs_03_amount: 7.15500
data_price_hour_rel_-09_amount: 7.12400
data_price_hour_abs_04_amount: 7.12400
data_price_hour_rel_-08_amount: 7.10100
data_price_hour_abs_05_amount: 7.10100
data_price_hour_rel_-07_amount: 8.95000
data_price_hour_abs_06_amount: 8.95000
data_price_hour_rel_-06_amount: 11.07800
data_price_hour_abs_07_amount: 11.07800
data_price_hour_rel_-05_amount: 9.58700
data_price_hour_abs_08_amount: 9.58700
data_price_hour_rel_-04_amount: 7.20200
data_price_hour_abs_09_amount: 7.20200
data_price_hour_rel_-03_amount: 6.53600
data_price_hour_abs_10_amount: 6.53600
data_price_hour_rel_-02_amount: 5.88200
data_price_hour_abs_11_amount: 5.88200
data_price_hour_rel_-01_amount: 5.44700
data_price_hour_abs_12_amount: 5.44700
data_price_hour_rel_+00_amount: 5.67200
data_price_hour_abs_13_amount: 5.67200
data_price_hour_rel_+01_amount: 6.04800
data_price_hour_abs_14_amount: 6.04800
data_price_hour_rel_+02_amount: 7.00500
data_price_hour_abs_15_amount: 7.00500
data_price_hour_rel_+03_amount: 7.37000
data_price_hour_abs_16_amount: 7.37000
data_price_hour_rel_+04_amount: 10.39500
data_price_hour_abs_17_amount: 10.39500
data_price_hour_rel_+05_amount: 13.14200
data_price_hour_abs_18_amount: 13.14200
data_price_hour_rel_+06_amount: 12.89600
data_price_hour_abs_19_amount: 12.89600
data_price_hour_rel_+07_amount: 11.00000
data_price_hour_abs_20_amount: 11.00000
data_price_hour_rel_+08_amount: 8.90200
data_price_hour_abs_21_amount: 8.90200
data_price_hour_rel_+09_amount: 8.17200
data_price_hour_abs_22_amount: 8.17200
data_price_hour_rel_+10_amount: 7.61000
data_price_hour_abs_23_amount: 7.61000