date_now: 2024-03-25 13:20:04
date_now_epoch: 1711369204573
date_now_day: 25
date_now_month: 3
date_now_year: 2024
date_start: 2024-03-25 00:00:00
date_end: 2024-03-25 23:59:59
price_low: 6.18500
price_high: 17.47000
price_median: 7.59400
price_average: 8.45571
price_current: 6.32200
price_unit: Cent/kWh
price_threshold_00: 6.18500
price_threshold_01: 6.22900
price_threshold_02: 6.24800
price_threshold_03: 6.25100
price_threshold_04: 6.32200
price_threshold_05: 6.36600
price_threshold_06: 6.45100
price_threshold_07: 6.45200
price_threshold_08: 6.69600
price_threshold_09: 7.00500
price_threshold_10: 7.39700
price_threshold_11: 7.47400
price_threshold_12: 7.71400
price_threshold_13: 7.74300
price_threshold_14: 7.95600
price_threshold_15: 8.10500
price_threshold_16: 8.23900
price_threshold_17: 8.84300
price_threshold_18: 9.96800
price_threshold_19: 10.27300
price_threshold_20: 11.18800
price_threshold_21: 11.38700
price_threshold_22: 14.97500
price_threshold_23: 17.47000
data_price_hour_rel_-13_amount: 6.25100
data_price_hour_abs_00_amount: 6.25100
data_price_hour_rel_-12_amount: 6.22900
data_price_hour_abs_01_amount: 6.22900
data_price_hour_rel_-11_amount: 6.24800
data_price_hour_abs_02_amount: 6.24800
data_price_hour_rel_-10_amount: 6.45100
data_price_hour_abs_03_amount: 6.45100
data_price_hour_rel_-09_amount: 6.69600
data_price_hour_abs_04_amount: 6.69600
data_price_hour_rel_-08_amount: 7.71400
data_price_hour_abs_05_amount: 7.71400
data_price_hour_rel_-07_amount: 8.84300
data_price_hour_abs_06_amount: 8.84300
data_price_hour_rel_-06_amount: 11.38700
data_price_hour_abs_07_amount: 11.38700
data_price_hour_rel_-05_amount: 9.96800
data_price_hour_abs_08_amount: 9.96800
data_price_hour_rel_-04_amount: 7.74300
data_price_hour_abs_09_amount: 7.74300
data_price_hour_rel_-03_amount: 7.00500
data_price_hour_abs_10_amount: 7.00500
data_price_hour_rel_-02_amount: 6.36600
data_price_hour_abs_11_amount: 6.36600
data_price_hour_rel_-01_amount: 6.18500
data_price_hour_abs_12_amount: 6.18500
data_price_hour_rel_+00_amount: 6.32200
data_price_hour_abs_13_amount: 6.32200
data_price_hour_rel_+01_amount: 6.45200
data_price_hour_abs_14_amount: 6.45200
data_price_hour_rel_+02_amount: 7.39700
data_price_hour_abs_15_amount: 7.39700
data_price_hour_rel_+03_amount: 8.10500
data_price_hour_abs_16_amount: 8.10500
data_price_hour_rel_+04_amount: 11.18800
data_price_hour_abs_17_amount: 11.18800
data_price_hour_rel_+05_amount: 17.47000
data_price_hour_abs_18_amount: 17.47000
data_price_hour_rel_+06_amount: 14.97500
data_price_hour_abs_19_amount: 14.97500
data_price_hour_rel_+07_amount: 10.27300
data_price_hour_abs_20_amount: 10.27300
data_price_hour_rel_+08_amount: 8.23900
data_price_hour_abs_21_amount: 8.23900
data_price_hour_rel_+09_amount: 7.95600
data_price_hour_abs_22_amount: 7.95600
data_price_hour_rel_+10_amount: 7.47400
data_price_hour_abs_23_amount: 7.47400