date_now: 2024-10-10 14:27:52
date_now_epoch: 1728563272705
date_now_day: 10
date_now_month: 10
date_now_year: 2024
date_start: 2024-10-10 00:00:00
date_end: 2024-10-10 23:59:59
price_low: 1.59400
price_high: 11.93200
price_median: 5.98450
price_average: 5.97325
price_current: 2.00100
price_unit: Cent/kWh
price_threshold_00: 1.59400
price_threshold_01: 2.00100
price_threshold_02: 2.18900
price_threshold_03: 2.96400
price_threshold_04: 3.20000
price_threshold_05: 3.77500
price_threshold_06: 3.83700
price_threshold_07: 3.89300
price_threshold_08: 3.96000
price_threshold_09: 4.68900
price_threshold_10: 5.20100
price_threshold_11: 5.85000
price_threshold_12: 6.11900
price_threshold_13: 6.21000
price_threshold_14: 6.75000
price_threshold_15: 6.99300
price_threshold_16: 8.04600
price_threshold_17: 8.31600
price_threshold_18: 8.49000
price_threshold_19: 8.58200
price_threshold_20: 9.04100
price_threshold_21: 9.60700
price_threshold_22: 10.11900
price_threshold_23: 11.93200
data_price_hour_rel_-14_amount: 6.11900
data_price_hour_abs_00_amount: 6.11900
data_price_hour_rel_-13_amount: 4.68900
data_price_hour_abs_01_amount: 4.68900
data_price_hour_rel_-12_amount: 3.77500
data_price_hour_abs_02_amount: 3.77500
data_price_hour_rel_-11_amount: 3.20000
data_price_hour_abs_03_amount: 3.20000
data_price_hour_rel_-10_amount: 2.96400
data_price_hour_abs_04_amount: 2.96400
data_price_hour_rel_-09_amount: 3.96000
data_price_hour_abs_05_amount: 3.96000
data_price_hour_rel_-08_amount: 6.21000
data_price_hour_abs_06_amount: 6.21000
data_price_hour_rel_-07_amount: 8.49000
data_price_hour_abs_07_amount: 8.49000
data_price_hour_rel_-06_amount: 8.04600
data_price_hour_abs_08_amount: 8.04600
data_price_hour_rel_-05_amount: 6.75000
data_price_hour_abs_09_amount: 6.75000
data_price_hour_rel_-04_amount: 5.20100
data_price_hour_abs_10_amount: 5.20100
data_price_hour_rel_-03_amount: 3.89300
data_price_hour_abs_11_amount: 3.89300
data_price_hour_rel_-02_amount: 2.18900
data_price_hour_abs_12_amount: 2.18900
data_price_hour_rel_-01_amount: 1.59400
data_price_hour_abs_13_amount: 1.59400
data_price_hour_rel_+00_amount: 2.00100
data_price_hour_abs_14_amount: 2.00100
data_price_hour_rel_+01_amount: 3.83700
data_price_hour_abs_15_amount: 3.83700
data_price_hour_rel_+02_amount: 5.85000
data_price_hour_abs_16_amount: 5.85000
data_price_hour_rel_+03_amount: 8.58200
data_price_hour_abs_17_amount: 8.58200
data_price_hour_rel_+04_amount: 9.60700
data_price_hour_abs_18_amount: 9.60700
data_price_hour_rel_+05_amount: 11.93200
data_price_hour_abs_19_amount: 11.93200
data_price_hour_rel_+06_amount: 10.11900
data_price_hour_abs_20_amount: 10.11900
data_price_hour_rel_+07_amount: 9.04100
data_price_hour_abs_21_amount: 9.04100
data_price_hour_rel_+08_amount: 8.31600
data_price_hour_abs_22_amount: 8.31600
data_price_hour_rel_+09_amount: 6.99300
data_price_hour_abs_23_amount: 6.99300