date_now: 2024-01-23 13:22:14
date_now_epoch: 1706012534627
date_now_day: 23
date_now_month: 1
date_now_year: 2024
date_start: 2024-01-23 00:00:00
date_end: 2024-01-23 23:59:59
price_low: 0.41700
price_high: 8.45100
price_median: 5.97800
price_average: 5.22846
price_current: 5.94300
price_unit: Cent/kWh
price_threshold_00: 0.41700
price_threshold_01: 0.93700
price_threshold_02: 1.01000
price_threshold_03: 1.02200
price_threshold_04: 1.62300
price_threshold_05: 3.32600
price_threshold_06: 3.92300
price_threshold_07: 4.53600
price_threshold_08: 5.37400
price_threshold_09: 5.91400
price_threshold_10: 5.94300
price_threshold_11: 5.97600
price_threshold_12: 5.98000
price_threshold_13: 5.99700
price_threshold_14: 6.19500
price_threshold_15: 6.27000
price_threshold_16: 6.98200
price_threshold_17: 6.99300
price_threshold_18: 7.45500
price_threshold_19: 7.46300
price_threshold_20: 7.64200
price_threshold_21: 7.89500
price_threshold_22: 8.15900
price_threshold_23: 8.45100
data_price_hour_rel_-13_amount: 1.62300
data_price_hour_abs_00_amount: 1.62300
data_price_hour_rel_-12_amount: 1.01000
data_price_hour_abs_01_amount: 1.01000
data_price_hour_rel_-11_amount: 0.93700
data_price_hour_abs_02_amount: 0.93700
data_price_hour_rel_-10_amount: 0.41700
data_price_hour_abs_03_amount: 0.41700
data_price_hour_rel_-09_amount: 1.02200
data_price_hour_abs_04_amount: 1.02200
data_price_hour_rel_-08_amount: 3.92300
data_price_hour_abs_05_amount: 3.92300
data_price_hour_rel_-07_amount: 5.97600
data_price_hour_abs_06_amount: 5.97600
data_price_hour_rel_-06_amount: 7.64200
data_price_hour_abs_07_amount: 7.64200
data_price_hour_rel_-05_amount: 6.98200
data_price_hour_abs_08_amount: 6.98200
data_price_hour_rel_-04_amount: 6.99300
data_price_hour_abs_09_amount: 6.99300
data_price_hour_rel_-03_amount: 5.99700
data_price_hour_abs_10_amount: 5.99700
data_price_hour_rel_-02_amount: 5.98000
data_price_hour_abs_11_amount: 5.98000
data_price_hour_rel_-01_amount: 5.91400
data_price_hour_abs_12_amount: 5.91400
data_price_hour_rel_+00_amount: 5.94300
data_price_hour_abs_13_amount: 5.94300
data_price_hour_rel_+01_amount: 6.27000
data_price_hour_abs_14_amount: 6.27000
data_price_hour_rel_+02_amount: 7.46300
data_price_hour_abs_15_amount: 7.46300
data_price_hour_rel_+03_amount: 7.89500
data_price_hour_abs_16_amount: 7.89500
data_price_hour_rel_+04_amount: 8.15900
data_price_hour_abs_17_amount: 8.15900
data_price_hour_rel_+05_amount: 8.45100
data_price_hour_abs_18_amount: 8.45100
data_price_hour_rel_+06_amount: 7.45500
data_price_hour_abs_19_amount: 7.45500
data_price_hour_rel_+07_amount: 6.19500
data_price_hour_abs_20_amount: 6.19500
data_price_hour_rel_+08_amount: 5.37400
data_price_hour_abs_21_amount: 5.37400
data_price_hour_rel_+09_amount: 4.53600
data_price_hour_abs_22_amount: 4.53600
data_price_hour_rel_+10_amount: 3.32600
data_price_hour_abs_23_amount: 3.32600