date_now: 2024-09-06 14:26:14
date_now_epoch: 1725625574538
date_now_day: 6
date_now_month: 9
date_now_year: 2024
date_start: 2024-09-06 00:00:00
date_end: 2024-09-06 23:59:59
price_low: 1.24800
price_high: 13.64900
price_median: 7.55900
price_average: 7.61271
price_current: 1.45300
price_unit: Cent/kWh
price_threshold_00: 1.24800
price_threshold_01: 1.45300
price_threshold_02: 3.00600
price_threshold_03: 3.15400
price_threshold_04: 4.85800
price_threshold_05: 5.12200
price_threshold_06: 5.77500
price_threshold_07: 5.95100
price_threshold_08: 6.10000
price_threshold_09: 6.47900
price_threshold_10: 6.98600
price_threshold_11: 7.11800
price_threshold_12: 8.00000
price_threshold_13: 8.75600
price_threshold_14: 9.28800
price_threshold_15: 9.32900
price_threshold_16: 9.53600
price_threshold_17: 9.97600
price_threshold_18: 10.00900
price_threshold_19: 10.02700
price_threshold_20: 11.94800
price_threshold_21: 12.03700
price_threshold_22: 12.90000
price_threshold_23: 13.64900
data_price_hour_rel_-14_amount: 6.47900
data_price_hour_abs_00_amount: 6.47900
data_price_hour_rel_-13_amount: 6.10000
data_price_hour_abs_01_amount: 6.10000
data_price_hour_rel_-12_amount: 5.12200
data_price_hour_abs_02_amount: 5.12200
data_price_hour_rel_-11_amount: 4.85800
data_price_hour_abs_03_amount: 4.85800
data_price_hour_rel_-10_amount: 5.77500
data_price_hour_abs_04_amount: 5.77500
data_price_hour_rel_-09_amount: 6.98600
data_price_hour_abs_05_amount: 6.98600
data_price_hour_rel_-08_amount: 9.32900
data_price_hour_abs_06_amount: 9.32900
data_price_hour_rel_-07_amount: 11.94800
data_price_hour_abs_07_amount: 11.94800
data_price_hour_rel_-06_amount: 12.03700
data_price_hour_abs_08_amount: 12.03700
data_price_hour_rel_-05_amount: 10.00900
data_price_hour_abs_09_amount: 10.00900
data_price_hour_rel_-04_amount: 8.00000
data_price_hour_abs_10_amount: 8.00000
data_price_hour_rel_-03_amount: 5.95100
data_price_hour_abs_11_amount: 5.95100
data_price_hour_rel_-02_amount: 3.15400
data_price_hour_abs_12_amount: 3.15400
data_price_hour_rel_-01_amount: 1.24800
data_price_hour_abs_13_amount: 1.24800
data_price_hour_rel_+00_amount: 1.45300
data_price_hour_abs_14_amount: 1.45300
data_price_hour_rel_+01_amount: 3.00600
data_price_hour_abs_15_amount: 3.00600
data_price_hour_rel_+02_amount: 7.11800
data_price_hour_abs_16_amount: 7.11800
data_price_hour_rel_+03_amount: 8.75600
data_price_hour_abs_17_amount: 8.75600
data_price_hour_rel_+04_amount: 10.02700
data_price_hour_abs_18_amount: 10.02700
data_price_hour_rel_+05_amount: 12.90000
data_price_hour_abs_19_amount: 12.90000
data_price_hour_rel_+06_amount: 13.64900
data_price_hour_abs_20_amount: 13.64900
data_price_hour_rel_+07_amount: 9.97600
data_price_hour_abs_21_amount: 9.97600
data_price_hour_rel_+08_amount: 9.53600
data_price_hour_abs_22_amount: 9.53600
data_price_hour_rel_+09_amount: 9.28800
data_price_hour_abs_23_amount: 9.28800