date_now: 2024-11-12 13:28:56
date_now_epoch: 1731414536573
date_now_day: 12
date_now_month: 11
date_now_year: 2024
date_start: 2024-11-12 00:00:00
date_end: 2024-11-12 23:59:59
price_low: 10.26900
price_high: 31.78900
price_median: 15.90300
price_average: 16.61229
price_current: 15.64700
price_unit: Cent/kWh
price_threshold_00: 10.26900
price_threshold_01: 10.39900
price_threshold_02: 10.46400
price_threshold_03: 10.75000
price_threshold_04: 11.03100
price_threshold_05: 11.55900
price_threshold_06: 11.80100
price_threshold_07: 12.52100
price_threshold_08: 13.19000
price_threshold_09: 14.76700
price_threshold_10: 14.91200
price_threshold_11: 15.64700
price_threshold_12: 16.15900
price_threshold_13: 17.10800
price_threshold_14: 17.13500
price_threshold_15: 17.43700
price_threshold_16: 18.55200
price_threshold_17: 19.02400
price_threshold_18: 20.16400
price_threshold_19: 21.87800
price_threshold_20: 22.33300
price_threshold_21: 22.53300
price_threshold_22: 27.27300
price_threshold_23: 31.78900
data_price_hour_rel_-13_amount: 11.03100
data_price_hour_abs_00_amount: 11.03100
data_price_hour_rel_-12_amount: 10.46400
data_price_hour_abs_01_amount: 10.46400
data_price_hour_rel_-11_amount: 10.26900
data_price_hour_abs_02_amount: 10.26900
data_price_hour_rel_-10_amount: 10.39900
data_price_hour_abs_03_amount: 10.39900
data_price_hour_rel_-09_amount: 10.75000
data_price_hour_abs_04_amount: 10.75000
data_price_hour_rel_-08_amount: 11.80100
data_price_hour_abs_05_amount: 11.80100
data_price_hour_rel_-07_amount: 14.76700
data_price_hour_abs_06_amount: 14.76700
data_price_hour_rel_-06_amount: 18.55200
data_price_hour_abs_07_amount: 18.55200
data_price_hour_rel_-05_amount: 20.16400
data_price_hour_abs_08_amount: 20.16400
data_price_hour_rel_-04_amount: 22.33300
data_price_hour_abs_09_amount: 22.33300
data_price_hour_rel_-03_amount: 19.02400
data_price_hour_abs_10_amount: 19.02400
data_price_hour_rel_-02_amount: 17.10800
data_price_hour_abs_11_amount: 17.10800
data_price_hour_rel_-01_amount: 16.15900
data_price_hour_abs_12_amount: 16.15900
data_price_hour_rel_+00_amount: 15.64700
data_price_hour_abs_13_amount: 15.64700
data_price_hour_rel_+01_amount: 17.43700
data_price_hour_abs_14_amount: 17.43700
data_price_hour_rel_+02_amount: 21.87800
data_price_hour_abs_15_amount: 21.87800
data_price_hour_rel_+03_amount: 27.27300
data_price_hour_abs_16_amount: 27.27300
data_price_hour_rel_+04_amount: 31.78900
data_price_hour_abs_17_amount: 31.78900
data_price_hour_rel_+05_amount: 22.53300
data_price_hour_abs_18_amount: 22.53300
data_price_hour_rel_+06_amount: 17.13500
data_price_hour_abs_19_amount: 17.13500
data_price_hour_rel_+07_amount: 14.91200
data_price_hour_abs_20_amount: 14.91200
data_price_hour_rel_+08_amount: 13.19000
data_price_hour_abs_21_amount: 13.19000
data_price_hour_rel_+09_amount: 12.52100
data_price_hour_abs_22_amount: 12.52100
data_price_hour_rel_+10_amount: 11.55900
data_price_hour_abs_23_amount: 11.55900