date_now: 2024-04-16 14:20:38
date_now_epoch: 1713270038615
date_now_day: 16
date_now_month: 4
date_now_year: 2024
date_start: 2024-04-16 00:00:00
date_end: 2024-04-16 23:59:59
price_low: 0.00400
price_high: 12.45200
price_median: 5.69350
price_average: 5.62579
price_current: 4.20800
price_unit: Cent/kWh
price_threshold_00: 0.00400
price_threshold_01: 0.01400
price_threshold_02: 0.07300
price_threshold_03: 0.20200
price_threshold_04: 1.74700
price_threshold_05: 3.62200
price_threshold_06: 4.00000
price_threshold_07: 4.02200
price_threshold_08: 4.20800
price_threshold_09: 4.26400
price_threshold_10: 4.85300
price_threshold_11: 5.10300
price_threshold_12: 6.28400
price_threshold_13: 6.31400
price_threshold_14: 6.48100
price_threshold_15: 7.42600
price_threshold_16: 7.42600
price_threshold_17: 7.96700
price_threshold_18: 8.41000
price_threshold_19: 9.01000
price_threshold_20: 9.29200
price_threshold_21: 10.44600
price_threshold_22: 11.39900
price_threshold_23: 12.45200
data_price_hour_rel_-14_amount: 0.20200
data_price_hour_abs_00_amount: 0.20200
data_price_hour_rel_-13_amount: 0.00400
data_price_hour_abs_01_amount: 0.00400
data_price_hour_rel_-12_amount: 0.01400
data_price_hour_abs_02_amount: 0.01400
data_price_hour_rel_-11_amount: 0.07300
data_price_hour_abs_03_amount: 0.07300
data_price_hour_rel_-10_amount: 1.74700
data_price_hour_abs_04_amount: 1.74700
data_price_hour_rel_-09_amount: 3.62200
data_price_hour_abs_05_amount: 3.62200
data_price_hour_rel_-08_amount: 6.31400
data_price_hour_abs_06_amount: 6.31400
data_price_hour_rel_-07_amount: 7.42600
data_price_hour_abs_07_amount: 7.42600
data_price_hour_rel_-06_amount: 7.42600
data_price_hour_abs_08_amount: 7.42600
data_price_hour_rel_-05_amount: 6.48100
data_price_hour_abs_09_amount: 6.48100
data_price_hour_rel_-04_amount: 5.10300
data_price_hour_abs_10_amount: 5.10300
data_price_hour_rel_-03_amount: 4.26400
data_price_hour_abs_11_amount: 4.26400
data_price_hour_rel_-02_amount: 4.00000
data_price_hour_abs_12_amount: 4.00000
data_price_hour_rel_-01_amount: 4.02200
data_price_hour_abs_13_amount: 4.02200
data_price_hour_rel_+00_amount: 4.20800
data_price_hour_abs_14_amount: 4.20800
data_price_hour_rel_+01_amount: 4.85300
data_price_hour_abs_15_amount: 4.85300
data_price_hour_rel_+02_amount: 6.28400
data_price_hour_abs_16_amount: 6.28400
data_price_hour_rel_+03_amount: 7.96700
data_price_hour_abs_17_amount: 7.96700
data_price_hour_rel_+04_amount: 9.29200
data_price_hour_abs_18_amount: 9.29200
data_price_hour_rel_+05_amount: 11.39900
data_price_hour_abs_19_amount: 11.39900
data_price_hour_rel_+06_amount: 12.45200
data_price_hour_abs_20_amount: 12.45200
data_price_hour_rel_+07_amount: 10.44600
data_price_hour_abs_21_amount: 10.44600
data_price_hour_rel_+08_amount: 9.01000
data_price_hour_abs_22_amount: 9.01000
data_price_hour_rel_+09_amount: 8.41000
data_price_hour_abs_23_amount: 8.41000