date_now: 2024-08-15 14:25:43
date_now_epoch: 1723724743520
date_now_day: 15
date_now_month: 8
date_now_year: 2024
date_start: 2024-08-15 00:00:00
date_end: 2024-08-15 23:59:59
price_low: -0.00400
price_high: 16.03000
price_median: 10.06600
price_average: 8.55288
price_current: -0.00400
price_unit: Cent/kWh
price_threshold_00: -0.00400
price_threshold_01: 0.00100
price_threshold_02: 0.42500
price_threshold_03: 0.98600
price_threshold_04: 1.99400
price_threshold_05: 3.34100
price_threshold_06: 5.91000
price_threshold_07: 7.72600
price_threshold_08: 9.11200
price_threshold_09: 9.47400
price_threshold_10: 9.49400
price_threshold_11: 9.60200
price_threshold_12: 10.53000
price_threshold_13: 10.89100
price_threshold_14: 10.96600
price_threshold_15: 11.03300
price_threshold_16: 11.49700
price_threshold_17: 11.88700
price_threshold_18: 11.97500
price_threshold_19: 11.99300
price_threshold_20: 12.07100
price_threshold_21: 14.08400
price_threshold_22: 14.25100
price_threshold_23: 16.03000
data_price_hour_rel_-14_amount: 11.03300
data_price_hour_abs_00_amount: 11.03300
data_price_hour_rel_-13_amount: 10.96600
data_price_hour_abs_01_amount: 10.96600
data_price_hour_rel_-12_amount: 10.53000
data_price_hour_abs_02_amount: 10.53000
data_price_hour_rel_-11_amount: 9.47400
data_price_hour_abs_03_amount: 9.47400
data_price_hour_rel_-10_amount: 9.60200
data_price_hour_abs_04_amount: 9.60200
data_price_hour_rel_-09_amount: 10.89100
data_price_hour_abs_05_amount: 10.89100
data_price_hour_rel_-08_amount: 11.97500
data_price_hour_abs_06_amount: 11.97500
data_price_hour_rel_-07_amount: 12.07100
data_price_hour_abs_07_amount: 12.07100
data_price_hour_rel_-06_amount: 11.49700
data_price_hour_abs_08_amount: 11.49700
data_price_hour_rel_-05_amount: 9.11200
data_price_hour_abs_09_amount: 9.11200
data_price_hour_rel_-04_amount: 5.91000
data_price_hour_abs_10_amount: 5.91000
data_price_hour_rel_-03_amount: 1.99400
data_price_hour_abs_11_amount: 1.99400
data_price_hour_rel_-02_amount: 0.98600
data_price_hour_abs_12_amount: 0.98600
data_price_hour_rel_-01_amount: 0.00100
data_price_hour_abs_13_amount: 0.00100
data_price_hour_rel_+00_amount: -0.00400
data_price_hour_abs_14_amount: -0.00400
data_price_hour_rel_+01_amount: 0.42500
data_price_hour_abs_15_amount: 0.42500
data_price_hour_rel_+02_amount: 3.34100
data_price_hour_abs_16_amount: 3.34100
data_price_hour_rel_+03_amount: 7.72600
data_price_hour_abs_17_amount: 7.72600
data_price_hour_rel_+04_amount: 11.99300
data_price_hour_abs_18_amount: 11.99300
data_price_hour_rel_+05_amount: 14.25100
data_price_hour_abs_19_amount: 14.25100
data_price_hour_rel_+06_amount: 16.03000
data_price_hour_abs_20_amount: 16.03000
data_price_hour_rel_+07_amount: 14.08400
data_price_hour_abs_21_amount: 14.08400
data_price_hour_rel_+08_amount: 11.88700
data_price_hour_abs_22_amount: 11.88700
data_price_hour_rel_+09_amount: 9.49400
data_price_hour_abs_23_amount: 9.49400