date_now: 2024-06-30 14:22:30
date_now_epoch: 1719750150982
date_now_day: 30
date_now_month: 6
date_now_year: 2024
date_start: 2024-06-30 00:00:00
date_end: 2024-06-30 23:59:59
price_low: -0.15100
price_high: 10.23900
price_median: 5.14750
price_average: 4.37725
price_current: -0.10900
price_unit: Cent/kWh
price_threshold_00: -0.15100
price_threshold_01: -0.10900
price_threshold_02: -0.00200
price_threshold_03: 0.00000
price_threshold_04: 0.00000
price_threshold_05: 0.00000
price_threshold_06: 0.08200
price_threshold_07: 0.09100
price_threshold_08: 0.68300
price_threshold_09: 2.04200
price_threshold_10: 3.66600
price_threshold_11: 5.13900
price_threshold_12: 5.15600
price_threshold_13: 6.16900
price_threshold_14: 6.43600
price_threshold_15: 6.66700
price_threshold_16: 6.70500
price_threshold_17: 7.00200
price_threshold_18: 7.00600
price_threshold_19: 8.72600
price_threshold_20: 9.30100
price_threshold_21: 9.99000
price_threshold_22: 10.21600
price_threshold_23: 10.23900
data_price_hour_rel_-14_amount: 7.00600
data_price_hour_abs_00_amount: 7.00600
data_price_hour_rel_-13_amount: 6.16900
data_price_hour_abs_01_amount: 6.16900
data_price_hour_rel_-12_amount: 6.66700
data_price_hour_abs_02_amount: 6.66700
data_price_hour_rel_-11_amount: 6.70500
data_price_hour_abs_03_amount: 6.70500
data_price_hour_rel_-10_amount: 6.43600
data_price_hour_abs_04_amount: 6.43600
data_price_hour_rel_-09_amount: 5.13900
data_price_hour_abs_05_amount: 5.13900
data_price_hour_rel_-08_amount: 5.15600
data_price_hour_abs_06_amount: 5.15600
data_price_hour_rel_-07_amount: 2.04200
data_price_hour_abs_07_amount: 2.04200
data_price_hour_rel_-06_amount: 0.68300
data_price_hour_abs_08_amount: 0.68300
data_price_hour_rel_-05_amount: 0.08200
data_price_hour_abs_09_amount: 0.08200
data_price_hour_rel_-04_amount: 0.00000
data_price_hour_abs_10_amount: 0.00000
data_price_hour_rel_-03_amount: 0.00000
data_price_hour_abs_11_amount: 0.00000
data_price_hour_rel_-02_amount: -0.00200
data_price_hour_abs_12_amount: -0.00200
data_price_hour_rel_-01_amount: -0.15100
data_price_hour_abs_13_amount: -0.15100
data_price_hour_rel_+00_amount: -0.10900
data_price_hour_abs_14_amount: -0.10900
data_price_hour_rel_+01_amount: 0.00000
data_price_hour_abs_15_amount: 0.00000
data_price_hour_rel_+02_amount: 0.09100
data_price_hour_abs_16_amount: 0.09100
data_price_hour_rel_+03_amount: 3.66600
data_price_hour_abs_17_amount: 3.66600
data_price_hour_rel_+04_amount: 7.00200
data_price_hour_abs_18_amount: 7.00200
data_price_hour_rel_+05_amount: 8.72600
data_price_hour_abs_19_amount: 8.72600
data_price_hour_rel_+06_amount: 9.99000
data_price_hour_abs_20_amount: 9.99000
data_price_hour_rel_+07_amount: 10.23900
data_price_hour_abs_21_amount: 10.23900
data_price_hour_rel_+08_amount: 10.21600
data_price_hour_abs_22_amount: 10.21600
data_price_hour_rel_+09_amount: 9.30100
data_price_hour_abs_23_amount: 9.30100