date_now: 2024-08-27 14:25:40
date_now_epoch: 1724761540769
date_now_day: 27
date_now_month: 8
date_now_year: 2024
date_start: 2024-08-27 00:00:00
date_end: 2024-08-27 23:59:59
price_low: 0.11800
price_high: 23.22500
price_median: 8.99250
price_average: 9.08979
price_current: 0.23300
price_unit: Cent/kWh
price_threshold_00: 0.11800
price_threshold_01: 0.23300
price_threshold_02: 0.50700
price_threshold_03: 2.34500
price_threshold_04: 2.91300
price_threshold_05: 5.25000
price_threshold_06: 7.37200
price_threshold_07: 8.64500
price_threshold_08: 8.73000
price_threshold_09: 8.87100
price_threshold_10: 8.91000
price_threshold_11: 8.99100
price_threshold_12: 8.99400
price_threshold_13: 9.24700
price_threshold_14: 9.84100
price_threshold_15: 10.01600
price_threshold_16: 10.52100
price_threshold_17: 11.60100
price_threshold_18: 11.60600
price_threshold_19: 12.05200
price_threshold_20: 12.57600
price_threshold_21: 13.79900
price_threshold_22: 21.79200
price_threshold_23: 23.22500
data_price_hour_rel_-14_amount: 9.84100
data_price_hour_abs_00_amount: 9.84100
data_price_hour_rel_-13_amount: 8.99100
data_price_hour_abs_01_amount: 8.99100
data_price_hour_rel_-12_amount: 8.64500
data_price_hour_abs_02_amount: 8.64500
data_price_hour_rel_-11_amount: 8.73000
data_price_hour_abs_03_amount: 8.73000
data_price_hour_rel_-10_amount: 8.91000
data_price_hour_abs_04_amount: 8.91000
data_price_hour_rel_-09_amount: 10.01600
data_price_hour_abs_05_amount: 10.01600
data_price_hour_rel_-08_amount: 12.57600
data_price_hour_abs_06_amount: 12.57600
data_price_hour_rel_-07_amount: 13.79900
data_price_hour_abs_07_amount: 13.79900
data_price_hour_rel_-06_amount: 11.60100
data_price_hour_abs_08_amount: 11.60100
data_price_hour_rel_-05_amount: 8.99400
data_price_hour_abs_09_amount: 8.99400
data_price_hour_rel_-04_amount: 7.37200
data_price_hour_abs_10_amount: 7.37200
data_price_hour_rel_-03_amount: 2.91300
data_price_hour_abs_11_amount: 2.91300
data_price_hour_rel_-02_amount: 0.50700
data_price_hour_abs_12_amount: 0.50700
data_price_hour_rel_-01_amount: 0.11800
data_price_hour_abs_13_amount: 0.11800
data_price_hour_rel_+00_amount: 0.23300
data_price_hour_abs_14_amount: 0.23300
data_price_hour_rel_+01_amount: 2.34500
data_price_hour_abs_15_amount: 2.34500
data_price_hour_rel_+02_amount: 5.25000
data_price_hour_abs_16_amount: 5.25000
data_price_hour_rel_+03_amount: 8.87100
data_price_hour_abs_17_amount: 8.87100
data_price_hour_rel_+04_amount: 11.60600
data_price_hour_abs_18_amount: 11.60600
data_price_hour_rel_+05_amount: 23.22500
data_price_hour_abs_19_amount: 23.22500
data_price_hour_rel_+06_amount: 21.79200
data_price_hour_abs_20_amount: 21.79200
data_price_hour_rel_+07_amount: 12.05200
data_price_hour_abs_21_amount: 12.05200
data_price_hour_rel_+08_amount: 10.52100
data_price_hour_abs_22_amount: 10.52100
data_price_hour_rel_+09_amount: 9.24700
data_price_hour_abs_23_amount: 9.24700