date_now: 2024-06-07 14:24:45
date_now_epoch: 1717763085788
date_now_day: 7
date_now_month: 6
date_now_year: 2024
date_start: 2024-06-07 00:00:00
date_end: 2024-06-07 23:59:59
price_low: 1.30800
price_high: 15.47500
price_median: 8.96150
price_average: 8.31454
price_current: 1.74100
price_unit: Cent/kWh
price_threshold_00: 1.30800
price_threshold_01: 1.74100
price_threshold_02: 2.53600
price_threshold_03: 2.55700
price_threshold_04: 3.39100
price_threshold_05: 4.13900
price_threshold_06: 6.06600
price_threshold_07: 6.45600
price_threshold_08: 7.85600
price_threshold_09: 8.42500
price_threshold_10: 8.52100
price_threshold_11: 8.75300
price_threshold_12: 9.17000
price_threshold_13: 9.19000
price_threshold_14: 9.61300
price_threshold_15: 9.74500
price_threshold_16: 10.10000
price_threshold_17: 10.27600
price_threshold_18: 11.39500
price_threshold_19: 11.90500
price_threshold_20: 12.68800
price_threshold_21: 12.85800
price_threshold_22: 15.38500
price_threshold_23: 15.47500
data_price_hour_rel_-14_amount: 10.10000
data_price_hour_abs_00_amount: 10.10000
data_price_hour_rel_-13_amount: 9.61300
data_price_hour_abs_01_amount: 9.61300
data_price_hour_rel_-12_amount: 9.17000
data_price_hour_abs_02_amount: 9.17000
data_price_hour_rel_-11_amount: 8.75300
data_price_hour_abs_03_amount: 8.75300
data_price_hour_rel_-10_amount: 8.42500
data_price_hour_abs_04_amount: 8.42500
data_price_hour_rel_-09_amount: 9.19000
data_price_hour_abs_05_amount: 9.19000
data_price_hour_rel_-08_amount: 11.39500
data_price_hour_abs_06_amount: 11.39500
data_price_hour_rel_-07_amount: 11.90500
data_price_hour_abs_07_amount: 11.90500
data_price_hour_rel_-06_amount: 10.27600
data_price_hour_abs_08_amount: 10.27600
data_price_hour_rel_-05_amount: 7.85600
data_price_hour_abs_09_amount: 7.85600
data_price_hour_rel_-04_amount: 6.06600
data_price_hour_abs_10_amount: 6.06600
data_price_hour_rel_-03_amount: 4.13900
data_price_hour_abs_11_amount: 4.13900
data_price_hour_rel_-02_amount: 3.39100
data_price_hour_abs_12_amount: 3.39100
data_price_hour_rel_-01_amount: 2.53600
data_price_hour_abs_13_amount: 2.53600
data_price_hour_rel_+00_amount: 1.74100
data_price_hour_abs_14_amount: 1.74100
data_price_hour_rel_+01_amount: 1.30800
data_price_hour_abs_15_amount: 1.30800
data_price_hour_rel_+02_amount: 2.55700
data_price_hour_abs_16_amount: 2.55700
data_price_hour_rel_+03_amount: 6.45600
data_price_hour_abs_17_amount: 6.45600
data_price_hour_rel_+04_amount: 8.52100
data_price_hour_abs_18_amount: 8.52100
data_price_hour_rel_+05_amount: 12.85800
data_price_hour_abs_19_amount: 12.85800
data_price_hour_rel_+06_amount: 15.47500
data_price_hour_abs_20_amount: 15.47500
data_price_hour_rel_+07_amount: 15.38500
data_price_hour_abs_21_amount: 15.38500
data_price_hour_rel_+08_amount: 12.68800
data_price_hour_abs_22_amount: 12.68800
data_price_hour_rel_+09_amount: 9.74500
data_price_hour_abs_23_amount: 9.74500