date_now: 2024-08-21 14:24:51
date_now_epoch: 1724243091684
date_now_day: 21
date_now_month: 8
date_now_year: 2024
date_start: 2024-08-21 00:00:00
date_end: 2024-08-21 23:59:59
price_low: -2.12800
price_high: 14.03500
price_median: 6.31750
price_average: 5.26233
price_current: -2.12800
price_unit: Cent/kWh
price_threshold_00: -2.12800
price_threshold_01: -2.03200
price_threshold_02: -1.60500
price_threshold_03: -1.30100
price_threshold_04: -1.26400
price_threshold_05: -0.49500
price_threshold_06: 0.01600
price_threshold_07: 0.20100
price_threshold_08: 5.31600
price_threshold_09: 5.60900
price_threshold_10: 5.99500
price_threshold_11: 6.04200
price_threshold_12: 6.59300
price_threshold_13: 6.72600
price_threshold_14: 8.13000
price_threshold_15: 8.20000
price_threshold_16: 8.56500
price_threshold_17: 8.59200
price_threshold_18: 8.73600
price_threshold_19: 8.73800
price_threshold_20: 10.18900
price_threshold_21: 10.34200
price_threshold_22: 13.09600
price_threshold_23: 14.03500
data_price_hour_rel_-14_amount: 8.73600
data_price_hour_abs_00_amount: 8.73600
data_price_hour_rel_-13_amount: 8.20000
data_price_hour_abs_01_amount: 8.20000
data_price_hour_rel_-12_amount: 6.59300
data_price_hour_abs_02_amount: 6.59300
data_price_hour_rel_-11_amount: 5.60900
data_price_hour_abs_03_amount: 5.60900
data_price_hour_rel_-10_amount: 6.04200
data_price_hour_abs_04_amount: 6.04200
data_price_hour_rel_-09_amount: 5.99500
data_price_hour_abs_05_amount: 5.99500
data_price_hour_rel_-08_amount: 8.13000
data_price_hour_abs_06_amount: 8.13000
data_price_hour_rel_-07_amount: 8.59200
data_price_hour_abs_07_amount: 8.59200
data_price_hour_rel_-06_amount: 8.73800
data_price_hour_abs_08_amount: 8.73800
data_price_hour_rel_-05_amount: 5.31600
data_price_hour_abs_09_amount: 5.31600
data_price_hour_rel_-04_amount: 0.01600
data_price_hour_abs_10_amount: 0.01600
data_price_hour_rel_-03_amount: -0.49500
data_price_hour_abs_11_amount: -0.49500
data_price_hour_rel_-02_amount: -1.30100
data_price_hour_abs_12_amount: -1.30100
data_price_hour_rel_-01_amount: -2.03200
data_price_hour_abs_13_amount: -2.03200
data_price_hour_rel_+00_amount: -2.12800
data_price_hour_abs_14_amount: -2.12800
data_price_hour_rel_+01_amount: -1.60500
data_price_hour_abs_15_amount: -1.60500
data_price_hour_rel_+02_amount: -1.26400
data_price_hour_abs_16_amount: -1.26400
data_price_hour_rel_+03_amount: 0.20100
data_price_hour_abs_17_amount: 0.20100
data_price_hour_rel_+04_amount: 6.72600
data_price_hour_abs_18_amount: 6.72600
data_price_hour_rel_+05_amount: 10.18900
data_price_hour_abs_19_amount: 10.18900
data_price_hour_rel_+06_amount: 14.03500
data_price_hour_abs_20_amount: 14.03500
data_price_hour_rel_+07_amount: 13.09600
data_price_hour_abs_21_amount: 13.09600
data_price_hour_rel_+08_amount: 10.34200
data_price_hour_abs_22_amount: 10.34200
data_price_hour_rel_+09_amount: 8.56500
data_price_hour_abs_23_amount: 8.56500