date_now: 2024-05-22 14:23:19
date_now_epoch: 1716380599914
date_now_day: 22
date_now_month: 5
date_now_year: 2024
date_start: 2024-05-22 00:00:00
date_end: 2024-05-22 23:59:59
price_low: 5.41200
price_high: 15.48800
price_median: 7.39050
price_average: 8.58446
price_current: 5.61400
price_unit: Cent/kWh
price_threshold_00: 5.41200
price_threshold_01: 5.61400
price_threshold_02: 5.69100
price_threshold_03: 6.26600
price_threshold_04: 6.49000
price_threshold_05: 6.56500
price_threshold_06: 6.64000
price_threshold_07: 6.71700
price_threshold_08: 6.97800
price_threshold_09: 7.00000
price_threshold_10: 7.00300
price_threshold_11: 7.02000
price_threshold_12: 7.76100
price_threshold_13: 8.12100
price_threshold_14: 9.24500
price_threshold_15: 9.32200
price_threshold_16: 9.49800
price_threshold_17: 9.81400
price_threshold_18: 9.99800
price_threshold_19: 10.31200
price_threshold_20: 10.77100
price_threshold_21: 13.59900
price_threshold_22: 14.70200
price_threshold_23: 15.48800
data_price_hour_rel_-14_amount: 7.00300
data_price_hour_abs_00_amount: 7.00300
data_price_hour_rel_-13_amount: 6.64000
data_price_hour_abs_01_amount: 6.64000
data_price_hour_rel_-12_amount: 6.49000
data_price_hour_abs_02_amount: 6.49000
data_price_hour_rel_-11_amount: 5.41200
data_price_hour_abs_03_amount: 5.41200
data_price_hour_rel_-10_amount: 6.26600
data_price_hour_abs_04_amount: 6.26600
data_price_hour_rel_-09_amount: 7.02000
data_price_hour_abs_05_amount: 7.02000
data_price_hour_rel_-08_amount: 9.81400
data_price_hour_abs_06_amount: 9.81400
data_price_hour_rel_-07_amount: 10.31200
data_price_hour_abs_07_amount: 10.31200
data_price_hour_rel_-06_amount: 9.49800
data_price_hour_abs_08_amount: 9.49800
data_price_hour_rel_-05_amount: 8.12100
data_price_hour_abs_09_amount: 8.12100
data_price_hour_rel_-04_amount: 7.00000
data_price_hour_abs_10_amount: 7.00000
data_price_hour_rel_-03_amount: 6.97800
data_price_hour_abs_11_amount: 6.97800
data_price_hour_rel_-02_amount: 6.56500
data_price_hour_abs_12_amount: 6.56500
data_price_hour_rel_-01_amount: 5.69100
data_price_hour_abs_13_amount: 5.69100
data_price_hour_rel_+00_amount: 5.61400
data_price_hour_abs_14_amount: 5.61400
data_price_hour_rel_+01_amount: 6.71700
data_price_hour_abs_15_amount: 6.71700
data_price_hour_rel_+02_amount: 7.76100
data_price_hour_abs_16_amount: 7.76100
data_price_hour_rel_+03_amount: 9.24500
data_price_hour_abs_17_amount: 9.24500
data_price_hour_rel_+04_amount: 9.99800
data_price_hour_abs_18_amount: 9.99800
data_price_hour_rel_+05_amount: 14.70200
data_price_hour_abs_19_amount: 14.70200
data_price_hour_rel_+06_amount: 15.48800
data_price_hour_abs_20_amount: 15.48800
data_price_hour_rel_+07_amount: 13.59900
data_price_hour_abs_21_amount: 13.59900
data_price_hour_rel_+08_amount: 10.77100
data_price_hour_abs_22_amount: 10.77100
data_price_hour_rel_+09_amount: 9.32200
data_price_hour_abs_23_amount: 9.32200