date_now: 2024-09-24 14:28:56
date_now_epoch: 1727180936568
date_now_day: 24
date_now_month: 9
date_now_year: 2024
date_start: 2024-09-24 00:00:00
date_end: 2024-09-24 23:59:59
price_low: 6.05800
price_high: 14.19600
price_median: 8.44450
price_average: 9.17725
price_current: 6.15900
price_unit: Cent/kWh
price_threshold_00: 6.05800
price_threshold_01: 6.15900
price_threshold_02: 6.89900
price_threshold_03: 7.44800
price_threshold_04: 7.49400
price_threshold_05: 7.57500
price_threshold_06: 8.04400
price_threshold_07: 8.25100
price_threshold_08: 8.32600
price_threshold_09: 8.32700
price_threshold_10: 8.36900
price_threshold_11: 8.38700
price_threshold_12: 8.50200
price_threshold_13: 8.82000
price_threshold_14: 8.82900
price_threshold_15: 9.26100
price_threshold_16: 10.17000
price_threshold_17: 10.40400
price_threshold_18: 10.60200
price_threshold_19: 11.07500
price_threshold_20: 11.90500
price_threshold_21: 12.41300
price_threshold_22: 12.74000
price_threshold_23: 14.19600
data_price_hour_rel_-14_amount: 8.82000
data_price_hour_abs_00_amount: 8.82000
data_price_hour_rel_-13_amount: 8.25100
data_price_hour_abs_01_amount: 8.25100
data_price_hour_rel_-12_amount: 8.36900
data_price_hour_abs_02_amount: 8.36900
data_price_hour_rel_-11_amount: 8.50200
data_price_hour_abs_03_amount: 8.50200
data_price_hour_rel_-10_amount: 8.32600
data_price_hour_abs_04_amount: 8.32600
data_price_hour_rel_-09_amount: 8.82900
data_price_hour_abs_05_amount: 8.82900
data_price_hour_rel_-08_amount: 11.07500
data_price_hour_abs_06_amount: 11.07500
data_price_hour_rel_-07_amount: 14.19600
data_price_hour_abs_07_amount: 14.19600
data_price_hour_rel_-06_amount: 12.74000
data_price_hour_abs_08_amount: 12.74000
data_price_hour_rel_-05_amount: 10.60200
data_price_hour_abs_09_amount: 10.60200
data_price_hour_rel_-04_amount: 9.26100
data_price_hour_abs_10_amount: 9.26100
data_price_hour_rel_-03_amount: 8.38700
data_price_hour_abs_11_amount: 8.38700
data_price_hour_rel_-02_amount: 7.57500
data_price_hour_abs_12_amount: 7.57500
data_price_hour_rel_-01_amount: 6.89900
data_price_hour_abs_13_amount: 6.89900
data_price_hour_rel_+00_amount: 6.15900
data_price_hour_abs_14_amount: 6.15900
data_price_hour_rel_+01_amount: 7.49400
data_price_hour_abs_15_amount: 7.49400
data_price_hour_rel_+02_amount: 8.32700
data_price_hour_abs_16_amount: 8.32700
data_price_hour_rel_+03_amount: 10.40400
data_price_hour_abs_17_amount: 10.40400
data_price_hour_rel_+04_amount: 11.90500
data_price_hour_abs_18_amount: 11.90500
data_price_hour_rel_+05_amount: 12.41300
data_price_hour_abs_19_amount: 12.41300
data_price_hour_rel_+06_amount: 10.17000
data_price_hour_abs_20_amount: 10.17000
data_price_hour_rel_+07_amount: 8.04400
data_price_hour_abs_21_amount: 8.04400
data_price_hour_rel_+08_amount: 7.44800
data_price_hour_abs_22_amount: 7.44800
data_price_hour_rel_+09_amount: 6.05800
data_price_hour_abs_23_amount: 6.05800