date_now: 2024-03-20 13:20:06
date_now_epoch: 1710937206992
date_now_day: 20
date_now_month: 3
date_now_year: 2024
date_start: 2024-03-20 00:00:00
date_end: 2024-03-20 23:59:59
price_low: 6.14300
price_high: 16.85400
price_median: 7.81700
price_average: 9.13429
price_current: 6.39500
price_unit: Cent/kWh
price_threshold_00: 6.14300
price_threshold_01: 6.39500
price_threshold_02: 6.43500
price_threshold_03: 6.53900
price_threshold_04: 6.60000
price_threshold_05: 7.06300
price_threshold_06: 7.07800
price_threshold_07: 7.34000
price_threshold_08: 7.49000
price_threshold_09: 7.57000
price_threshold_10: 7.60100
price_threshold_11: 7.63600
price_threshold_12: 7.99800
price_threshold_13: 8.09000
price_threshold_14: 8.70700
price_threshold_15: 9.60700
price_threshold_16: 9.83300
price_threshold_17: 10.65200
price_threshold_18: 11.60000
price_threshold_19: 11.62400
price_threshold_20: 11.96800
price_threshold_21: 12.49500
price_threshold_22: 15.90500
price_threshold_23: 16.85400
data_price_hour_rel_-13_amount: 7.60100
data_price_hour_abs_00_amount: 7.60100
data_price_hour_rel_-12_amount: 7.34000
data_price_hour_abs_01_amount: 7.34000
data_price_hour_rel_-11_amount: 7.49000
data_price_hour_abs_02_amount: 7.49000
data_price_hour_rel_-10_amount: 7.57000
data_price_hour_abs_03_amount: 7.57000
data_price_hour_rel_-09_amount: 7.63600
data_price_hour_abs_04_amount: 7.63600
data_price_hour_rel_-08_amount: 8.09000
data_price_hour_abs_05_amount: 8.09000
data_price_hour_rel_-07_amount: 11.60000
data_price_hour_abs_06_amount: 11.60000
data_price_hour_rel_-06_amount: 11.62400
data_price_hour_abs_07_amount: 11.62400
data_price_hour_rel_-05_amount: 9.83300
data_price_hour_abs_08_amount: 9.83300
data_price_hour_rel_-04_amount: 7.06300
data_price_hour_abs_09_amount: 7.06300
data_price_hour_rel_-03_amount: 6.60000
data_price_hour_abs_10_amount: 6.60000
data_price_hour_rel_-02_amount: 6.53900
data_price_hour_abs_11_amount: 6.53900
data_price_hour_rel_-01_amount: 6.14300
data_price_hour_abs_12_amount: 6.14300
data_price_hour_rel_+00_amount: 6.39500
data_price_hour_abs_13_amount: 6.39500
data_price_hour_rel_+01_amount: 6.43500
data_price_hour_abs_14_amount: 6.43500
data_price_hour_rel_+02_amount: 7.07800
data_price_hour_abs_15_amount: 7.07800
data_price_hour_rel_+03_amount: 8.70700
data_price_hour_abs_16_amount: 8.70700
data_price_hour_rel_+04_amount: 11.96800
data_price_hour_abs_17_amount: 11.96800
data_price_hour_rel_+05_amount: 16.85400
data_price_hour_abs_18_amount: 16.85400
data_price_hour_rel_+06_amount: 15.90500
data_price_hour_abs_19_amount: 15.90500
data_price_hour_rel_+07_amount: 12.49500
data_price_hour_abs_20_amount: 12.49500
data_price_hour_rel_+08_amount: 10.65200
data_price_hour_abs_21_amount: 10.65200
data_price_hour_rel_+09_amount: 9.60700
data_price_hour_abs_22_amount: 9.60700
data_price_hour_rel_+10_amount: 7.99800
data_price_hour_abs_23_amount: 7.99800