date_now: 2024-04-09 14:21:18
date_now_epoch: 1712665278664
date_now_day: 9
date_now_month: 4
date_now_year: 2024
date_start: 2024-04-09 00:00:00
date_end: 2024-04-09 23:59:59
price_low: 1.00900
price_high: 9.09000
price_median: 6.36050
price_average: 5.79925
price_current: 1.05000
price_unit: Cent/kWh
price_threshold_00: 1.00900
price_threshold_01: 1.05000
price_threshold_02: 2.90400
price_threshold_03: 3.54900
price_threshold_04: 3.60500
price_threshold_05: 3.82700
price_threshold_06: 4.39800
price_threshold_07: 5.01500
price_threshold_08: 5.16000
price_threshold_09: 5.99500
price_threshold_10: 6.05100
price_threshold_11: 6.24800
price_threshold_12: 6.47300
price_threshold_13: 6.59000
price_threshold_14: 6.79800
price_threshold_15: 6.83000
price_threshold_16: 6.83400
price_threshold_17: 6.93900
price_threshold_18: 7.82100
price_threshold_19: 7.97800
price_threshold_20: 8.17400
price_threshold_21: 8.17500
price_threshold_22: 8.66900
price_threshold_23: 9.09000
data_price_hour_rel_-14_amount: 7.82100
data_price_hour_abs_00_amount: 7.82100
data_price_hour_rel_-13_amount: 6.93900
data_price_hour_abs_01_amount: 6.93900
data_price_hour_rel_-12_amount: 6.47300
data_price_hour_abs_02_amount: 6.47300
data_price_hour_rel_-11_amount: 5.99500
data_price_hour_abs_03_amount: 5.99500
data_price_hour_rel_-10_amount: 6.24800
data_price_hour_abs_04_amount: 6.24800
data_price_hour_rel_-09_amount: 6.83400
data_price_hour_abs_05_amount: 6.83400
data_price_hour_rel_-08_amount: 8.66900
data_price_hour_abs_06_amount: 8.66900
data_price_hour_rel_-07_amount: 9.09000
data_price_hour_abs_07_amount: 9.09000
data_price_hour_rel_-06_amount: 7.97800
data_price_hour_abs_08_amount: 7.97800
data_price_hour_rel_-05_amount: 6.83000
data_price_hour_abs_09_amount: 6.83000
data_price_hour_rel_-04_amount: 5.16000
data_price_hour_abs_10_amount: 5.16000
data_price_hour_rel_-03_amount: 4.39800
data_price_hour_abs_11_amount: 4.39800
data_price_hour_rel_-02_amount: 3.60500
data_price_hour_abs_12_amount: 3.60500
data_price_hour_rel_-01_amount: 1.00900
data_price_hour_abs_13_amount: 1.00900
data_price_hour_rel_+00_amount: 1.05000
data_price_hour_abs_14_amount: 1.05000
data_price_hour_rel_+01_amount: 2.90400
data_price_hour_abs_15_amount: 2.90400
data_price_hour_rel_+02_amount: 3.82700
data_price_hour_abs_16_amount: 3.82700
data_price_hour_rel_+03_amount: 5.01500
data_price_hour_abs_17_amount: 5.01500
data_price_hour_rel_+04_amount: 6.59000
data_price_hour_abs_18_amount: 6.59000
data_price_hour_rel_+05_amount: 8.17500
data_price_hour_abs_19_amount: 8.17500
data_price_hour_rel_+06_amount: 8.17400
data_price_hour_abs_20_amount: 8.17400
data_price_hour_rel_+07_amount: 6.79800
data_price_hour_abs_21_amount: 6.79800
data_price_hour_rel_+08_amount: 6.05100
data_price_hour_abs_22_amount: 6.05100
data_price_hour_rel_+09_amount: 3.54900
data_price_hour_abs_23_amount: 3.54900