date_now: 2024-03-18 13:19:56
date_now_epoch: 1710764396871
date_now_day: 18
date_now_month: 3
date_now_year: 2024
date_start: 2024-03-18 00:00:00
date_end: 2024-03-18 23:59:59
price_low: 5.71400
price_high: 14.57100
price_median: 7.39250
price_average: 8.12504
price_current: 6.83000
price_unit: Cent/kWh
price_threshold_00: 5.71400
price_threshold_01: 5.83100
price_threshold_02: 5.93800
price_threshold_03: 6.41200
price_threshold_04: 6.43800
price_threshold_05: 6.66400
price_threshold_06: 6.77000
price_threshold_07: 6.83000
price_threshold_08: 6.89400
price_threshold_09: 7.08000
price_threshold_10: 7.28400
price_threshold_11: 7.34000
price_threshold_12: 7.44500
price_threshold_13: 7.83800
price_threshold_14: 7.89800
price_threshold_15: 8.12000
price_threshold_16: 8.28000
price_threshold_17: 8.63200
price_threshold_18: 9.44500
price_threshold_19: 9.78700
price_threshold_20: 10.37200
price_threshold_21: 10.76500
price_threshold_22: 12.65300
price_threshold_23: 14.57100
data_price_hour_rel_-13_amount: 6.41200
data_price_hour_abs_00_amount: 6.41200
data_price_hour_rel_-12_amount: 5.71400
data_price_hour_abs_01_amount: 5.71400
data_price_hour_rel_-11_amount: 5.83100
data_price_hour_abs_02_amount: 5.83100
data_price_hour_rel_-10_amount: 5.93800
data_price_hour_abs_03_amount: 5.93800
data_price_hour_rel_-09_amount: 6.43800
data_price_hour_abs_04_amount: 6.43800
data_price_hour_rel_-08_amount: 7.08000
data_price_hour_abs_05_amount: 7.08000
data_price_hour_rel_-07_amount: 8.63200
data_price_hour_abs_06_amount: 8.63200
data_price_hour_rel_-06_amount: 9.78700
data_price_hour_abs_07_amount: 9.78700
data_price_hour_rel_-05_amount: 9.44500
data_price_hour_abs_08_amount: 9.44500
data_price_hour_rel_-04_amount: 8.28000
data_price_hour_abs_09_amount: 8.28000
data_price_hour_rel_-03_amount: 7.28400
data_price_hour_abs_10_amount: 7.28400
data_price_hour_rel_-02_amount: 6.66400
data_price_hour_abs_11_amount: 6.66400
data_price_hour_rel_-01_amount: 6.77000
data_price_hour_abs_12_amount: 6.77000
data_price_hour_rel_+00_amount: 6.83000
data_price_hour_abs_13_amount: 6.83000
data_price_hour_rel_+01_amount: 6.89400
data_price_hour_abs_14_amount: 6.89400
data_price_hour_rel_+02_amount: 7.34000
data_price_hour_abs_15_amount: 7.34000
data_price_hour_rel_+03_amount: 7.89800
data_price_hour_abs_16_amount: 7.89800
data_price_hour_rel_+04_amount: 10.76500
data_price_hour_abs_17_amount: 10.76500
data_price_hour_rel_+05_amount: 14.57100
data_price_hour_abs_18_amount: 14.57100
data_price_hour_rel_+06_amount: 12.65300
data_price_hour_abs_19_amount: 12.65300
data_price_hour_rel_+07_amount: 10.37200
data_price_hour_abs_20_amount: 10.37200
data_price_hour_rel_+08_amount: 8.12000
data_price_hour_abs_21_amount: 8.12000
data_price_hour_rel_+09_amount: 7.83800
data_price_hour_abs_22_amount: 7.83800
data_price_hour_rel_+10_amount: 7.44500
data_price_hour_abs_23_amount: 7.44500