date_now: 2024-12-27 13:27:40
date_now_epoch: 1735302460810
date_now_day: 27
date_now_month: 12
date_now_year: 2024
date_start: 2024-12-27 00:00:00
date_end: 2024-12-27 23:59:59
price_low: 9.95800
price_high: 15.84000
price_median: 12.08750
price_average: 12.17063
price_current: 10.79400
price_unit: Cent/kWh
price_threshold_00: 9.95800
price_threshold_01: 9.97400
price_threshold_02: 10.10300
price_threshold_03: 10.15200
price_threshold_04: 10.62000
price_threshold_05: 10.67900
price_threshold_06: 10.78100
price_threshold_07: 10.79400
price_threshold_08: 10.79400
price_threshold_09: 11.40000
price_threshold_10: 11.57000
price_threshold_11: 12.01000
price_threshold_12: 12.16500
price_threshold_13: 12.42900
price_threshold_14: 12.54200
price_threshold_15: 12.67600
price_threshold_16: 13.01500
price_threshold_17: 13.18500
price_threshold_18: 13.31400
price_threshold_19: 13.64600
price_threshold_20: 14.62500
price_threshold_21: 14.64300
price_threshold_22: 15.18000
price_threshold_23: 15.84000
data_price_hour_rel_-13_amount: 10.67900
data_price_hour_abs_00_amount: 10.67900
data_price_hour_rel_-12_amount: 10.15200
data_price_hour_abs_01_amount: 10.15200
data_price_hour_rel_-11_amount: 10.10300
data_price_hour_abs_02_amount: 10.10300
data_price_hour_rel_-10_amount: 9.97400
data_price_hour_abs_03_amount: 9.97400
data_price_hour_rel_-09_amount: 9.95800
data_price_hour_abs_04_amount: 9.95800
data_price_hour_rel_-08_amount: 10.62000
data_price_hour_abs_05_amount: 10.62000
data_price_hour_rel_-07_amount: 11.57000
data_price_hour_abs_06_amount: 11.57000
data_price_hour_rel_-06_amount: 12.42900
data_price_hour_abs_07_amount: 12.42900
data_price_hour_rel_-05_amount: 13.18500
data_price_hour_abs_08_amount: 13.18500
data_price_hour_rel_-04_amount: 13.01500
data_price_hour_abs_09_amount: 13.01500
data_price_hour_rel_-03_amount: 12.01000
data_price_hour_abs_10_amount: 12.01000
data_price_hour_rel_-02_amount: 10.79400
data_price_hour_abs_11_amount: 10.79400
data_price_hour_rel_-01_amount: 10.78100
data_price_hour_abs_12_amount: 10.78100
data_price_hour_rel_+00_amount: 10.79400
data_price_hour_abs_13_amount: 10.79400
data_price_hour_rel_+01_amount: 12.16500
data_price_hour_abs_14_amount: 12.16500
data_price_hour_rel_+02_amount: 13.64600
data_price_hour_abs_15_amount: 13.64600
data_price_hour_rel_+03_amount: 14.62500
data_price_hour_abs_16_amount: 14.62500
data_price_hour_rel_+04_amount: 15.18000
data_price_hour_abs_17_amount: 15.18000
data_price_hour_rel_+05_amount: 15.84000
data_price_hour_abs_18_amount: 15.84000
data_price_hour_rel_+06_amount: 14.64300
data_price_hour_abs_19_amount: 14.64300
data_price_hour_rel_+07_amount: 13.31400
data_price_hour_abs_20_amount: 13.31400
data_price_hour_rel_+08_amount: 12.54200
data_price_hour_abs_21_amount: 12.54200
data_price_hour_rel_+09_amount: 12.67600
data_price_hour_abs_22_amount: 12.67600
data_price_hour_rel_+10_amount: 11.40000
data_price_hour_abs_23_amount: 11.40000