date_now: 2024-07-10 14:24:38
date_now_epoch: 1720614278929
date_now_day: 10
date_now_month: 7
date_now_year: 2024
date_start: 2024-07-10 00:00:00
date_end: 2024-07-10 23:59:59
price_low: 4.45800
price_high: 16.40800
price_median: 6.68100
price_average: 7.90117
price_current: 5.50000
price_unit: Cent/kWh
price_threshold_00: 4.45800
price_threshold_01: 4.71300
price_threshold_02: 5.39200
price_threshold_03: 5.49000
price_threshold_04: 5.49800
price_threshold_05: 5.50000
price_threshold_06: 5.50000
price_threshold_07: 5.57700
price_threshold_08: 5.84300
price_threshold_09: 5.99200
price_threshold_10: 6.50000
price_threshold_11: 6.61400
price_threshold_12: 6.74800
price_threshold_13: 8.01400
price_threshold_14: 8.07300
price_threshold_15: 8.44600
price_threshold_16: 8.49300
price_threshold_17: 9.29200
price_threshold_18: 9.97200
price_threshold_19: 10.20100
price_threshold_20: 10.64600
price_threshold_21: 11.39700
price_threshold_22: 14.86100
price_threshold_23: 16.40800
data_price_hour_rel_-14_amount: 5.50000
data_price_hour_abs_00_amount: 5.50000
data_price_hour_rel_-13_amount: 5.49000
data_price_hour_abs_01_amount: 5.49000
data_price_hour_rel_-12_amount: 5.39200
data_price_hour_abs_02_amount: 5.39200
data_price_hour_rel_-11_amount: 5.49800
data_price_hour_abs_03_amount: 5.49800
data_price_hour_rel_-10_amount: 5.99200
data_price_hour_abs_04_amount: 5.99200
data_price_hour_rel_-09_amount: 6.61400
data_price_hour_abs_05_amount: 6.61400
data_price_hour_rel_-08_amount: 8.44600
data_price_hour_abs_06_amount: 8.44600
data_price_hour_rel_-07_amount: 10.64600
data_price_hour_abs_07_amount: 10.64600
data_price_hour_rel_-06_amount: 10.20100
data_price_hour_abs_08_amount: 10.20100
data_price_hour_rel_-05_amount: 8.49300
data_price_hour_abs_09_amount: 8.49300
data_price_hour_rel_-04_amount: 6.50000
data_price_hour_abs_10_amount: 6.50000
data_price_hour_rel_-03_amount: 5.57700
data_price_hour_abs_11_amount: 5.57700
data_price_hour_rel_-02_amount: 4.71300
data_price_hour_abs_12_amount: 4.71300
data_price_hour_rel_-01_amount: 4.45800
data_price_hour_abs_13_amount: 4.45800
data_price_hour_rel_+00_amount: 5.50000
data_price_hour_abs_14_amount: 5.50000
data_price_hour_rel_+01_amount: 5.84300
data_price_hour_abs_15_amount: 5.84300
data_price_hour_rel_+02_amount: 6.74800
data_price_hour_abs_16_amount: 6.74800
data_price_hour_rel_+03_amount: 8.01400
data_price_hour_abs_17_amount: 8.01400
data_price_hour_rel_+04_amount: 8.07300
data_price_hour_abs_18_amount: 8.07300
data_price_hour_rel_+05_amount: 9.97200
data_price_hour_abs_19_amount: 9.97200
data_price_hour_rel_+06_amount: 14.86100
data_price_hour_abs_20_amount: 14.86100
data_price_hour_rel_+07_amount: 16.40800
data_price_hour_abs_21_amount: 16.40800
data_price_hour_rel_+08_amount: 11.39700
data_price_hour_abs_22_amount: 11.39700
data_price_hour_rel_+09_amount: 9.29200
data_price_hour_abs_23_amount: 9.29200