date_now: 2024-03-26 13:20:56
date_now_epoch: 1711455656377
date_now_day: 26
date_now_month: 3
date_now_year: 2024
date_start: 2024-03-26 00:00:00
date_end: 2024-03-26 23:59:59
price_low: 1.14900
price_high: 10.07500
price_median: 7.10850
price_average: 6.61446
price_current: 2.73500
price_unit: Cent/kWh
price_threshold_00: 1.14900
price_threshold_01: 2.73500
price_threshold_02: 3.70300
price_threshold_03: 3.71000
price_threshold_04: 4.95000
price_threshold_05: 5.19300
price_threshold_06: 6.20000
price_threshold_07: 6.69200
price_threshold_08: 6.79800
price_threshold_09: 6.80600
price_threshold_10: 6.89100
price_threshold_11: 7.00700
price_threshold_12: 7.21000
price_threshold_13: 7.22800
price_threshold_14: 7.28200
price_threshold_15: 7.33000
price_threshold_16: 7.70500
price_threshold_17: 7.92000
price_threshold_18: 7.99000
price_threshold_19: 8.00000
price_threshold_20: 8.03800
price_threshold_21: 8.10500
price_threshold_22: 10.03000
price_threshold_23: 10.07500
data_price_hour_rel_-13_amount: 7.99000
data_price_hour_abs_00_amount: 7.99000
data_price_hour_rel_-12_amount: 7.33000
data_price_hour_abs_01_amount: 7.33000
data_price_hour_rel_-11_amount: 6.89100
data_price_hour_abs_02_amount: 6.89100
data_price_hour_rel_-10_amount: 6.79800
data_price_hour_abs_03_amount: 6.79800
data_price_hour_rel_-09_amount: 7.00700
data_price_hour_abs_04_amount: 7.00700
data_price_hour_rel_-08_amount: 7.22800
data_price_hour_abs_05_amount: 7.22800
data_price_hour_rel_-07_amount: 8.03800
data_price_hour_abs_06_amount: 8.03800
data_price_hour_rel_-06_amount: 7.92000
data_price_hour_abs_07_amount: 7.92000
data_price_hour_rel_-05_amount: 7.21000
data_price_hour_abs_08_amount: 7.21000
data_price_hour_rel_-04_amount: 6.20000
data_price_hour_abs_09_amount: 6.20000
data_price_hour_rel_-03_amount: 4.95000
data_price_hour_abs_10_amount: 4.95000
data_price_hour_rel_-02_amount: 3.70300
data_price_hour_abs_11_amount: 3.70300
data_price_hour_rel_-01_amount: 1.14900
data_price_hour_abs_12_amount: 1.14900
data_price_hour_rel_+00_amount: 2.73500
data_price_hour_abs_13_amount: 2.73500
data_price_hour_rel_+01_amount: 3.71000
data_price_hour_abs_14_amount: 3.71000
data_price_hour_rel_+02_amount: 5.19300
data_price_hour_abs_15_amount: 5.19300
data_price_hour_rel_+03_amount: 6.80600
data_price_hour_abs_16_amount: 6.80600
data_price_hour_rel_+04_amount: 8.10500
data_price_hour_abs_17_amount: 8.10500
data_price_hour_rel_+05_amount: 10.07500
data_price_hour_abs_18_amount: 10.07500
data_price_hour_rel_+06_amount: 10.03000
data_price_hour_abs_19_amount: 10.03000
data_price_hour_rel_+07_amount: 8.00000
data_price_hour_abs_20_amount: 8.00000
data_price_hour_rel_+08_amount: 7.70500
data_price_hour_abs_21_amount: 7.70500
data_price_hour_rel_+09_amount: 7.28200
data_price_hour_abs_22_amount: 7.28200
data_price_hour_rel_+10_amount: 6.69200
data_price_hour_abs_23_amount: 6.69200