date_now: 2024-02-21 13:19:55
date_now_epoch: 1708517995987
date_now_day: 21
date_now_month: 2
date_now_year: 2024
date_start: 2024-02-21 00:00:00
date_end: 2024-02-21 23:59:59
price_low: 3.52200
price_high: 8.51100
price_median: 5.33900
price_average: 5.75654
price_current: 5.12200
price_unit: Cent/kWh
price_threshold_00: 3.52200
price_threshold_01: 4.17100
price_threshold_02: 4.47700
price_threshold_03: 4.53900
price_threshold_04: 4.59800
price_threshold_05: 4.68400
price_threshold_06: 4.84700
price_threshold_07: 5.00300
price_threshold_08: 5.06500
price_threshold_09: 5.12200
price_threshold_10: 5.21100
price_threshold_11: 5.30100
price_threshold_12: 5.37700
price_threshold_13: 6.03900
price_threshold_14: 6.13900
price_threshold_15: 6.41000
price_threshold_16: 6.56000
price_threshold_17: 6.60000
price_threshold_18: 6.85800
price_threshold_19: 6.96300
price_threshold_20: 6.99200
price_threshold_21: 7.03400
price_threshold_22: 8.13400
price_threshold_23: 8.51100
data_price_hour_rel_-13_amount: 5.06500
data_price_hour_abs_00_amount: 5.06500
data_price_hour_rel_-12_amount: 4.84700
data_price_hour_abs_01_amount: 4.84700
data_price_hour_rel_-11_amount: 4.68400
data_price_hour_abs_02_amount: 4.68400
data_price_hour_rel_-10_amount: 4.47700
data_price_hour_abs_03_amount: 4.47700
data_price_hour_rel_-09_amount: 4.53900
data_price_hour_abs_04_amount: 4.53900
data_price_hour_rel_-08_amount: 5.00300
data_price_hour_abs_05_amount: 5.00300
data_price_hour_rel_-07_amount: 6.60000
data_price_hour_abs_06_amount: 6.60000
data_price_hour_rel_-06_amount: 8.13400
data_price_hour_abs_07_amount: 8.13400
data_price_hour_rel_-05_amount: 8.51100
data_price_hour_abs_08_amount: 8.51100
data_price_hour_rel_-04_amount: 7.03400
data_price_hour_abs_09_amount: 7.03400
data_price_hour_rel_-03_amount: 6.41000
data_price_hour_abs_10_amount: 6.41000
data_price_hour_rel_-02_amount: 6.03900
data_price_hour_abs_11_amount: 6.03900
data_price_hour_rel_-01_amount: 5.30100
data_price_hour_abs_12_amount: 5.30100
data_price_hour_rel_+00_amount: 5.12200
data_price_hour_abs_13_amount: 5.12200
data_price_hour_rel_+01_amount: 5.37700
data_price_hour_abs_14_amount: 5.37700
data_price_hour_rel_+02_amount: 6.56000
data_price_hour_abs_15_amount: 6.56000
data_price_hour_rel_+03_amount: 6.99200
data_price_hour_abs_16_amount: 6.99200
data_price_hour_rel_+04_amount: 6.96300
data_price_hour_abs_17_amount: 6.96300
data_price_hour_rel_+05_amount: 6.85800
data_price_hour_abs_18_amount: 6.85800
data_price_hour_rel_+06_amount: 6.13900
data_price_hour_abs_19_amount: 6.13900
data_price_hour_rel_+07_amount: 5.21100
data_price_hour_abs_20_amount: 5.21100
data_price_hour_rel_+08_amount: 4.59800
data_price_hour_abs_21_amount: 4.59800
data_price_hour_rel_+09_amount: 4.17100
data_price_hour_abs_22_amount: 4.17100
data_price_hour_rel_+10_amount: 3.52200
data_price_hour_abs_23_amount: 3.52200