date_now: 2024-09-26 14:29:05
date_now_epoch: 1727353745346
date_now_day: 26
date_now_month: 9
date_now_year: 2024
date_start: 2024-09-26 00:00:00
date_end: 2024-09-26 23:59:59
price_low: 1.20800
price_high: 8.90000
price_median: 5.43150
price_average: 5.50029
price_current: 1.26800
price_unit: Cent/kWh
price_threshold_00: 1.20800
price_threshold_01: 1.26800
price_threshold_02: 1.70000
price_threshold_03: 3.16200
price_threshold_04: 3.63000
price_threshold_05: 3.79000
price_threshold_06: 4.55300
price_threshold_07: 4.92300
price_threshold_08: 4.97100
price_threshold_09: 4.98700
price_threshold_10: 5.23400
price_threshold_11: 5.37200
price_threshold_12: 5.49100
price_threshold_13: 5.87800
price_threshold_14: 6.28400
price_threshold_15: 6.60200
price_threshold_16: 6.73300
price_threshold_17: 7.20300
price_threshold_18: 7.36500
price_threshold_19: 7.89300
price_threshold_20: 8.00000
price_threshold_21: 8.34000
price_threshold_22: 8.52000
price_threshold_23: 8.90000
data_price_hour_rel_-14_amount: 6.60200
data_price_hour_abs_00_amount: 6.60200
data_price_hour_rel_-13_amount: 5.87800
data_price_hour_abs_01_amount: 5.87800
data_price_hour_rel_-12_amount: 5.23400
data_price_hour_abs_02_amount: 5.23400
data_price_hour_rel_-11_amount: 4.98700
data_price_hour_abs_03_amount: 4.98700
data_price_hour_rel_-10_amount: 4.55300
data_price_hour_abs_04_amount: 4.55300
data_price_hour_rel_-09_amount: 4.97100
data_price_hour_abs_05_amount: 4.97100
data_price_hour_rel_-08_amount: 7.20300
data_price_hour_abs_06_amount: 7.20300
data_price_hour_rel_-07_amount: 8.52000
data_price_hour_abs_07_amount: 8.52000
data_price_hour_rel_-06_amount: 8.34000
data_price_hour_abs_08_amount: 8.34000
data_price_hour_rel_-05_amount: 6.73300
data_price_hour_abs_09_amount: 6.73300
data_price_hour_rel_-04_amount: 4.92300
data_price_hour_abs_10_amount: 4.92300
data_price_hour_rel_-03_amount: 3.16200
data_price_hour_abs_11_amount: 3.16200
data_price_hour_rel_-02_amount: 1.70000
data_price_hour_abs_12_amount: 1.70000
data_price_hour_rel_-01_amount: 1.20800
data_price_hour_abs_13_amount: 1.20800
data_price_hour_rel_+00_amount: 1.26800
data_price_hour_abs_14_amount: 1.26800
data_price_hour_rel_+01_amount: 3.79000
data_price_hour_abs_15_amount: 3.79000
data_price_hour_rel_+02_amount: 5.49100
data_price_hour_abs_16_amount: 5.49100
data_price_hour_rel_+03_amount: 7.36500
data_price_hour_abs_17_amount: 7.36500
data_price_hour_rel_+04_amount: 8.00000
data_price_hour_abs_18_amount: 8.00000
data_price_hour_rel_+05_amount: 8.90000
data_price_hour_abs_19_amount: 8.90000
data_price_hour_rel_+06_amount: 7.89300
data_price_hour_abs_20_amount: 7.89300
data_price_hour_rel_+07_amount: 6.28400
data_price_hour_abs_21_amount: 6.28400
data_price_hour_rel_+08_amount: 5.37200
data_price_hour_abs_22_amount: 5.37200
data_price_hour_rel_+09_amount: 3.63000
data_price_hour_abs_23_amount: 3.63000