date_now: 2024-11-06 13:28:23
date_now_epoch: 1730896103432
date_now_day: 6
date_now_month: 11
date_now_year: 2024
date_start: 2024-11-06 00:00:00
date_end: 2024-11-06 23:59:59
price_low: 9.54700
price_high: 82.01100
price_median: 13.34700
price_average: 23.10913
price_current: 12.55500
price_unit: Cent/kWh
price_threshold_00: 9.54700
price_threshold_01: 9.70400
price_threshold_02: 9.90500
price_threshold_03: 10.05100
price_threshold_04: 10.63900
price_threshold_05: 11.02500
price_threshold_06: 11.17300
price_threshold_07: 11.93500
price_threshold_08: 12.32000
price_threshold_09: 12.32000
price_threshold_10: 12.55500
price_threshold_11: 13.34600
price_threshold_12: 13.34800
price_threshold_13: 14.17600
price_threshold_14: 14.49400
price_threshold_15: 16.34000
price_threshold_16: 20.73500
price_threshold_17: 24.05400
price_threshold_18: 27.00900
price_threshold_19: 29.99900
price_threshold_20: 45.00000
price_threshold_21: 52.42500
price_threshold_22: 80.50800
price_threshold_23: 82.01100
data_price_hour_rel_-13_amount: 10.63900
data_price_hour_abs_00_amount: 10.63900
data_price_hour_rel_-12_amount: 9.90500
data_price_hour_abs_01_amount: 9.90500
data_price_hour_rel_-11_amount: 9.54700
data_price_hour_abs_02_amount: 9.54700
data_price_hour_rel_-10_amount: 9.70400
data_price_hour_abs_03_amount: 9.70400
data_price_hour_rel_-09_amount: 10.05100
data_price_hour_abs_04_amount: 10.05100
data_price_hour_rel_-08_amount: 11.02500
data_price_hour_abs_05_amount: 11.02500
data_price_hour_rel_-07_amount: 16.34000
data_price_hour_abs_06_amount: 16.34000
data_price_hour_rel_-06_amount: 29.99900
data_price_hour_abs_07_amount: 29.99900
data_price_hour_rel_-05_amount: 24.05400
data_price_hour_abs_08_amount: 24.05400
data_price_hour_rel_-04_amount: 14.49400
data_price_hour_abs_09_amount: 14.49400
data_price_hour_rel_-03_amount: 13.34600
data_price_hour_abs_10_amount: 13.34600
data_price_hour_rel_-02_amount: 12.32000
data_price_hour_abs_11_amount: 12.32000
data_price_hour_rel_-01_amount: 12.32000
data_price_hour_abs_12_amount: 12.32000
data_price_hour_rel_+00_amount: 12.55500
data_price_hour_abs_13_amount: 12.55500
data_price_hour_rel_+01_amount: 14.17600
data_price_hour_abs_14_amount: 14.17600
data_price_hour_rel_+02_amount: 27.00900
data_price_hour_abs_15_amount: 27.00900
data_price_hour_rel_+03_amount: 52.42500
data_price_hour_abs_16_amount: 52.42500
data_price_hour_rel_+04_amount: 82.01100
data_price_hour_abs_17_amount: 82.01100
data_price_hour_rel_+05_amount: 80.50800
data_price_hour_abs_18_amount: 80.50800
data_price_hour_rel_+06_amount: 45.00000
data_price_hour_abs_19_amount: 45.00000
data_price_hour_rel_+07_amount: 20.73500
data_price_hour_abs_20_amount: 20.73500
data_price_hour_rel_+08_amount: 13.34800
data_price_hour_abs_21_amount: 13.34800
data_price_hour_rel_+09_amount: 11.93500
data_price_hour_abs_22_amount: 11.93500
data_price_hour_rel_+10_amount: 11.17300
data_price_hour_abs_23_amount: 11.17300