date_now: 2024-10-31 13:28:31
date_now_epoch: 1730377711231
date_now_day: 31
date_now_month: 10
date_now_year: 2024
date_start: 2024-10-31 00:00:00
date_end: 2024-10-31 23:59:59
price_low: 6.45600
price_high: 13.55300
price_median: 10.37400
price_average: 10.57896
price_current: 9.25500
price_unit: Cent/kWh
price_threshold_00: 6.45600
price_threshold_01: 8.04400
price_threshold_02: 8.53400
price_threshold_03: 8.89100
price_threshold_04: 9.25500
price_threshold_05: 9.48100
price_threshold_06: 9.65800
price_threshold_07: 9.80300
price_threshold_08: 9.80500
price_threshold_09: 9.85100
price_threshold_10: 9.93800
price_threshold_11: 10.23400
price_threshold_12: 10.51400
price_threshold_13: 10.51600
price_threshold_14: 10.58000
price_threshold_15: 11.15000
price_threshold_16: 11.78400
price_threshold_17: 12.11500
price_threshold_18: 12.31700
price_threshold_19: 12.32800
price_threshold_20: 12.84100
price_threshold_21: 12.90000
price_threshold_22: 13.34700
price_threshold_23: 13.55300
data_price_hour_rel_-13_amount: 10.51600
data_price_hour_abs_00_amount: 10.51600
data_price_hour_rel_-12_amount: 9.85100
data_price_hour_abs_01_amount: 9.85100
data_price_hour_rel_-11_amount: 9.65800
data_price_hour_abs_02_amount: 9.65800
data_price_hour_rel_-10_amount: 9.48100
data_price_hour_abs_03_amount: 9.48100
data_price_hour_rel_-09_amount: 9.80300
data_price_hour_abs_04_amount: 9.80300
data_price_hour_rel_-08_amount: 10.23400
data_price_hour_abs_05_amount: 10.23400
data_price_hour_rel_-07_amount: 12.11500
data_price_hour_abs_06_amount: 12.11500
data_price_hour_rel_-06_amount: 13.55300
data_price_hour_abs_07_amount: 13.55300
data_price_hour_rel_-05_amount: 13.34700
data_price_hour_abs_08_amount: 13.34700
data_price_hour_rel_-04_amount: 12.32800
data_price_hour_abs_09_amount: 12.32800
data_price_hour_rel_-03_amount: 10.51400
data_price_hour_abs_10_amount: 10.51400
data_price_hour_rel_-02_amount: 9.80500
data_price_hour_abs_11_amount: 9.80500
data_price_hour_rel_-01_amount: 8.89100
data_price_hour_abs_12_amount: 8.89100
data_price_hour_rel_+00_amount: 9.25500
data_price_hour_abs_13_amount: 9.25500
data_price_hour_rel_+01_amount: 9.93800
data_price_hour_abs_14_amount: 9.93800
data_price_hour_rel_+02_amount: 11.15000
data_price_hour_abs_15_amount: 11.15000
data_price_hour_rel_+03_amount: 12.31700
data_price_hour_abs_16_amount: 12.31700
data_price_hour_rel_+04_amount: 12.90000
data_price_hour_abs_17_amount: 12.90000
data_price_hour_rel_+05_amount: 12.84100
data_price_hour_abs_18_amount: 12.84100
data_price_hour_rel_+06_amount: 11.78400
data_price_hour_abs_19_amount: 11.78400
data_price_hour_rel_+07_amount: 10.58000
data_price_hour_abs_20_amount: 10.58000
data_price_hour_rel_+08_amount: 8.53400
data_price_hour_abs_21_amount: 8.53400
data_price_hour_rel_+09_amount: 8.04400
data_price_hour_abs_22_amount: 8.04400
data_price_hour_rel_+10_amount: 6.45600
data_price_hour_abs_23_amount: 6.45600