date_now: 2024-12-23 13:28:43
date_now_epoch: 1734956923477
date_now_day: 23
date_now_month: 12
date_now_year: 2024
date_start: 2024-12-23 00:00:00
date_end: 2024-12-23 23:59:59
price_low: 0.91200
price_high: 10.82900
price_median: 5.70750
price_average: 5.90988
price_current: 5.48100
price_unit: Cent/kWh
price_threshold_00: 0.91200
price_threshold_01: 0.97800
price_threshold_02: 1.43100
price_threshold_03: 1.48000
price_threshold_04: 1.73900
price_threshold_05: 2.01300
price_threshold_06: 2.91900
price_threshold_07: 5.20000
price_threshold_08: 5.20100
price_threshold_09: 5.27300
price_threshold_10: 5.41700
price_threshold_11: 5.48100
price_threshold_12: 5.93400
price_threshold_13: 5.96200
price_threshold_14: 6.15600
price_threshold_15: 7.36900
price_threshold_16: 8.25600
price_threshold_17: 9.25900
price_threshold_18: 9.69900
price_threshold_19: 9.74700
price_threshold_20: 9.82500
price_threshold_21: 10.17500
price_threshold_22: 10.58200
price_threshold_23: 10.82900
data_price_hour_rel_-13_amount: 2.91900
data_price_hour_abs_00_amount: 2.91900
data_price_hour_rel_-12_amount: 2.01300
data_price_hour_abs_01_amount: 2.01300
data_price_hour_rel_-11_amount: 1.43100
data_price_hour_abs_02_amount: 1.43100
data_price_hour_rel_-10_amount: 0.91200
data_price_hour_abs_03_amount: 0.91200
data_price_hour_rel_-09_amount: 0.97800
data_price_hour_abs_04_amount: 0.97800
data_price_hour_rel_-08_amount: 1.48000
data_price_hour_abs_05_amount: 1.48000
data_price_hour_rel_-07_amount: 1.73900
data_price_hour_abs_06_amount: 1.73900
data_price_hour_rel_-06_amount: 5.20100
data_price_hour_abs_07_amount: 5.20100
data_price_hour_rel_-05_amount: 5.93400
data_price_hour_abs_08_amount: 5.93400
data_price_hour_rel_-04_amount: 5.96200
data_price_hour_abs_09_amount: 5.96200
data_price_hour_rel_-03_amount: 5.27300
data_price_hour_abs_10_amount: 5.27300
data_price_hour_rel_-02_amount: 5.20000
data_price_hour_abs_11_amount: 5.20000
data_price_hour_rel_-01_amount: 5.41700
data_price_hour_abs_12_amount: 5.41700
data_price_hour_rel_+00_amount: 5.48100
data_price_hour_abs_13_amount: 5.48100
data_price_hour_rel_+01_amount: 6.15600
data_price_hour_abs_14_amount: 6.15600
data_price_hour_rel_+02_amount: 7.36900
data_price_hour_abs_15_amount: 7.36900
data_price_hour_rel_+03_amount: 8.25600
data_price_hour_abs_16_amount: 8.25600
data_price_hour_rel_+04_amount: 9.82500
data_price_hour_abs_17_amount: 9.82500
data_price_hour_rel_+05_amount: 10.17500
data_price_hour_abs_18_amount: 10.17500
data_price_hour_rel_+06_amount: 9.74700
data_price_hour_abs_19_amount: 9.74700
data_price_hour_rel_+07_amount: 9.25900
data_price_hour_abs_20_amount: 9.25900
data_price_hour_rel_+08_amount: 10.82900
data_price_hour_abs_21_amount: 10.82900
data_price_hour_rel_+09_amount: 10.58200
data_price_hour_abs_22_amount: 10.58200
data_price_hour_rel_+10_amount: 9.69900
data_price_hour_abs_23_amount: 9.69900