date_now: 2024-07-01 14:25:31
date_now_epoch: 1719836731160
date_now_day: 1
date_now_month: 7
date_now_year: 2024
date_start: 2024-07-01 00:00:00
date_end: 2024-07-01 23:59:59
price_low: 3.46100
price_high: 16.67900
price_median: 8.61000
price_average: 9.18908
price_current: 3.99200
price_unit: Cent/kWh
price_threshold_00: 3.46100
price_threshold_01: 3.76300
price_threshold_02: 3.99200
price_threshold_03: 6.22000
price_threshold_04: 6.99000
price_threshold_05: 7.56300
price_threshold_06: 7.73800
price_threshold_07: 7.80100
price_threshold_08: 7.80400
price_threshold_09: 7.81900
price_threshold_10: 8.08200
price_threshold_11: 8.43200
price_threshold_12: 8.78800
price_threshold_13: 9.16700
price_threshold_14: 9.48800
price_threshold_15: 10.24700
price_threshold_16: 10.70100
price_threshold_17: 10.75100
price_threshold_18: 11.55700
price_threshold_19: 12.21900
price_threshold_20: 12.91000
price_threshold_21: 14.13000
price_threshold_22: 14.23600
price_threshold_23: 16.67900
data_price_hour_rel_-14_amount: 9.48800
data_price_hour_abs_00_amount: 9.48800
data_price_hour_rel_-13_amount: 8.43200
data_price_hour_abs_01_amount: 8.43200
data_price_hour_rel_-12_amount: 7.81900
data_price_hour_abs_02_amount: 7.81900
data_price_hour_rel_-11_amount: 7.80100
data_price_hour_abs_03_amount: 7.80100
data_price_hour_rel_-10_amount: 7.56300
data_price_hour_abs_04_amount: 7.56300
data_price_hour_rel_-09_amount: 8.08200
data_price_hour_abs_05_amount: 8.08200
data_price_hour_rel_-08_amount: 12.21900
data_price_hour_abs_06_amount: 12.21900
data_price_hour_rel_-07_amount: 14.13000
data_price_hour_abs_07_amount: 14.13000
data_price_hour_rel_-06_amount: 14.23600
data_price_hour_abs_08_amount: 14.23600
data_price_hour_rel_-05_amount: 11.55700
data_price_hour_abs_09_amount: 11.55700
data_price_hour_rel_-04_amount: 10.70100
data_price_hour_abs_10_amount: 10.70100
data_price_hour_rel_-03_amount: 9.16700
data_price_hour_abs_11_amount: 9.16700
data_price_hour_rel_-02_amount: 7.73800
data_price_hour_abs_12_amount: 7.73800
data_price_hour_rel_-01_amount: 6.99000
data_price_hour_abs_13_amount: 6.99000
data_price_hour_rel_+00_amount: 3.99200
data_price_hour_abs_14_amount: 3.99200
data_price_hour_rel_+01_amount: 3.46100
data_price_hour_abs_15_amount: 3.46100
data_price_hour_rel_+02_amount: 3.76300
data_price_hour_abs_16_amount: 3.76300
data_price_hour_rel_+03_amount: 6.22000
data_price_hour_abs_17_amount: 6.22000
data_price_hour_rel_+04_amount: 7.80400
data_price_hour_abs_18_amount: 7.80400
data_price_hour_rel_+05_amount: 10.24700
data_price_hour_abs_19_amount: 10.24700
data_price_hour_rel_+06_amount: 16.67900
data_price_hour_abs_20_amount: 16.67900
data_price_hour_rel_+07_amount: 12.91000
data_price_hour_abs_21_amount: 12.91000
data_price_hour_rel_+08_amount: 10.75100
data_price_hour_abs_22_amount: 10.75100
data_price_hour_rel_+09_amount: 8.78800
data_price_hour_abs_23_amount: 8.78800