date_now: 2024-07-17 14:24:51
date_now_epoch: 1721219091750
date_now_day: 17
date_now_month: 7
date_now_year: 2024
date_start: 2024-07-17 00:00:00
date_end: 2024-07-17 23:59:59
price_low: 1.08000
price_high: 18.79500
price_median: 7.50600
price_average: 7.63767
price_current: 1.08000
price_unit: Cent/kWh
price_threshold_00: 1.08000
price_threshold_01: 1.34700
price_threshold_02: 2.18500
price_threshold_03: 3.25900
price_threshold_04: 3.88800
price_threshold_05: 4.17500
price_threshold_06: 5.81900
price_threshold_07: 6.16800
price_threshold_08: 7.05300
price_threshold_09: 7.10500
price_threshold_10: 7.28200
price_threshold_11: 7.29800
price_threshold_12: 7.71400
price_threshold_13: 7.74400
price_threshold_14: 8.29300
price_threshold_15: 8.74000
price_threshold_16: 9.00500
price_threshold_17: 9.28100
price_threshold_18: 9.97600
price_threshold_19: 10.57000
price_threshold_20: 10.68900
price_threshold_21: 11.49100
price_threshold_22: 14.34700
price_threshold_23: 18.79500
data_price_hour_rel_-14_amount: 8.74000
data_price_hour_abs_00_amount: 8.74000
data_price_hour_rel_-13_amount: 7.29800
data_price_hour_abs_01_amount: 7.29800
data_price_hour_rel_-12_amount: 7.28200
data_price_hour_abs_02_amount: 7.28200
data_price_hour_rel_-11_amount: 7.05300
data_price_hour_abs_03_amount: 7.05300
data_price_hour_rel_-10_amount: 7.10500
data_price_hour_abs_04_amount: 7.10500
data_price_hour_rel_-09_amount: 7.74400
data_price_hour_abs_05_amount: 7.74400
data_price_hour_rel_-08_amount: 9.00500
data_price_hour_abs_06_amount: 9.00500
data_price_hour_rel_-07_amount: 9.97600
data_price_hour_abs_07_amount: 9.97600
data_price_hour_rel_-06_amount: 10.57000
data_price_hour_abs_08_amount: 10.57000
data_price_hour_rel_-05_amount: 7.71400
data_price_hour_abs_09_amount: 7.71400
data_price_hour_rel_-04_amount: 5.81900
data_price_hour_abs_10_amount: 5.81900
data_price_hour_rel_-03_amount: 4.17500
data_price_hour_abs_11_amount: 4.17500
data_price_hour_rel_-02_amount: 3.25900
data_price_hour_abs_12_amount: 3.25900
data_price_hour_rel_-01_amount: 2.18500
data_price_hour_abs_13_amount: 2.18500
data_price_hour_rel_+00_amount: 1.08000
data_price_hour_abs_14_amount: 1.08000
data_price_hour_rel_+01_amount: 1.34700
data_price_hour_abs_15_amount: 1.34700
data_price_hour_rel_+02_amount: 3.88800
data_price_hour_abs_16_amount: 3.88800
data_price_hour_rel_+03_amount: 6.16800
data_price_hour_abs_17_amount: 6.16800
data_price_hour_rel_+04_amount: 8.29300
data_price_hour_abs_18_amount: 8.29300
data_price_hour_rel_+05_amount: 10.68900
data_price_hour_abs_19_amount: 10.68900
data_price_hour_rel_+06_amount: 18.79500
data_price_hour_abs_20_amount: 18.79500
data_price_hour_rel_+07_amount: 14.34700
data_price_hour_abs_21_amount: 14.34700
data_price_hour_rel_+08_amount: 11.49100
data_price_hour_abs_22_amount: 11.49100
data_price_hour_rel_+09_amount: 9.28100
data_price_hour_abs_23_amount: 9.28100