date_now: 2024-03-24 13:19:36
date_now_epoch: 1711282776499
date_now_day: 24
date_now_month: 3
date_now_year: 2024
date_start: 2024-03-24 00:00:00
date_end: 2024-03-24 23:59:59
price_low: 0.00000
price_high: 7.50000
price_median: 1.57800
price_average: 2.58742
price_current: 0.00000
price_unit: Cent/kWh
price_threshold_00: 0.00000
price_threshold_01: 0.00000
price_threshold_02: 0.00000
price_threshold_03: 0.00000
price_threshold_04: 0.00000
price_threshold_05: 0.00000
price_threshold_06: 0.00000
price_threshold_07: 0.00000
price_threshold_08: 0.19600
price_threshold_09: 1.01300
price_threshold_10: 1.32800
price_threshold_11: 1.48700
price_threshold_12: 1.66900
price_threshold_13: 1.70000
price_threshold_14: 1.99200
price_threshold_15: 2.68200
price_threshold_16: 3.21000
price_threshold_17: 5.94000
price_threshold_18: 6.29700
price_threshold_19: 6.42700
price_threshold_20: 6.47700
price_threshold_21: 6.69000
price_threshold_22: 7.49000
price_threshold_23: 7.50000
data_price_hour_rel_-13_amount: 3.21000
data_price_hour_abs_00_amount: 3.21000
data_price_hour_rel_-12_amount: 1.32800
data_price_hour_abs_01_amount: 1.32800
data_price_hour_rel_-11_amount: 1.01300
data_price_hour_abs_02_amount: 1.01300
data_price_hour_rel_-10_amount: 1.70000
data_price_hour_abs_03_amount: 1.70000
data_price_hour_rel_-09_amount: 1.99200
data_price_hour_abs_04_amount: 1.99200
data_price_hour_rel_-08_amount: 2.68200
data_price_hour_abs_05_amount: 2.68200
data_price_hour_rel_-07_amount: 1.48700
data_price_hour_abs_06_amount: 1.48700
data_price_hour_rel_-06_amount: 0.19600
data_price_hour_abs_07_amount: 0.19600
data_price_hour_rel_-05_amount: 0.00000
data_price_hour_abs_08_amount: 0.00000
data_price_hour_rel_-04_amount: 0.00000
data_price_hour_abs_09_amount: 0.00000
data_price_hour_rel_-03_amount: 0.00000
data_price_hour_abs_10_amount: 0.00000
data_price_hour_rel_-02_amount: 0.00000
data_price_hour_abs_11_amount: 0.00000
data_price_hour_rel_-01_amount: 0.00000
data_price_hour_abs_12_amount: 0.00000
data_price_hour_rel_+00_amount: 0.00000
data_price_hour_abs_13_amount: 0.00000
data_price_hour_rel_+01_amount: 0.00000
data_price_hour_abs_14_amount: 0.00000
data_price_hour_rel_+02_amount: 0.00000
data_price_hour_abs_15_amount: 0.00000
data_price_hour_rel_+03_amount: 1.66900
data_price_hour_abs_16_amount: 1.66900
data_price_hour_rel_+04_amount: 5.94000
data_price_hour_abs_17_amount: 5.94000
data_price_hour_rel_+05_amount: 7.50000
data_price_hour_abs_18_amount: 7.50000
data_price_hour_rel_+06_amount: 7.49000
data_price_hour_abs_19_amount: 7.49000
data_price_hour_rel_+07_amount: 6.69000
data_price_hour_abs_20_amount: 6.69000
data_price_hour_rel_+08_amount: 6.47700
data_price_hour_abs_21_amount: 6.47700
data_price_hour_rel_+09_amount: 6.42700
data_price_hour_abs_22_amount: 6.42700
data_price_hour_rel_+10_amount: 6.29700
data_price_hour_abs_23_amount: 6.29700