date_now: 2024-06-02 14:20:56
date_now_epoch: 1717330856999
date_now_day: 2
date_now_month: 6
date_now_year: 2024
date_start: 2024-06-02 00:00:00
date_end: 2024-06-02 23:59:59
price_low: -1.95800
price_high: 10.90100
price_median: 0.50200
price_average: 2.32379
price_current: -1.59300
price_unit: Cent/kWh
price_threshold_00: -1.95800
price_threshold_01: -1.59300
price_threshold_02: -0.89800
price_threshold_03: -0.40100
price_threshold_04: -0.12700
price_threshold_05: -0.01000
price_threshold_06: 0.00000
price_threshold_07: 0.07700
price_threshold_08: 0.09700
price_threshold_09: 0.15600
price_threshold_10: 0.41100
price_threshold_11: 0.49100
price_threshold_12: 0.51300
price_threshold_13: 0.72200
price_threshold_14: 0.89600
price_threshold_15: 1.39500
price_threshold_16: 1.58500
price_threshold_17: 3.11200
price_threshold_18: 3.57100
price_threshold_19: 6.72300
price_threshold_20: 9.49900
price_threshold_21: 9.91600
price_threshold_22: 10.69300
price_threshold_23: 10.90100
data_price_hour_rel_-14_amount: 3.57100
data_price_hour_abs_00_amount: 3.57100
data_price_hour_rel_-13_amount: 3.11200
data_price_hour_abs_01_amount: 3.11200
data_price_hour_rel_-12_amount: 1.58500
data_price_hour_abs_02_amount: 1.58500
data_price_hour_rel_-11_amount: 0.72200
data_price_hour_abs_03_amount: 0.72200
data_price_hour_rel_-10_amount: 0.89600
data_price_hour_abs_04_amount: 0.89600
data_price_hour_rel_-09_amount: 0.51300
data_price_hour_abs_05_amount: 0.51300
data_price_hour_rel_-08_amount: 0.49100
data_price_hour_abs_06_amount: 0.49100
data_price_hour_rel_-07_amount: 0.41100
data_price_hour_abs_07_amount: 0.41100
data_price_hour_rel_-06_amount: 0.09700
data_price_hour_abs_08_amount: 0.09700
data_price_hour_rel_-05_amount: 0.00000
data_price_hour_abs_09_amount: 0.00000
data_price_hour_rel_-04_amount: 0.15600
data_price_hour_abs_10_amount: 0.15600
data_price_hour_rel_-03_amount: 0.07700
data_price_hour_abs_11_amount: 0.07700
data_price_hour_rel_-02_amount: -0.01000
data_price_hour_abs_12_amount: -0.01000
data_price_hour_rel_-01_amount: -0.40100
data_price_hour_abs_13_amount: -0.40100
data_price_hour_rel_+00_amount: -1.59300
data_price_hour_abs_14_amount: -1.59300
data_price_hour_rel_+01_amount: -1.95800
data_price_hour_abs_15_amount: -1.95800
data_price_hour_rel_+02_amount: -0.89800
data_price_hour_abs_16_amount: -0.89800
data_price_hour_rel_+03_amount: -0.12700
data_price_hour_abs_17_amount: -0.12700
data_price_hour_rel_+04_amount: 1.39500
data_price_hour_abs_18_amount: 1.39500
data_price_hour_rel_+05_amount: 6.72300
data_price_hour_abs_19_amount: 6.72300
data_price_hour_rel_+06_amount: 9.49900
data_price_hour_abs_20_amount: 9.49900
data_price_hour_rel_+07_amount: 10.69300
data_price_hour_abs_21_amount: 10.69300
data_price_hour_rel_+08_amount: 10.90100
data_price_hour_abs_22_amount: 10.90100
data_price_hour_rel_+09_amount: 9.91600
data_price_hour_abs_23_amount: 9.91600