date_now: 2024-10-03 14:28:12
date_now_epoch: 1727958492313
date_now_day: 3
date_now_month: 10
date_now_year: 2024
date_start: 2024-10-03 00:00:00
date_end: 2024-10-03 23:59:59
price_low: 3.39800
price_high: 11.53200
price_median: 6.66850
price_average: 7.26558
price_current: 3.91400
price_unit: Cent/kWh
price_threshold_00: 3.39800
price_threshold_01: 3.91400
price_threshold_02: 4.70900
price_threshold_03: 5.13600
price_threshold_04: 6.30400
price_threshold_05: 6.39800
price_threshold_06: 6.41800
price_threshold_07: 6.44000
price_threshold_08: 6.51400
price_threshold_09: 6.54300
price_threshold_10: 6.58600
price_threshold_11: 6.60400
price_threshold_12: 6.73300
price_threshold_13: 6.92800
price_threshold_14: 7.29000
price_threshold_15: 7.33700
price_threshold_16: 7.66700
price_threshold_17: 8.14600
price_threshold_18: 8.97000
price_threshold_19: 9.09600
price_threshold_20: 9.87600
price_threshold_21: 10.82800
price_threshold_22: 11.00700
price_threshold_23: 11.53200
data_price_hour_rel_-14_amount: 6.73300
data_price_hour_abs_00_amount: 6.73300
data_price_hour_rel_-13_amount: 6.58600
data_price_hour_abs_01_amount: 6.58600
data_price_hour_rel_-12_amount: 6.51400
data_price_hour_abs_02_amount: 6.51400
data_price_hour_rel_-11_amount: 6.41800
data_price_hour_abs_03_amount: 6.41800
data_price_hour_rel_-10_amount: 6.39800
data_price_hour_abs_04_amount: 6.39800
data_price_hour_rel_-09_amount: 6.44000
data_price_hour_abs_05_amount: 6.44000
data_price_hour_rel_-08_amount: 6.54300
data_price_hour_abs_06_amount: 6.54300
data_price_hour_rel_-07_amount: 7.33700
data_price_hour_abs_07_amount: 7.33700
data_price_hour_rel_-06_amount: 7.66700
data_price_hour_abs_08_amount: 7.66700
data_price_hour_rel_-05_amount: 7.29000
data_price_hour_abs_09_amount: 7.29000
data_price_hour_rel_-04_amount: 6.92800
data_price_hour_abs_10_amount: 6.92800
data_price_hour_rel_-03_amount: 6.30400
data_price_hour_abs_11_amount: 6.30400
data_price_hour_rel_-02_amount: 4.70900
data_price_hour_abs_12_amount: 4.70900
data_price_hour_rel_-01_amount: 3.39800
data_price_hour_abs_13_amount: 3.39800
data_price_hour_rel_+00_amount: 3.91400
data_price_hour_abs_14_amount: 3.91400
data_price_hour_rel_+01_amount: 5.13600
data_price_hour_abs_15_amount: 5.13600
data_price_hour_rel_+02_amount: 6.60400
data_price_hour_abs_16_amount: 6.60400
data_price_hour_rel_+03_amount: 8.97000
data_price_hour_abs_17_amount: 8.97000
data_price_hour_rel_+04_amount: 11.00700
data_price_hour_abs_18_amount: 11.00700
data_price_hour_rel_+05_amount: 11.53200
data_price_hour_abs_19_amount: 11.53200
data_price_hour_rel_+06_amount: 10.82800
data_price_hour_abs_20_amount: 10.82800
data_price_hour_rel_+07_amount: 9.87600
data_price_hour_abs_21_amount: 9.87600
data_price_hour_rel_+08_amount: 9.09600
data_price_hour_abs_22_amount: 9.09600
data_price_hour_rel_+09_amount: 8.14600
data_price_hour_abs_23_amount: 8.14600