date_now: 2024-10-12 14:25:32
date_now_epoch: 1728735932661
date_now_day: 12
date_now_month: 10
date_now_year: 2024
date_start: 2024-10-12 00:00:00
date_end: 2024-10-12 23:59:59
price_low: 1.43300
price_high: 9.00900
price_median: 6.55400
price_average: 5.63725
price_current: 2.33400
price_unit: Cent/kWh
price_threshold_00: 1.43300
price_threshold_01: 2.33400
price_threshold_02: 2.47900
price_threshold_03: 2.53700
price_threshold_04: 3.42800
price_threshold_05: 3.48700
price_threshold_06: 3.53000
price_threshold_07: 4.18200
price_threshold_08: 4.54200
price_threshold_09: 4.63500
price_threshold_10: 6.01900
price_threshold_11: 6.31800
price_threshold_12: 6.79000
price_threshold_13: 6.87300
price_threshold_14: 6.89100
price_threshold_15: 7.16300
price_threshold_16: 7.19200
price_threshold_17: 7.50200
price_threshold_18: 7.55800
price_threshold_19: 7.60200
price_threshold_20: 7.76200
price_threshold_21: 7.94200
price_threshold_22: 8.08600
price_threshold_23: 9.00900
data_price_hour_rel_-14_amount: 9.00900
data_price_hour_abs_00_amount: 9.00900
data_price_hour_rel_-13_amount: 7.94200
data_price_hour_abs_01_amount: 7.94200
data_price_hour_rel_-12_amount: 7.55800
data_price_hour_abs_02_amount: 7.55800
data_price_hour_rel_-11_amount: 7.50200
data_price_hour_abs_03_amount: 7.50200
data_price_hour_rel_-10_amount: 7.19200
data_price_hour_abs_04_amount: 7.19200
data_price_hour_rel_-09_amount: 6.79000
data_price_hour_abs_05_amount: 6.79000
data_price_hour_rel_-08_amount: 7.16300
data_price_hour_abs_06_amount: 7.16300
data_price_hour_rel_-07_amount: 6.87300
data_price_hour_abs_07_amount: 6.87300
data_price_hour_rel_-06_amount: 6.89100
data_price_hour_abs_08_amount: 6.89100
data_price_hour_rel_-05_amount: 4.18200
data_price_hour_abs_09_amount: 4.18200
data_price_hour_rel_-04_amount: 3.53000
data_price_hour_abs_10_amount: 3.53000
data_price_hour_rel_-03_amount: 3.42800
data_price_hour_abs_11_amount: 3.42800
data_price_hour_rel_-02_amount: 2.47900
data_price_hour_abs_12_amount: 2.47900
data_price_hour_rel_-01_amount: 1.43300
data_price_hour_abs_13_amount: 1.43300
data_price_hour_rel_+00_amount: 2.33400
data_price_hour_abs_14_amount: 2.33400
data_price_hour_rel_+01_amount: 4.63500
data_price_hour_abs_15_amount: 4.63500
data_price_hour_rel_+02_amount: 6.31800
data_price_hour_abs_16_amount: 6.31800
data_price_hour_rel_+03_amount: 7.60200
data_price_hour_abs_17_amount: 7.60200
data_price_hour_rel_+04_amount: 8.08600
data_price_hour_abs_18_amount: 8.08600
data_price_hour_rel_+05_amount: 7.76200
data_price_hour_abs_19_amount: 7.76200
data_price_hour_rel_+06_amount: 6.01900
data_price_hour_abs_20_amount: 6.01900
data_price_hour_rel_+07_amount: 4.54200
data_price_hour_abs_21_amount: 4.54200
data_price_hour_rel_+08_amount: 3.48700
data_price_hour_abs_22_amount: 3.48700
data_price_hour_rel_+09_amount: 2.53700
data_price_hour_abs_23_amount: 2.53700