date_now: 2024-11-15 13:29:18
date_now_epoch: 1731673758579
date_now_day: 15
date_now_month: 11
date_now_year: 2024
date_start: 2024-11-15 00:00:00
date_end: 2024-11-15 23:59:59
price_low: 9.81000
price_high: 15.77700
price_median: 12.50950
price_average: 12.41700
price_current: 12.18000
price_unit: Cent/kWh
price_threshold_00: 9.81000
price_threshold_01: 10.36200
price_threshold_02: 10.44200
price_threshold_03: 10.67100
price_threshold_04: 10.70100
price_threshold_05: 10.81900
price_threshold_06: 10.86000
price_threshold_07: 11.04400
price_threshold_08: 11.07400
price_threshold_09: 11.57300
price_threshold_10: 12.17400
price_threshold_11: 12.18000
price_threshold_12: 12.83900
price_threshold_13: 12.92600
price_threshold_14: 13.18900
price_threshold_15: 13.39500
price_threshold_16: 13.47700
price_threshold_17: 13.50800
price_threshold_18: 13.62600
price_threshold_19: 13.88400
price_threshold_20: 14.17500
price_threshold_21: 14.41600
price_threshold_22: 15.08600
price_threshold_23: 15.77700
data_price_hour_rel_-13_amount: 11.04400
data_price_hour_abs_00_amount: 11.04400
data_price_hour_rel_-12_amount: 10.67100
data_price_hour_abs_01_amount: 10.67100
data_price_hour_rel_-11_amount: 10.70100
data_price_hour_abs_02_amount: 10.70100
data_price_hour_rel_-10_amount: 10.36200
data_price_hour_abs_03_amount: 10.36200
data_price_hour_rel_-09_amount: 10.44200
data_price_hour_abs_04_amount: 10.44200
data_price_hour_rel_-08_amount: 10.86000
data_price_hour_abs_05_amount: 10.86000
data_price_hour_rel_-07_amount: 12.92600
data_price_hour_abs_06_amount: 12.92600
data_price_hour_rel_-06_amount: 14.41600
data_price_hour_abs_07_amount: 14.41600
data_price_hour_rel_-05_amount: 15.77700
data_price_hour_abs_08_amount: 15.77700
data_price_hour_rel_-04_amount: 15.08600
data_price_hour_abs_09_amount: 15.08600
data_price_hour_rel_-03_amount: 13.88400
data_price_hour_abs_10_amount: 13.88400
data_price_hour_rel_-02_amount: 13.50800
data_price_hour_abs_11_amount: 13.50800
data_price_hour_rel_-01_amount: 12.17400
data_price_hour_abs_12_amount: 12.17400
data_price_hour_rel_+00_amount: 12.18000
data_price_hour_abs_13_amount: 12.18000
data_price_hour_rel_+01_amount: 13.18900
data_price_hour_abs_14_amount: 13.18900
data_price_hour_rel_+02_amount: 14.17500
data_price_hour_abs_15_amount: 14.17500
data_price_hour_rel_+03_amount: 13.39500
data_price_hour_abs_16_amount: 13.39500
data_price_hour_rel_+04_amount: 13.62600
data_price_hour_abs_17_amount: 13.62600
data_price_hour_rel_+05_amount: 13.47700
data_price_hour_abs_18_amount: 13.47700
data_price_hour_rel_+06_amount: 12.83900
data_price_hour_abs_19_amount: 12.83900
data_price_hour_rel_+07_amount: 11.57300
data_price_hour_abs_20_amount: 11.57300
data_price_hour_rel_+08_amount: 11.07400
data_price_hour_abs_21_amount: 11.07400
data_price_hour_rel_+09_amount: 10.81900
data_price_hour_abs_22_amount: 10.81900
data_price_hour_rel_+10_amount: 9.81000
data_price_hour_abs_23_amount: 9.81000