date_now: 2024-11-07 13:27:34
date_now_epoch: 1730982454371
date_now_day: 7
date_now_month: 11
date_now_year: 2024
date_start: 2024-11-07 00:00:00
date_end: 2024-11-07 23:59:59
price_low: 9.97400
price_high: 40.82600
price_median: 13.49350
price_average: 15.96221
price_current: 13.29100
price_unit: Cent/kWh
price_threshold_00: 9.97400
price_threshold_01: 9.98500
price_threshold_02: 9.98700
price_threshold_03: 10.27300
price_threshold_04: 10.29800
price_threshold_05: 10.95400
price_threshold_06: 11.17700
price_threshold_07: 11.39200
price_threshold_08: 11.68900
price_threshold_09: 12.94100
price_threshold_10: 13.29100
price_threshold_11: 13.48100
price_threshold_12: 13.50600
price_threshold_13: 13.99400
price_threshold_14: 14.89000
price_threshold_15: 15.29200
price_threshold_16: 15.74100
price_threshold_17: 17.51100
price_threshold_18: 18.94200
price_threshold_19: 19.19900
price_threshold_20: 21.95600
price_threshold_21: 26.11600
price_threshold_22: 29.67800
price_threshold_23: 40.82600
data_price_hour_rel_-13_amount: 10.95400
data_price_hour_abs_00_amount: 10.95400
data_price_hour_rel_-12_amount: 10.29800
data_price_hour_abs_01_amount: 10.29800
data_price_hour_rel_-11_amount: 9.97400
data_price_hour_abs_02_amount: 9.97400
data_price_hour_rel_-10_amount: 9.98500
data_price_hour_abs_03_amount: 9.98500
data_price_hour_rel_-09_amount: 10.27300
data_price_hour_abs_04_amount: 10.27300
data_price_hour_rel_-08_amount: 11.68900
data_price_hour_abs_05_amount: 11.68900
data_price_hour_rel_-07_amount: 15.74100
data_price_hour_abs_06_amount: 15.74100
data_price_hour_rel_-06_amount: 21.95600
data_price_hour_abs_07_amount: 21.95600
data_price_hour_rel_-05_amount: 19.19900
data_price_hour_abs_08_amount: 19.19900
data_price_hour_rel_-04_amount: 15.29200
data_price_hour_abs_09_amount: 15.29200
data_price_hour_rel_-03_amount: 14.89000
data_price_hour_abs_10_amount: 14.89000
data_price_hour_rel_-02_amount: 13.48100
data_price_hour_abs_11_amount: 13.48100
data_price_hour_rel_-01_amount: 13.50600
data_price_hour_abs_12_amount: 13.50600
data_price_hour_rel_+00_amount: 13.29100
data_price_hour_abs_13_amount: 13.29100
data_price_hour_rel_+01_amount: 13.99400
data_price_hour_abs_14_amount: 13.99400
data_price_hour_rel_+02_amount: 18.94200
data_price_hour_abs_15_amount: 18.94200
data_price_hour_rel_+03_amount: 26.11600
data_price_hour_abs_16_amount: 26.11600
data_price_hour_rel_+04_amount: 40.82600
data_price_hour_abs_17_amount: 40.82600
data_price_hour_rel_+05_amount: 29.67800
data_price_hour_abs_18_amount: 29.67800
data_price_hour_rel_+06_amount: 17.51100
data_price_hour_abs_19_amount: 17.51100
data_price_hour_rel_+07_amount: 12.94100
data_price_hour_abs_20_amount: 12.94100
data_price_hour_rel_+08_amount: 11.39200
data_price_hour_abs_21_amount: 11.39200
data_price_hour_rel_+09_amount: 11.17700
data_price_hour_abs_22_amount: 11.17700
data_price_hour_rel_+10_amount: 9.98700
data_price_hour_abs_23_amount: 9.98700