date_now: 2024-08-17 14:22:06
date_now_epoch: 1723897326221
date_now_day: 17
date_now_month: 8
date_now_year: 2024
date_start: 2024-08-17 00:00:00
date_end: 2024-08-17 23:59:59
price_low: 3.94300
price_high: 14.91800
price_median: 10.37000
price_average: 9.32358
price_current: 3.94300
price_unit: Cent/kWh
price_threshold_00: 3.94300
price_threshold_01: 3.95600
price_threshold_02: 4.07100
price_threshold_03: 4.69300
price_threshold_04: 5.42800
price_threshold_05: 5.90900
price_threshold_06: 6.94900
price_threshold_07: 8.40000
price_threshold_08: 8.84000
price_threshold_09: 10.18200
price_threshold_10: 10.31300
price_threshold_11: 10.34300
price_threshold_12: 10.39700
price_threshold_13: 10.58200
price_threshold_14: 10.67000
price_threshold_15: 10.71100
price_threshold_16: 10.92600
price_threshold_17: 11.05900
price_threshold_18: 11.08400
price_threshold_19: 11.67000
price_threshold_20: 11.96800
price_threshold_21: 12.69800
price_threshold_22: 14.05600
price_threshold_23: 14.91800
data_price_hour_rel_-14_amount: 10.71100
data_price_hour_abs_00_amount: 10.71100
data_price_hour_rel_-13_amount: 10.92600
data_price_hour_abs_01_amount: 10.92600
data_price_hour_rel_-12_amount: 10.31300
data_price_hour_abs_02_amount: 10.31300
data_price_hour_rel_-11_amount: 10.18200
data_price_hour_abs_03_amount: 10.18200
data_price_hour_rel_-10_amount: 11.05900
data_price_hour_abs_04_amount: 11.05900
data_price_hour_rel_-09_amount: 11.08400
data_price_hour_abs_05_amount: 11.08400
data_price_hour_rel_-08_amount: 10.67000
data_price_hour_abs_06_amount: 10.67000
data_price_hour_rel_-07_amount: 10.39700
data_price_hour_abs_07_amount: 10.39700
data_price_hour_rel_-06_amount: 10.34300
data_price_hour_abs_08_amount: 10.34300
data_price_hour_rel_-05_amount: 8.40000
data_price_hour_abs_09_amount: 8.40000
data_price_hour_rel_-04_amount: 6.94900
data_price_hour_abs_10_amount: 6.94900
data_price_hour_rel_-03_amount: 5.42800
data_price_hour_abs_11_amount: 5.42800
data_price_hour_rel_-02_amount: 4.69300
data_price_hour_abs_12_amount: 4.69300
data_price_hour_rel_-01_amount: 4.07100
data_price_hour_abs_13_amount: 4.07100
data_price_hour_rel_+00_amount: 3.94300
data_price_hour_abs_14_amount: 3.94300
data_price_hour_rel_+01_amount: 3.95600
data_price_hour_abs_15_amount: 3.95600
data_price_hour_rel_+02_amount: 5.90900
data_price_hour_abs_16_amount: 5.90900
data_price_hour_rel_+03_amount: 8.84000
data_price_hour_abs_17_amount: 8.84000
data_price_hour_rel_+04_amount: 11.96800
data_price_hour_abs_18_amount: 11.96800
data_price_hour_rel_+05_amount: 14.05600
data_price_hour_abs_19_amount: 14.05600
data_price_hour_rel_+06_amount: 14.91800
data_price_hour_abs_20_amount: 14.91800
data_price_hour_rel_+07_amount: 12.69800
data_price_hour_abs_21_amount: 12.69800
data_price_hour_rel_+08_amount: 11.67000
data_price_hour_abs_22_amount: 11.67000
data_price_hour_rel_+09_amount: 10.58200
data_price_hour_abs_23_amount: 10.58200