date_now: 2024-04-04 14:20:49
date_now_epoch: 1712233249480
date_now_day: 4
date_now_month: 4
date_now_year: 2024
date_start: 2024-04-04 00:00:00
date_end: 2024-04-04 23:59:59
price_low: 5.01700
price_high: 9.06600
price_median: 6.22950
price_average: 6.45263
price_current: 5.54900
price_unit: Cent/kWh
price_threshold_00: 5.01700
price_threshold_01: 5.15700
price_threshold_02: 5.19400
price_threshold_03: 5.20100
price_threshold_04: 5.45200
price_threshold_05: 5.51000
price_threshold_06: 5.54900
price_threshold_07: 5.61700
price_threshold_08: 5.62200
price_threshold_09: 5.70800
price_threshold_10: 5.80800
price_threshold_11: 6.15300
price_threshold_12: 6.30600
price_threshold_13: 6.75200
price_threshold_14: 6.90800
price_threshold_15: 6.94500
price_threshold_16: 7.14700
price_threshold_17: 7.19400
price_threshold_18: 7.32900
price_threshold_19: 7.53600
price_threshold_20: 7.71800
price_threshold_21: 7.91600
price_threshold_22: 8.05800
price_threshold_23: 9.06600
data_price_hour_rel_-14_amount: 5.45200
data_price_hour_abs_00_amount: 5.45200
data_price_hour_rel_-13_amount: 5.20100
data_price_hour_abs_01_amount: 5.20100
data_price_hour_rel_-12_amount: 5.01700
data_price_hour_abs_02_amount: 5.01700
data_price_hour_rel_-11_amount: 5.15700
data_price_hour_abs_03_amount: 5.15700
data_price_hour_rel_-10_amount: 5.19400
data_price_hour_abs_04_amount: 5.19400
data_price_hour_rel_-09_amount: 5.51000
data_price_hour_abs_05_amount: 5.51000
data_price_hour_rel_-08_amount: 6.75200
data_price_hour_abs_06_amount: 6.75200
data_price_hour_rel_-07_amount: 7.91600
data_price_hour_abs_07_amount: 7.91600
data_price_hour_rel_-06_amount: 7.71800
data_price_hour_abs_08_amount: 7.71800
data_price_hour_rel_-05_amount: 7.19400
data_price_hour_abs_09_amount: 7.19400
data_price_hour_rel_-04_amount: 6.94500
data_price_hour_abs_10_amount: 6.94500
data_price_hour_rel_-03_amount: 6.30600
data_price_hour_abs_11_amount: 6.30600
data_price_hour_rel_-02_amount: 5.80800
data_price_hour_abs_12_amount: 5.80800
data_price_hour_rel_-01_amount: 5.62200
data_price_hour_abs_13_amount: 5.62200
data_price_hour_rel_+00_amount: 5.54900
data_price_hour_abs_14_amount: 5.54900
data_price_hour_rel_+01_amount: 5.61700
data_price_hour_abs_15_amount: 5.61700
data_price_hour_rel_+02_amount: 5.70800
data_price_hour_abs_16_amount: 5.70800
data_price_hour_rel_+03_amount: 6.90800
data_price_hour_abs_17_amount: 6.90800
data_price_hour_rel_+04_amount: 7.53600
data_price_hour_abs_18_amount: 7.53600
data_price_hour_rel_+05_amount: 9.06600
data_price_hour_abs_19_amount: 9.06600
data_price_hour_rel_+06_amount: 8.05800
data_price_hour_abs_20_amount: 8.05800
data_price_hour_rel_+07_amount: 7.32900
data_price_hour_abs_21_amount: 7.32900
data_price_hour_rel_+08_amount: 7.14700
data_price_hour_abs_22_amount: 7.14700
data_price_hour_rel_+09_amount: 6.15300
data_price_hour_abs_23_amount: 6.15300