date_now: 2024-08-06 14:25:08
date_now_epoch: 1722947108260
date_now_day: 6
date_now_month: 8
date_now_year: 2024
date_start: 2024-08-06 00:00:00
date_end: 2024-08-06 23:59:59
price_low: 0.29500
price_high: 23.08500
price_median: 8.75000
price_average: 8.69800
price_current: 0.47900
price_unit: Cent/kWh
price_threshold_00: 0.29500
price_threshold_01: 0.47900
price_threshold_02: 1.58600
price_threshold_03: 1.94400
price_threshold_04: 2.14300
price_threshold_05: 3.60400
price_threshold_06: 3.97100
price_threshold_07: 7.45100
price_threshold_08: 8.21900
price_threshold_09: 8.52400
price_threshold_10: 8.52900
price_threshold_11: 8.57600
price_threshold_12: 8.92400
price_threshold_13: 9.55700
price_threshold_14: 9.57700
price_threshold_15: 10.00300
price_threshold_16: 10.30900
price_threshold_17: 10.62900
price_threshold_18: 11.85400
price_threshold_19: 12.38600
price_threshold_20: 12.60400
price_threshold_21: 17.04500
price_threshold_22: 17.45800
price_threshold_23: 23.08500
data_price_hour_rel_-14_amount: 10.30900
data_price_hour_abs_00_amount: 10.30900
data_price_hour_rel_-13_amount: 9.55700
data_price_hour_abs_01_amount: 9.55700
data_price_hour_rel_-12_amount: 8.92400
data_price_hour_abs_02_amount: 8.92400
data_price_hour_rel_-11_amount: 8.52400
data_price_hour_abs_03_amount: 8.52400
data_price_hour_rel_-10_amount: 8.57600
data_price_hour_abs_04_amount: 8.57600
data_price_hour_rel_-09_amount: 9.57700
data_price_hour_abs_05_amount: 9.57700
data_price_hour_rel_-08_amount: 12.38600
data_price_hour_abs_06_amount: 12.38600
data_price_hour_rel_-07_amount: 12.60400
data_price_hour_abs_07_amount: 12.60400
data_price_hour_rel_-06_amount: 8.52900
data_price_hour_abs_08_amount: 8.52900
data_price_hour_rel_-05_amount: 7.45100
data_price_hour_abs_09_amount: 7.45100
data_price_hour_rel_-04_amount: 3.60400
data_price_hour_abs_10_amount: 3.60400
data_price_hour_rel_-03_amount: 2.14300
data_price_hour_abs_11_amount: 2.14300
data_price_hour_rel_-02_amount: 1.58600
data_price_hour_abs_12_amount: 1.58600
data_price_hour_rel_-01_amount: 0.29500
data_price_hour_abs_13_amount: 0.29500
data_price_hour_rel_+00_amount: 0.47900
data_price_hour_abs_14_amount: 0.47900
data_price_hour_rel_+01_amount: 1.94400
data_price_hour_abs_15_amount: 1.94400
data_price_hour_rel_+02_amount: 3.97100
data_price_hour_abs_16_amount: 3.97100
data_price_hour_rel_+03_amount: 8.21900
data_price_hour_abs_17_amount: 8.21900
data_price_hour_rel_+04_amount: 10.62900
data_price_hour_abs_18_amount: 10.62900
data_price_hour_rel_+05_amount: 17.45800
data_price_hour_abs_19_amount: 17.45800
data_price_hour_rel_+06_amount: 23.08500
data_price_hour_abs_20_amount: 23.08500
data_price_hour_rel_+07_amount: 17.04500
data_price_hour_abs_21_amount: 17.04500
data_price_hour_rel_+08_amount: 11.85400
data_price_hour_abs_22_amount: 11.85400
data_price_hour_rel_+09_amount: 10.00300
data_price_hour_abs_23_amount: 10.00300