date_now: 2024-12-29 13:25:37
date_now_epoch: 1735475137533
date_now_day: 29
date_now_month: 12
date_now_year: 2024
date_start: 2024-12-29 00:00:00
date_end: 2024-12-29 23:59:59
price_low: 7.16300
price_high: 12.73900
price_median: 10.30500
price_average: 10.52804
price_current: 9.97300
price_unit: Cent/kWh
price_threshold_00: 7.16300
price_threshold_01: 8.37900
price_threshold_02: 9.02100
price_threshold_03: 9.77300
price_threshold_04: 9.81600
price_threshold_05: 9.84400
price_threshold_06: 9.86100
price_threshold_07: 9.97300
price_threshold_08: 10.01900
price_threshold_09: 10.07200
price_threshold_10: 10.17000
price_threshold_11: 10.20900
price_threshold_12: 10.40100
price_threshold_13: 10.40700
price_threshold_14: 10.77100
price_threshold_15: 10.99200
price_threshold_16: 11.07100
price_threshold_17: 11.40900
price_threshold_18: 11.46500
price_threshold_19: 12.13400
price_threshold_20: 12.17300
price_threshold_21: 12.20000
price_threshold_22: 12.61100
price_threshold_23: 12.73900
data_price_hour_rel_-13_amount: 12.73900
data_price_hour_abs_00_amount: 12.73900
data_price_hour_rel_-12_amount: 11.40900
data_price_hour_abs_01_amount: 11.40900
data_price_hour_rel_-11_amount: 10.77100
data_price_hour_abs_02_amount: 10.77100
data_price_hour_rel_-10_amount: 10.17000
data_price_hour_abs_03_amount: 10.17000
data_price_hour_rel_-09_amount: 9.77300
data_price_hour_abs_04_amount: 9.77300
data_price_hour_rel_-08_amount: 9.86100
data_price_hour_abs_05_amount: 9.86100
data_price_hour_rel_-07_amount: 9.81600
data_price_hour_abs_06_amount: 9.81600
data_price_hour_rel_-06_amount: 10.20900
data_price_hour_abs_07_amount: 10.20900
data_price_hour_rel_-05_amount: 11.07100
data_price_hour_abs_08_amount: 11.07100
data_price_hour_rel_-04_amount: 11.46500
data_price_hour_abs_09_amount: 11.46500
data_price_hour_rel_-03_amount: 10.40700
data_price_hour_abs_10_amount: 10.40700
data_price_hour_rel_-02_amount: 10.01900
data_price_hour_abs_11_amount: 10.01900
data_price_hour_rel_-01_amount: 10.07200
data_price_hour_abs_12_amount: 10.07200
data_price_hour_rel_+00_amount: 9.97300
data_price_hour_abs_13_amount: 9.97300
data_price_hour_rel_+01_amount: 9.84400
data_price_hour_abs_14_amount: 9.84400
data_price_hour_rel_+02_amount: 10.40100
data_price_hour_abs_15_amount: 10.40100
data_price_hour_rel_+03_amount: 12.17300
data_price_hour_abs_16_amount: 12.17300
data_price_hour_rel_+04_amount: 12.20000
data_price_hour_abs_17_amount: 12.20000
data_price_hour_rel_+05_amount: 12.61100
data_price_hour_abs_18_amount: 12.61100
data_price_hour_rel_+06_amount: 12.13400
data_price_hour_abs_19_amount: 12.13400
data_price_hour_rel_+07_amount: 10.99200
data_price_hour_abs_20_amount: 10.99200
data_price_hour_rel_+08_amount: 9.02100
data_price_hour_abs_21_amount: 9.02100
data_price_hour_rel_+09_amount: 8.37900
data_price_hour_abs_22_amount: 8.37900
data_price_hour_rel_+10_amount: 7.16300
data_price_hour_abs_23_amount: 7.16300