date_now: 2024-02-16 13:19:34
date_now_epoch: 1708085974364
date_now_day: 16
date_now_month: 2
date_now_year: 2024
date_start: 2024-02-16 00:00:00
date_end: 2024-02-16 23:59:59
price_low: 4.88100
price_high: 7.74200
price_median: 5.95850
price_average: 6.10604
price_current: 5.23100
price_unit: Cent/kWh
price_threshold_00: 4.88100
price_threshold_01: 4.99200
price_threshold_02: 5.10800
price_threshold_03: 5.13800
price_threshold_04: 5.17600
price_threshold_05: 5.23100
price_threshold_06: 5.23300
price_threshold_07: 5.30000
price_threshold_08: 5.35300
price_threshold_09: 5.37800
price_threshold_10: 5.43700
price_threshold_11: 5.91500
price_threshold_12: 6.00200
price_threshold_13: 6.25900
price_threshold_14: 6.48400
price_threshold_15: 6.80500
price_threshold_16: 6.93900
price_threshold_17: 6.94000
price_threshold_18: 6.99900
price_threshold_19: 7.05000
price_threshold_20: 7.24700
price_threshold_21: 7.25800
price_threshold_22: 7.67800
price_threshold_23: 7.74200
data_price_hour_rel_-13_amount: 5.17600
data_price_hour_abs_00_amount: 5.17600
data_price_hour_rel_-12_amount: 5.10800
data_price_hour_abs_01_amount: 5.10800
data_price_hour_rel_-11_amount: 4.99200
data_price_hour_abs_02_amount: 4.99200
data_price_hour_rel_-10_amount: 4.88100
data_price_hour_abs_03_amount: 4.88100
data_price_hour_rel_-09_amount: 5.13800
data_price_hour_abs_04_amount: 5.13800
data_price_hour_rel_-08_amount: 5.35300
data_price_hour_abs_05_amount: 5.35300
data_price_hour_rel_-07_amount: 5.91500
data_price_hour_abs_06_amount: 5.91500
data_price_hour_rel_-06_amount: 6.93900
data_price_hour_abs_07_amount: 6.93900
data_price_hour_rel_-05_amount: 7.05000
data_price_hour_abs_08_amount: 7.05000
data_price_hour_rel_-04_amount: 6.48400
data_price_hour_abs_09_amount: 6.48400
data_price_hour_rel_-03_amount: 5.43700
data_price_hour_abs_10_amount: 5.43700
data_price_hour_rel_-02_amount: 5.30000
data_price_hour_abs_11_amount: 5.30000
data_price_hour_rel_-01_amount: 5.23300
data_price_hour_abs_12_amount: 5.23300
data_price_hour_rel_+00_amount: 5.23100
data_price_hour_abs_13_amount: 5.23100
data_price_hour_rel_+01_amount: 5.37800
data_price_hour_abs_14_amount: 5.37800
data_price_hour_rel_+02_amount: 6.25900
data_price_hour_abs_15_amount: 6.25900
data_price_hour_rel_+03_amount: 6.99900
data_price_hour_abs_16_amount: 6.99900
data_price_hour_rel_+04_amount: 7.25800
data_price_hour_abs_17_amount: 7.25800
data_price_hour_rel_+05_amount: 7.74200
data_price_hour_abs_18_amount: 7.74200
data_price_hour_rel_+06_amount: 7.67800
data_price_hour_abs_19_amount: 7.67800
data_price_hour_rel_+07_amount: 7.24700
data_price_hour_abs_20_amount: 7.24700
data_price_hour_rel_+08_amount: 6.94000
data_price_hour_abs_21_amount: 6.94000
data_price_hour_rel_+09_amount: 6.80500
data_price_hour_abs_22_amount: 6.80500
data_price_hour_rel_+10_amount: 6.00200
data_price_hour_abs_23_amount: 6.00200