date_now: 2024-02-05 13:20:22
date_now_epoch: 1707135622114
date_now_day: 5
date_now_month: 2
date_now_year: 2024
date_start: 2024-02-05 00:00:00
date_end: 2024-02-05 23:59:59
price_low: -0.01300
price_high: 6.87800
price_median: 5.01700
price_average: 3.58408
price_current: 0.10900
price_unit: Cent/kWh
price_threshold_00: -0.01300
price_threshold_01: -0.00700
price_threshold_02: -0.00500
price_threshold_03: -0.00300
price_threshold_04: 0.00000
price_threshold_05: 0.04200
price_threshold_06: 0.10900
price_threshold_07: 0.50100
price_threshold_08: 0.70500
price_threshold_09: 3.89700
price_threshold_10: 4.01500
price_threshold_11: 4.74100
price_threshold_12: 5.29300
price_threshold_13: 5.31000
price_threshold_14: 5.63000
price_threshold_15: 5.68600
price_threshold_16: 5.89100
price_threshold_17: 5.96500
price_threshold_18: 6.04800
price_threshold_19: 6.07200
price_threshold_20: 6.18400
price_threshold_21: 6.23200
price_threshold_22: 6.84700
price_threshold_23: 6.87800
data_price_hour_rel_-13_amount: 0.00000
data_price_hour_abs_00_amount: 0.00000
data_price_hour_rel_-12_amount: -0.00300
data_price_hour_abs_01_amount: -0.00300
data_price_hour_rel_-11_amount: -0.00700
data_price_hour_abs_02_amount: -0.00700
data_price_hour_rel_-10_amount: -0.01300
data_price_hour_abs_03_amount: -0.01300
data_price_hour_rel_-09_amount: -0.00500
data_price_hour_abs_04_amount: -0.00500
data_price_hour_rel_-08_amount: 0.04200
data_price_hour_abs_05_amount: 0.04200
data_price_hour_rel_-07_amount: 3.89700
data_price_hour_abs_06_amount: 3.89700
data_price_hour_rel_-06_amount: 5.89100
data_price_hour_abs_07_amount: 5.89100
data_price_hour_rel_-05_amount: 6.23200
data_price_hour_abs_08_amount: 6.23200
data_price_hour_rel_-04_amount: 5.68600
data_price_hour_abs_09_amount: 5.68600
data_price_hour_rel_-03_amount: 5.29300
data_price_hour_abs_10_amount: 5.29300
data_price_hour_rel_-02_amount: 4.01500
data_price_hour_abs_11_amount: 4.01500
data_price_hour_rel_-01_amount: 0.70500
data_price_hour_abs_12_amount: 0.70500
data_price_hour_rel_+00_amount: 0.10900
data_price_hour_abs_13_amount: 0.10900
data_price_hour_rel_+01_amount: 0.50100
data_price_hour_abs_14_amount: 0.50100
data_price_hour_rel_+02_amount: 5.31000
data_price_hour_abs_15_amount: 5.31000
data_price_hour_rel_+03_amount: 6.07200
data_price_hour_abs_16_amount: 6.07200
data_price_hour_rel_+04_amount: 6.84700
data_price_hour_abs_17_amount: 6.84700
data_price_hour_rel_+05_amount: 6.87800
data_price_hour_abs_18_amount: 6.87800
data_price_hour_rel_+06_amount: 6.18400
data_price_hour_abs_19_amount: 6.18400
data_price_hour_rel_+07_amount: 6.04800
data_price_hour_abs_20_amount: 6.04800
data_price_hour_rel_+08_amount: 5.96500
data_price_hour_abs_21_amount: 5.96500
data_price_hour_rel_+09_amount: 5.63000
data_price_hour_abs_22_amount: 5.63000
data_price_hour_rel_+10_amount: 4.74100
data_price_hour_abs_23_amount: 4.74100