date_now: 2024-08-18 14:25:09
date_now_epoch: 1723983909471
date_now_day: 18
date_now_month: 8
date_now_year: 2024
date_start: 2024-08-18 00:00:00
date_end: 2024-08-18 23:59:59
price_low: 1.77200
price_high: 11.56800
price_median: 9.73250
price_average: 8.82367
price_current: 1.77200
price_unit: Cent/kWh
price_threshold_00: 1.77200
price_threshold_01: 3.36400
price_threshold_02: 5.12800
price_threshold_03: 6.60300
price_threshold_04: 6.98600
price_threshold_05: 7.21200
price_threshold_06: 7.25200
price_threshold_07: 8.23200
price_threshold_08: 8.23900
price_threshold_09: 8.82000
price_threshold_10: 9.38500
price_threshold_11: 9.52000
price_threshold_12: 9.94500
price_threshold_13: 9.95300
price_threshold_14: 10.47500
price_threshold_15: 10.49700
price_threshold_16: 10.61700
price_threshold_17: 10.62200
price_threshold_18: 10.98300
price_threshold_19: 10.99300
price_threshold_20: 11.14000
price_threshold_21: 11.18200
price_threshold_22: 11.28000
price_threshold_23: 11.56800
data_price_hour_rel_-14_amount: 11.18200
data_price_hour_abs_00_amount: 11.18200
data_price_hour_rel_-13_amount: 11.28000
data_price_hour_abs_01_amount: 11.28000
data_price_hour_rel_-12_amount: 10.61700
data_price_hour_abs_02_amount: 10.61700
data_price_hour_rel_-11_amount: 10.62200
data_price_hour_abs_03_amount: 10.62200
data_price_hour_rel_-10_amount: 10.47500
data_price_hour_abs_04_amount: 10.47500
data_price_hour_rel_-09_amount: 10.49700
data_price_hour_abs_05_amount: 10.49700
data_price_hour_rel_-08_amount: 9.95300
data_price_hour_abs_06_amount: 9.95300
data_price_hour_rel_-07_amount: 9.52000
data_price_hour_abs_07_amount: 9.52000
data_price_hour_rel_-06_amount: 8.82000
data_price_hour_abs_08_amount: 8.82000
data_price_hour_rel_-05_amount: 8.23200
data_price_hour_abs_09_amount: 8.23200
data_price_hour_rel_-04_amount: 7.21200
data_price_hour_abs_10_amount: 7.21200
data_price_hour_rel_-03_amount: 7.25200
data_price_hour_abs_11_amount: 7.25200
data_price_hour_rel_-02_amount: 6.60300
data_price_hour_abs_12_amount: 6.60300
data_price_hour_rel_-01_amount: 3.36400
data_price_hour_abs_13_amount: 3.36400
data_price_hour_rel_+00_amount: 1.77200
data_price_hour_abs_14_amount: 1.77200
data_price_hour_rel_+01_amount: 5.12800
data_price_hour_abs_15_amount: 5.12800
data_price_hour_rel_+02_amount: 6.98600
data_price_hour_abs_16_amount: 6.98600
data_price_hour_rel_+03_amount: 8.23900
data_price_hour_abs_17_amount: 8.23900
data_price_hour_rel_+04_amount: 9.38500
data_price_hour_abs_18_amount: 9.38500
data_price_hour_rel_+05_amount: 10.99300
data_price_hour_abs_19_amount: 10.99300
data_price_hour_rel_+06_amount: 11.56800
data_price_hour_abs_20_amount: 11.56800
data_price_hour_rel_+07_amount: 10.98300
data_price_hour_abs_21_amount: 10.98300
data_price_hour_rel_+08_amount: 11.14000
data_price_hour_abs_22_amount: 11.14000
data_price_hour_rel_+09_amount: 9.94500
data_price_hour_abs_23_amount: 9.94500