date_now: 2024-04-08 14:20:45
date_now_epoch: 1712578845048
date_now_day: 8
date_now_month: 4
date_now_year: 2024
date_start: 2024-04-08 00:00:00
date_end: 2024-04-08 23:59:59
price_low: 5.78900
price_high: 14.97800
price_median: 7.32900
price_average: 8.48746
price_current: 5.78900
price_unit: Cent/kWh
price_threshold_00: 5.78900
price_threshold_01: 6.00000
price_threshold_02: 6.34000
price_threshold_03: 6.47000
price_threshold_04: 6.81200
price_threshold_05: 7.00000
price_threshold_06: 7.01900
price_threshold_07: 7.07100
price_threshold_08: 7.07100
price_threshold_09: 7.07700
price_threshold_10: 7.12300
price_threshold_11: 7.15700
price_threshold_12: 7.50100
price_threshold_13: 7.70000
price_threshold_14: 7.74400
price_threshold_15: 8.06000
price_threshold_16: 8.48500
price_threshold_17: 8.55100
price_threshold_18: 10.19900
price_threshold_19: 10.49000
price_threshold_20: 12.48000
price_threshold_21: 12.85200
price_threshold_22: 13.73000
price_threshold_23: 14.97800
data_price_hour_rel_-14_amount: 7.07700
data_price_hour_abs_00_amount: 7.07700
data_price_hour_rel_-13_amount: 7.07100
data_price_hour_abs_01_amount: 7.07100
data_price_hour_rel_-12_amount: 6.81200
data_price_hour_abs_02_amount: 6.81200
data_price_hour_rel_-11_amount: 7.07100
data_price_hour_abs_03_amount: 7.07100
data_price_hour_rel_-10_amount: 7.15700
data_price_hour_abs_04_amount: 7.15700
data_price_hour_rel_-09_amount: 7.74400
data_price_hour_abs_05_amount: 7.74400
data_price_hour_rel_-08_amount: 10.19900
data_price_hour_abs_06_amount: 10.19900
data_price_hour_rel_-07_amount: 14.97800
data_price_hour_abs_07_amount: 14.97800
data_price_hour_rel_-06_amount: 12.85200
data_price_hour_abs_08_amount: 12.85200
data_price_hour_rel_-05_amount: 8.55100
data_price_hour_abs_09_amount: 8.55100
data_price_hour_rel_-04_amount: 8.06000
data_price_hour_abs_10_amount: 8.06000
data_price_hour_rel_-03_amount: 7.12300
data_price_hour_abs_11_amount: 7.12300
data_price_hour_rel_-02_amount: 6.47000
data_price_hour_abs_12_amount: 6.47000
data_price_hour_rel_-01_amount: 6.00000
data_price_hour_abs_13_amount: 6.00000
data_price_hour_rel_+00_amount: 5.78900
data_price_hour_abs_14_amount: 5.78900
data_price_hour_rel_+01_amount: 6.34000
data_price_hour_abs_15_amount: 6.34000
data_price_hour_rel_+02_amount: 7.00000
data_price_hour_abs_16_amount: 7.00000
data_price_hour_rel_+03_amount: 7.50100
data_price_hour_abs_17_amount: 7.50100
data_price_hour_rel_+04_amount: 10.49000
data_price_hour_abs_18_amount: 10.49000
data_price_hour_rel_+05_amount: 13.73000
data_price_hour_abs_19_amount: 13.73000
data_price_hour_rel_+06_amount: 12.48000
data_price_hour_abs_20_amount: 12.48000
data_price_hour_rel_+07_amount: 8.48500
data_price_hour_abs_21_amount: 8.48500
data_price_hour_rel_+08_amount: 7.70000
data_price_hour_abs_22_amount: 7.70000
data_price_hour_rel_+09_amount: 7.01900
data_price_hour_abs_23_amount: 7.01900