date_now: 2024-06-22 14:21:23
date_now_epoch: 1719058883821
date_now_day: 22
date_now_month: 6
date_now_year: 2024
date_start: 2024-06-22 00:00:00
date_end: 2024-06-22 23:59:59
price_low: -0.00700
price_high: 12.40500
price_median: 4.92550
price_average: 5.22221
price_current: -0.00100
price_unit: Cent/kWh
price_threshold_00: -0.00700
price_threshold_01: -0.00100
price_threshold_02: 0.00300
price_threshold_03: 0.26200
price_threshold_04: 0.35900
price_threshold_05: 0.42300
price_threshold_06: 1.25400
price_threshold_07: 3.46500
price_threshold_08: 4.25900
price_threshold_09: 4.49200
price_threshold_10: 4.64700
price_threshold_11: 4.88900
price_threshold_12: 4.96200
price_threshold_13: 5.05000
price_threshold_14: 6.05600
price_threshold_15: 6.24300
price_threshold_16: 7.02500
price_threshold_17: 8.00700
price_threshold_18: 8.04900
price_threshold_19: 8.97700
price_threshold_20: 11.01700
price_threshold_21: 11.21600
price_threshold_22: 12.28100
price_threshold_23: 12.40500
data_price_hour_rel_-14_amount: 8.00700
data_price_hour_abs_00_amount: 8.00700
data_price_hour_rel_-13_amount: 7.02500
data_price_hour_abs_01_amount: 7.02500
data_price_hour_rel_-12_amount: 6.24300
data_price_hour_abs_02_amount: 6.24300
data_price_hour_rel_-11_amount: 5.05000
data_price_hour_abs_03_amount: 5.05000
data_price_hour_rel_-10_amount: 4.96200
data_price_hour_abs_04_amount: 4.96200
data_price_hour_rel_-09_amount: 4.64700
data_price_hour_abs_05_amount: 4.64700
data_price_hour_rel_-08_amount: 6.05600
data_price_hour_abs_06_amount: 6.05600
data_price_hour_rel_-07_amount: 4.88900
data_price_hour_abs_07_amount: 4.88900
data_price_hour_rel_-06_amount: 4.49200
data_price_hour_abs_08_amount: 4.49200
data_price_hour_rel_-05_amount: 3.46500
data_price_hour_abs_09_amount: 3.46500
data_price_hour_rel_-04_amount: 1.25400
data_price_hour_abs_10_amount: 1.25400
data_price_hour_rel_-03_amount: 0.35900
data_price_hour_abs_11_amount: 0.35900
data_price_hour_rel_-02_amount: 0.26200
data_price_hour_abs_12_amount: 0.26200
data_price_hour_rel_-01_amount: 0.00300
data_price_hour_abs_13_amount: 0.00300
data_price_hour_rel_+00_amount: -0.00100
data_price_hour_abs_14_amount: -0.00100
data_price_hour_rel_+01_amount: -0.00700
data_price_hour_abs_15_amount: -0.00700
data_price_hour_rel_+02_amount: 0.42300
data_price_hour_abs_16_amount: 0.42300
data_price_hour_rel_+03_amount: 4.25900
data_price_hour_abs_17_amount: 4.25900
data_price_hour_rel_+04_amount: 8.04900
data_price_hour_abs_18_amount: 8.04900
data_price_hour_rel_+05_amount: 11.21600
data_price_hour_abs_19_amount: 11.21600
data_price_hour_rel_+06_amount: 12.28100
data_price_hour_abs_20_amount: 12.28100
data_price_hour_rel_+07_amount: 12.40500
data_price_hour_abs_21_amount: 12.40500
data_price_hour_rel_+08_amount: 11.01700
data_price_hour_abs_22_amount: 11.01700
data_price_hour_rel_+09_amount: 8.97700
data_price_hour_abs_23_amount: 8.97700