date_now: 2024-08-14 14:25:30
date_now_epoch: 1723638330220
date_now_day: 14
date_now_month: 8
date_now_year: 2024
date_start: 2024-08-14 00:00:00
date_end: 2024-08-14 23:59:59
price_low: 7.28500
price_high: 21.89200
price_median: 9.99750
price_average: 10.80125
price_current: 7.47100
price_unit: Cent/kWh
price_threshold_00: 7.28500
price_threshold_01: 7.47100
price_threshold_02: 7.53800
price_threshold_03: 7.72400
price_threshold_04: 8.17400
price_threshold_05: 8.30800
price_threshold_06: 8.77300
price_threshold_07: 8.77300
price_threshold_08: 9.07900
price_threshold_09: 9.34000
price_threshold_10: 9.36000
price_threshold_11: 9.43600
price_threshold_12: 10.55900
price_threshold_13: 10.71000
price_threshold_14: 10.87900
price_threshold_15: 10.99500
price_threshold_16: 11.14800
price_threshold_17: 12.04300
price_threshold_18: 12.09600
price_threshold_19: 12.97400
price_threshold_20: 13.66200
price_threshold_21: 14.87000
price_threshold_22: 16.14100
price_threshold_23: 21.89200
data_price_hour_rel_-14_amount: 8.77300
data_price_hour_abs_00_amount: 8.77300
data_price_hour_rel_-13_amount: 9.07900
data_price_hour_abs_01_amount: 9.07900
data_price_hour_rel_-12_amount: 8.77300
data_price_hour_abs_02_amount: 8.77300
data_price_hour_rel_-11_amount: 9.34000
data_price_hour_abs_03_amount: 9.34000
data_price_hour_rel_-10_amount: 9.36000
data_price_hour_abs_04_amount: 9.36000
data_price_hour_rel_-09_amount: 10.71000
data_price_hour_abs_05_amount: 10.71000
data_price_hour_rel_-08_amount: 12.97400
data_price_hour_abs_06_amount: 12.97400
data_price_hour_rel_-07_amount: 13.66200
data_price_hour_abs_07_amount: 13.66200
data_price_hour_rel_-06_amount: 12.09600
data_price_hour_abs_08_amount: 12.09600
data_price_hour_rel_-05_amount: 10.87900
data_price_hour_abs_09_amount: 10.87900
data_price_hour_rel_-04_amount: 8.30800
data_price_hour_abs_10_amount: 8.30800
data_price_hour_rel_-03_amount: 7.72400
data_price_hour_abs_11_amount: 7.72400
data_price_hour_rel_-02_amount: 7.28500
data_price_hour_abs_12_amount: 7.28500
data_price_hour_rel_-01_amount: 7.53800
data_price_hour_abs_13_amount: 7.53800
data_price_hour_rel_+00_amount: 7.47100
data_price_hour_abs_14_amount: 7.47100
data_price_hour_rel_+01_amount: 8.17400
data_price_hour_abs_15_amount: 8.17400
data_price_hour_rel_+02_amount: 9.43600
data_price_hour_abs_16_amount: 9.43600
data_price_hour_rel_+03_amount: 10.55900
data_price_hour_abs_17_amount: 10.55900
data_price_hour_rel_+04_amount: 11.14800
data_price_hour_abs_18_amount: 11.14800
data_price_hour_rel_+05_amount: 16.14100
data_price_hour_abs_19_amount: 16.14100
data_price_hour_rel_+06_amount: 21.89200
data_price_hour_abs_20_amount: 21.89200
data_price_hour_rel_+07_amount: 14.87000
data_price_hour_abs_21_amount: 14.87000
data_price_hour_rel_+08_amount: 12.04300
data_price_hour_abs_22_amount: 12.04300
data_price_hour_rel_+09_amount: 10.99500
data_price_hour_abs_23_amount: 10.99500