date_now: 2024-04-02 14:20:39
date_now_epoch: 1712060439813
date_now_day: 2
date_now_month: 4
date_now_year: 2024
date_start: 2024-04-02 00:00:00
date_end: 2024-04-02 23:59:59
price_low: -0.10900
price_high: 9.53900
price_median: 0.76200
price_average: 3.33546
price_current: -0.00700
price_unit: Cent/kWh
price_threshold_00: -0.10900
price_threshold_01: -0.09700
price_threshold_02: -0.00700
price_threshold_03: -0.00600
price_threshold_04: 0.00000
price_threshold_05: 0.06100
price_threshold_06: 0.08700
price_threshold_07: 0.12800
price_threshold_08: 0.19400
price_threshold_09: 0.26600
price_threshold_10: 0.43100
price_threshold_11: 0.72700
price_threshold_12: 0.79700
price_threshold_13: 4.14600
price_threshold_14: 4.69800
price_threshold_15: 5.72200
price_threshold_16: 6.89300
price_threshold_17: 7.08800
price_threshold_18: 7.27000
price_threshold_19: 7.43600
price_threshold_20: 7.48600
price_threshold_21: 7.81300
price_threshold_22: 9.48800
price_threshold_23: 9.53900
data_price_hour_rel_-14_amount: 0.79700
data_price_hour_abs_00_amount: 0.79700
data_price_hour_rel_-13_amount: 0.12800
data_price_hour_abs_01_amount: 0.12800
data_price_hour_rel_-12_amount: 0.06100
data_price_hour_abs_02_amount: 0.06100
data_price_hour_rel_-11_amount: 0.08700
data_price_hour_abs_03_amount: 0.08700
data_price_hour_rel_-10_amount: 0.19400
data_price_hour_abs_04_amount: 0.19400
data_price_hour_rel_-09_amount: 0.72700
data_price_hour_abs_05_amount: 0.72700
data_price_hour_rel_-08_amount: 5.72200
data_price_hour_abs_06_amount: 5.72200
data_price_hour_rel_-07_amount: 7.43600
data_price_hour_abs_07_amount: 7.43600
data_price_hour_rel_-06_amount: 6.89300
data_price_hour_abs_08_amount: 6.89300
data_price_hour_rel_-05_amount: 4.69800
data_price_hour_abs_09_amount: 4.69800
data_price_hour_rel_-04_amount: 0.26600
data_price_hour_abs_10_amount: 0.26600
data_price_hour_rel_-03_amount: -0.00600
data_price_hour_abs_11_amount: -0.00600
data_price_hour_rel_-02_amount: -0.10900
data_price_hour_abs_12_amount: -0.10900
data_price_hour_rel_-01_amount: -0.09700
data_price_hour_abs_13_amount: -0.09700
data_price_hour_rel_+00_amount: -0.00700
data_price_hour_abs_14_amount: -0.00700
data_price_hour_rel_+01_amount: 0.00000
data_price_hour_abs_15_amount: 0.00000
data_price_hour_rel_+02_amount: 0.43100
data_price_hour_abs_16_amount: 0.43100
data_price_hour_rel_+03_amount: 4.14600
data_price_hour_abs_17_amount: 4.14600
data_price_hour_rel_+04_amount: 7.27000
data_price_hour_abs_18_amount: 7.27000
data_price_hour_rel_+05_amount: 9.53900
data_price_hour_abs_19_amount: 9.53900
data_price_hour_rel_+06_amount: 9.48800
data_price_hour_abs_20_amount: 9.48800
data_price_hour_rel_+07_amount: 7.81300
data_price_hour_abs_21_amount: 7.81300
data_price_hour_rel_+08_amount: 7.48600
data_price_hour_abs_22_amount: 7.48600
data_price_hour_rel_+09_amount: 7.08800
data_price_hour_abs_23_amount: 7.08800