date_now: 2024-09-20 14:27:30
date_now_epoch: 1726835250517
date_now_day: 20
date_now_month: 9
date_now_year: 2024
date_start: 2024-09-20 00:00:00
date_end: 2024-09-20 23:59:59
price_low: -0.00100
price_high: 14.57200
price_median: 7.93200
price_average: 7.33667
price_current: 0.00700
price_unit: Cent/kWh
price_threshold_00: -0.00100
price_threshold_01: 0.00700
price_threshold_02: 0.75600
price_threshold_03: 0.82400
price_threshold_04: 2.46900
price_threshold_05: 4.36800
price_threshold_06: 6.20500
price_threshold_07: 7.26100
price_threshold_08: 7.31700
price_threshold_09: 7.34200
price_threshold_10: 7.40400
price_threshold_11: 7.45200
price_threshold_12: 8.41200
price_threshold_13: 8.70800
price_threshold_14: 8.78000
price_threshold_15: 8.89200
price_threshold_16: 8.90900
price_threshold_17: 9.10700
price_threshold_18: 10.60100
price_threshold_19: 10.80600
price_threshold_20: 10.86000
price_threshold_21: 10.88400
price_threshold_22: 14.14500
price_threshold_23: 14.57200
data_price_hour_rel_-14_amount: 7.26100
data_price_hour_abs_00_amount: 7.26100
data_price_hour_rel_-13_amount: 7.40400
data_price_hour_abs_01_amount: 7.40400
data_price_hour_rel_-12_amount: 7.34200
data_price_hour_abs_02_amount: 7.34200
data_price_hour_rel_-11_amount: 7.31700
data_price_hour_abs_03_amount: 7.31700
data_price_hour_rel_-10_amount: 7.45200
data_price_hour_abs_04_amount: 7.45200
data_price_hour_rel_-09_amount: 8.90900
data_price_hour_abs_05_amount: 8.90900
data_price_hour_rel_-08_amount: 10.80600
data_price_hour_abs_06_amount: 10.80600
data_price_hour_rel_-07_amount: 14.14500
data_price_hour_abs_07_amount: 14.14500
data_price_hour_rel_-06_amount: 10.86000
data_price_hour_abs_08_amount: 10.86000
data_price_hour_rel_-05_amount: 8.89200
data_price_hour_abs_09_amount: 8.89200
data_price_hour_rel_-04_amount: 6.20500
data_price_hour_abs_10_amount: 6.20500
data_price_hour_rel_-03_amount: 2.46900
data_price_hour_abs_11_amount: 2.46900
data_price_hour_rel_-02_amount: 0.82400
data_price_hour_abs_12_amount: 0.82400
data_price_hour_rel_-01_amount: -0.00100
data_price_hour_abs_13_amount: -0.00100
data_price_hour_rel_+00_amount: 0.00700
data_price_hour_abs_14_amount: 0.00700
data_price_hour_rel_+01_amount: 0.75600
data_price_hour_abs_15_amount: 0.75600
data_price_hour_rel_+02_amount: 4.36800
data_price_hour_abs_16_amount: 4.36800
data_price_hour_rel_+03_amount: 8.41200
data_price_hour_abs_17_amount: 8.41200
data_price_hour_rel_+04_amount: 10.60100
data_price_hour_abs_18_amount: 10.60100
data_price_hour_rel_+05_amount: 14.57200
data_price_hour_abs_19_amount: 14.57200
data_price_hour_rel_+06_amount: 10.88400
data_price_hour_abs_20_amount: 10.88400
data_price_hour_rel_+07_amount: 9.10700
data_price_hour_abs_21_amount: 9.10700
data_price_hour_rel_+08_amount: 8.78000
data_price_hour_abs_22_amount: 8.78000
data_price_hour_rel_+09_amount: 8.70800
data_price_hour_abs_23_amount: 8.70800