date_now: 2024-02-03 13:18:46
date_now_epoch: 1706962726900
date_now_day: 3
date_now_month: 2
date_now_year: 2024
date_start: 2024-02-03 00:00:00
date_end: 2024-02-03 23:59:59
price_low: 0.67300
price_high: 6.85700
price_median: 3.71650
price_average: 3.59704
price_current: 3.06200
price_unit: Cent/kWh
price_threshold_00: 0.67300
price_threshold_01: 0.85300
price_threshold_02: 0.88000
price_threshold_03: 1.05100
price_threshold_04: 1.28500
price_threshold_05: 1.64800
price_threshold_06: 2.47400
price_threshold_07: 3.04200
price_threshold_08: 3.05800
price_threshold_09: 3.06200
price_threshold_10: 3.41700
price_threshold_11: 3.56200
price_threshold_12: 3.87100
price_threshold_13: 4.07400
price_threshold_14: 4.37000
price_threshold_15: 4.59700
price_threshold_16: 4.59900
price_threshold_17: 4.93600
price_threshold_18: 5.08100
price_threshold_19: 5.12100
price_threshold_20: 5.43700
price_threshold_21: 5.78300
price_threshold_22: 6.59800
price_threshold_23: 6.85700
data_price_hour_rel_-13_amount: 2.47400
data_price_hour_abs_00_amount: 2.47400
data_price_hour_rel_-12_amount: 1.28500
data_price_hour_abs_01_amount: 1.28500
data_price_hour_rel_-11_amount: 0.67300
data_price_hour_abs_02_amount: 0.67300
data_price_hour_rel_-10_amount: 1.05100
data_price_hour_abs_03_amount: 1.05100
data_price_hour_rel_-09_amount: 0.85300
data_price_hour_abs_04_amount: 0.85300
data_price_hour_rel_-08_amount: 0.88000
data_price_hour_abs_05_amount: 0.88000
data_price_hour_rel_-07_amount: 1.64800
data_price_hour_abs_06_amount: 1.64800
data_price_hour_rel_-06_amount: 3.41700
data_price_hour_abs_07_amount: 3.41700
data_price_hour_rel_-05_amount: 4.59900
data_price_hour_abs_08_amount: 4.59900
data_price_hour_rel_-04_amount: 4.59700
data_price_hour_abs_09_amount: 4.59700
data_price_hour_rel_-03_amount: 3.56200
data_price_hour_abs_10_amount: 3.56200
data_price_hour_rel_-02_amount: 3.04200
data_price_hour_abs_11_amount: 3.04200
data_price_hour_rel_-01_amount: 3.05800
data_price_hour_abs_12_amount: 3.05800
data_price_hour_rel_+00_amount: 3.06200
data_price_hour_abs_13_amount: 3.06200
data_price_hour_rel_+01_amount: 4.07400
data_price_hour_abs_14_amount: 4.07400
data_price_hour_rel_+02_amount: 4.37000
data_price_hour_abs_15_amount: 4.37000
data_price_hour_rel_+03_amount: 4.93600
data_price_hour_abs_16_amount: 4.93600
data_price_hour_rel_+04_amount: 5.78300
data_price_hour_abs_17_amount: 5.78300
data_price_hour_rel_+05_amount: 6.85700
data_price_hour_abs_18_amount: 6.85700
data_price_hour_rel_+06_amount: 6.59800
data_price_hour_abs_19_amount: 6.59800
data_price_hour_rel_+07_amount: 5.43700
data_price_hour_abs_20_amount: 5.43700
data_price_hour_rel_+08_amount: 5.12100
data_price_hour_abs_21_amount: 5.12100
data_price_hour_rel_+09_amount: 5.08100
data_price_hour_abs_22_amount: 5.08100
data_price_hour_rel_+10_amount: 3.87100
data_price_hour_abs_23_amount: 3.87100