date_now: 2024-07-31 14:25:34
date_now_epoch: 1722428734910
date_now_day: 31
date_now_month: 7
date_now_year: 2024
date_start: 2024-07-31 00:00:00
date_end: 2024-07-31 23:59:59
price_low: 1.13600
price_high: 13.61500
price_median: 8.89450
price_average: 7.94046
price_current: 1.75300
price_unit: Cent/kWh
price_threshold_00: 1.13600
price_threshold_01: 1.75300
price_threshold_02: 2.17500
price_threshold_03: 3.17400
price_threshold_04: 3.34600
price_threshold_05: 4.60900
price_threshold_06: 5.58900
price_threshold_07: 7.58500
price_threshold_08: 7.90200
price_threshold_09: 8.29000
price_threshold_10: 8.51900
price_threshold_11: 8.72900
price_threshold_12: 9.06000
price_threshold_13: 9.52600
price_threshold_14: 9.64900
price_threshold_15: 9.88500
price_threshold_16: 9.91600
price_threshold_17: 10.23900
price_threshold_18: 10.45100
price_threshold_19: 11.01400
price_threshold_20: 11.25100
price_threshold_21: 11.53900
price_threshold_22: 11.61900
price_threshold_23: 13.61500
data_price_hour_rel_-14_amount: 9.88500
data_price_hour_abs_00_amount: 9.88500
data_price_hour_rel_-13_amount: 8.72900
data_price_hour_abs_01_amount: 8.72900
data_price_hour_rel_-12_amount: 8.51900
data_price_hour_abs_02_amount: 8.51900
data_price_hour_rel_-11_amount: 8.29000
data_price_hour_abs_03_amount: 8.29000
data_price_hour_rel_-10_amount: 9.06000
data_price_hour_abs_04_amount: 9.06000
data_price_hour_rel_-09_amount: 10.23900
data_price_hour_abs_05_amount: 10.23900
data_price_hour_rel_-08_amount: 11.25100
data_price_hour_abs_06_amount: 11.25100
data_price_hour_rel_-07_amount: 11.01400
data_price_hour_abs_07_amount: 11.01400
data_price_hour_rel_-06_amount: 9.52600
data_price_hour_abs_08_amount: 9.52600
data_price_hour_rel_-05_amount: 7.90200
data_price_hour_abs_09_amount: 7.90200
data_price_hour_rel_-04_amount: 5.58900
data_price_hour_abs_10_amount: 5.58900
data_price_hour_rel_-03_amount: 3.34600
data_price_hour_abs_11_amount: 3.34600
data_price_hour_rel_-02_amount: 2.17500
data_price_hour_abs_12_amount: 2.17500
data_price_hour_rel_-01_amount: 1.13600
data_price_hour_abs_13_amount: 1.13600
data_price_hour_rel_+00_amount: 1.75300
data_price_hour_abs_14_amount: 1.75300
data_price_hour_rel_+01_amount: 3.17400
data_price_hour_abs_15_amount: 3.17400
data_price_hour_rel_+02_amount: 4.60900
data_price_hour_abs_16_amount: 4.60900
data_price_hour_rel_+03_amount: 7.58500
data_price_hour_abs_17_amount: 7.58500
data_price_hour_rel_+04_amount: 9.91600
data_price_hour_abs_18_amount: 9.91600
data_price_hour_rel_+05_amount: 11.53900
data_price_hour_abs_19_amount: 11.53900
data_price_hour_rel_+06_amount: 13.61500
data_price_hour_abs_20_amount: 13.61500
data_price_hour_rel_+07_amount: 11.61900
data_price_hour_abs_21_amount: 11.61900
data_price_hour_rel_+08_amount: 10.45100
data_price_hour_abs_22_amount: 10.45100
data_price_hour_rel_+09_amount: 9.64900
data_price_hour_abs_23_amount: 9.64900