date_now: 2024-07-21 14:23:13
date_now_epoch: 1721564593571
date_now_day: 21
date_now_month: 7
date_now_year: 2024
date_start: 2024-07-21 00:00:00
date_end: 2024-07-21 23:59:59
price_low: -0.02100
price_high: 12.81200
price_median: 6.00600
price_average: 5.43308
price_current: -0.02100
price_unit: Cent/kWh
price_threshold_00: -0.02100
price_threshold_01: -0.00800
price_threshold_02: 0.00100
price_threshold_03: 0.00100
price_threshold_04: 0.00400
price_threshold_05: 0.00700
price_threshold_06: 0.01100
price_threshold_07: 1.05700
price_threshold_08: 4.86800
price_threshold_09: 5.52000
price_threshold_10: 5.63000
price_threshold_11: 5.98100
price_threshold_12: 6.03100
price_threshold_13: 6.03800
price_threshold_14: 6.36300
price_threshold_15: 6.86100
price_threshold_16: 7.52400
price_threshold_17: 8.13700
price_threshold_18: 9.37000
price_threshold_19: 9.42700
price_threshold_20: 10.82700
price_threshold_21: 11.18500
price_threshold_22: 12.76800
price_threshold_23: 12.81200
data_price_hour_rel_-14_amount: 6.36300
data_price_hour_abs_00_amount: 6.36300
data_price_hour_rel_-13_amount: 5.63000
data_price_hour_abs_01_amount: 5.63000
data_price_hour_rel_-12_amount: 5.52000
data_price_hour_abs_02_amount: 5.52000
data_price_hour_rel_-11_amount: 6.03800
data_price_hour_abs_03_amount: 6.03800
data_price_hour_rel_-10_amount: 6.86100
data_price_hour_abs_04_amount: 6.86100
data_price_hour_rel_-09_amount: 7.52400
data_price_hour_abs_05_amount: 7.52400
data_price_hour_rel_-08_amount: 8.13700
data_price_hour_abs_06_amount: 8.13700
data_price_hour_rel_-07_amount: 6.03100
data_price_hour_abs_07_amount: 6.03100
data_price_hour_rel_-06_amount: 4.86800
data_price_hour_abs_08_amount: 4.86800
data_price_hour_rel_-05_amount: 1.05700
data_price_hour_abs_09_amount: 1.05700
data_price_hour_rel_-04_amount: 0.00700
data_price_hour_abs_10_amount: 0.00700
data_price_hour_rel_-03_amount: 0.00100
data_price_hour_abs_11_amount: 0.00100
data_price_hour_rel_-02_amount: 0.00100
data_price_hour_abs_12_amount: 0.00100
data_price_hour_rel_-01_amount: -0.00800
data_price_hour_abs_13_amount: -0.00800
data_price_hour_rel_+00_amount: -0.02100
data_price_hour_abs_14_amount: -0.02100
data_price_hour_rel_+01_amount: 0.00400
data_price_hour_abs_15_amount: 0.00400
data_price_hour_rel_+02_amount: 0.01100
data_price_hour_abs_16_amount: 0.01100
data_price_hour_rel_+03_amount: 5.98100
data_price_hour_abs_17_amount: 5.98100
data_price_hour_rel_+04_amount: 9.42700
data_price_hour_abs_18_amount: 9.42700
data_price_hour_rel_+05_amount: 10.82700
data_price_hour_abs_19_amount: 10.82700
data_price_hour_rel_+06_amount: 12.76800
data_price_hour_abs_20_amount: 12.76800
data_price_hour_rel_+07_amount: 12.81200
data_price_hour_abs_21_amount: 12.81200
data_price_hour_rel_+08_amount: 11.18500
data_price_hour_abs_22_amount: 11.18500
data_price_hour_rel_+09_amount: 9.37000
data_price_hour_abs_23_amount: 9.37000