date_now: 2024-12-28 13:25:58
date_now_epoch: 1735388758508
date_now_day: 28
date_now_month: 12
date_now_year: 2024
date_start: 2024-12-28 00:00:00
date_end: 2024-12-28 23:59:59
price_low: 10.29300
price_high: 15.20000
price_median: 12.20400
price_average: 12.26383
price_current: 11.00100
price_unit: Cent/kWh
price_threshold_00: 10.29300
price_threshold_01: 10.55800
price_threshold_02: 10.59200
price_threshold_03: 10.89700
price_threshold_04: 10.97100
price_threshold_05: 11.00100
price_threshold_06: 11.01500
price_threshold_07: 11.34000
price_threshold_08: 11.49300
price_threshold_09: 11.66300
price_threshold_10: 11.78300
price_threshold_11: 12.12500
price_threshold_12: 12.28300
price_threshold_13: 12.42400
price_threshold_14: 12.59000
price_threshold_15: 12.64000
price_threshold_16: 12.80000
price_threshold_17: 12.83000
price_threshold_18: 12.92600
price_threshold_19: 13.78400
price_threshold_20: 14.04800
price_threshold_21: 14.32500
price_threshold_22: 14.75100
price_threshold_23: 15.20000
data_price_hour_rel_-13_amount: 12.64000
data_price_hour_abs_00_amount: 12.64000
data_price_hour_rel_-12_amount: 11.66300
data_price_hour_abs_01_amount: 11.66300
data_price_hour_rel_-11_amount: 11.01500
data_price_hour_abs_02_amount: 11.01500
data_price_hour_rel_-10_amount: 10.59200
data_price_hour_abs_03_amount: 10.59200
data_price_hour_rel_-09_amount: 10.29300
data_price_hour_abs_04_amount: 10.29300
data_price_hour_rel_-08_amount: 10.55800
data_price_hour_abs_05_amount: 10.55800
data_price_hour_rel_-07_amount: 10.97100
data_price_hour_abs_06_amount: 10.97100
data_price_hour_rel_-06_amount: 12.42400
data_price_hour_abs_07_amount: 12.42400
data_price_hour_rel_-05_amount: 12.80000
data_price_hour_abs_08_amount: 12.80000
data_price_hour_rel_-04_amount: 12.83000
data_price_hour_abs_09_amount: 12.83000
data_price_hour_rel_-03_amount: 12.28300
data_price_hour_abs_10_amount: 12.28300
data_price_hour_rel_-02_amount: 11.34000
data_price_hour_abs_11_amount: 11.34000
data_price_hour_rel_-01_amount: 10.89700
data_price_hour_abs_12_amount: 10.89700
data_price_hour_rel_+00_amount: 11.00100
data_price_hour_abs_13_amount: 11.00100
data_price_hour_rel_+01_amount: 11.78300
data_price_hour_abs_14_amount: 11.78300
data_price_hour_rel_+02_amount: 13.78400
data_price_hour_abs_15_amount: 13.78400
data_price_hour_rel_+03_amount: 14.32500
data_price_hour_abs_16_amount: 14.32500
data_price_hour_rel_+04_amount: 15.20000
data_price_hour_abs_17_amount: 15.20000
data_price_hour_rel_+05_amount: 14.75100
data_price_hour_abs_18_amount: 14.75100
data_price_hour_rel_+06_amount: 14.04800
data_price_hour_abs_19_amount: 14.04800
data_price_hour_rel_+07_amount: 12.92600
data_price_hour_abs_20_amount: 12.92600
data_price_hour_rel_+08_amount: 12.59000
data_price_hour_abs_21_amount: 12.59000
data_price_hour_rel_+09_amount: 12.12500
data_price_hour_abs_22_amount: 12.12500
data_price_hour_rel_+10_amount: 11.49300
data_price_hour_abs_23_amount: 11.49300