date_now: 2024-02-15 13:19:45
date_now_epoch: 1707999585349
date_now_day: 15
date_now_month: 2
date_now_year: 2024
date_start: 2024-02-15 00:00:00
date_end: 2024-02-15 23:59:59
price_low: 5.89100
price_high: 8.70000
price_median: 6.99350
price_average: 7.05013
price_current: 6.61900
price_unit: Cent/kWh
price_threshold_00: 5.89100
price_threshold_01: 5.97500
price_threshold_02: 6.03000
price_threshold_03: 6.11300
price_threshold_04: 6.17100
price_threshold_05: 6.19400
price_threshold_06: 6.29700
price_threshold_07: 6.30900
price_threshold_08: 6.60600
price_threshold_09: 6.61900
price_threshold_10: 6.66300
price_threshold_11: 6.99100
price_threshold_12: 6.99600
price_threshold_13: 7.04700
price_threshold_14: 7.22100
price_threshold_15: 7.41800
price_threshold_16: 7.50500
price_threshold_17: 7.56100
price_threshold_18: 7.87600
price_threshold_19: 7.90500
price_threshold_20: 8.15700
price_threshold_21: 8.26700
price_threshold_22: 8.69100
price_threshold_23: 8.70000
data_price_hour_rel_-13_amount: 6.17100
data_price_hour_abs_00_amount: 6.17100
data_price_hour_rel_-12_amount: 6.11300
data_price_hour_abs_01_amount: 6.11300
data_price_hour_rel_-11_amount: 6.03000
data_price_hour_abs_02_amount: 6.03000
data_price_hour_rel_-10_amount: 5.97500
data_price_hour_abs_03_amount: 5.97500
data_price_hour_rel_-09_amount: 6.19400
data_price_hour_abs_04_amount: 6.19400
data_price_hour_rel_-08_amount: 6.60600
data_price_hour_abs_05_amount: 6.60600
data_price_hour_rel_-07_amount: 7.22100
data_price_hour_abs_06_amount: 7.22100
data_price_hour_rel_-06_amount: 8.15700
data_price_hour_abs_07_amount: 8.15700
data_price_hour_rel_-05_amount: 8.26700
data_price_hour_abs_08_amount: 8.26700
data_price_hour_rel_-04_amount: 7.87600
data_price_hour_abs_09_amount: 7.87600
data_price_hour_rel_-03_amount: 7.41800
data_price_hour_abs_10_amount: 7.41800
data_price_hour_rel_-02_amount: 6.99600
data_price_hour_abs_11_amount: 6.99600
data_price_hour_rel_-01_amount: 6.66300
data_price_hour_abs_12_amount: 6.66300
data_price_hour_rel_+00_amount: 6.61900
data_price_hour_abs_13_amount: 6.61900
data_price_hour_rel_+01_amount: 6.99100
data_price_hour_abs_14_amount: 6.99100
data_price_hour_rel_+02_amount: 7.50500
data_price_hour_abs_15_amount: 7.50500
data_price_hour_rel_+03_amount: 7.90500
data_price_hour_abs_16_amount: 7.90500
data_price_hour_rel_+04_amount: 8.70000
data_price_hour_abs_17_amount: 8.70000
data_price_hour_rel_+05_amount: 8.69100
data_price_hour_abs_18_amount: 8.69100
data_price_hour_rel_+06_amount: 7.56100
data_price_hour_abs_19_amount: 7.56100
data_price_hour_rel_+07_amount: 7.04700
data_price_hour_abs_20_amount: 7.04700
data_price_hour_rel_+08_amount: 6.29700
data_price_hour_abs_21_amount: 6.29700
data_price_hour_rel_+09_amount: 6.30900
data_price_hour_abs_22_amount: 6.30900
data_price_hour_rel_+10_amount: 5.89100
data_price_hour_abs_23_amount: 5.89100