date_now: 2024-10-01 14:29:01
date_now_epoch: 1727785741855
date_now_day: 1
date_now_month: 10
date_now_year: 2024
date_start: 2024-10-01 00:00:00
date_end: 2024-10-01 23:59:59
price_low: 0.00200
price_high: 13.65100
price_median: 7.22250
price_average: 6.78350
price_current: 5.65100
price_unit: Cent/kWh
price_threshold_00: 0.00200
price_threshold_01: 0.00500
price_threshold_02: 0.00700
price_threshold_03: 0.00900
price_threshold_04: 0.32100
price_threshold_05: 0.68000
price_threshold_06: 5.56600
price_threshold_07: 5.65100
price_threshold_08: 5.86000
price_threshold_09: 6.21800
price_threshold_10: 6.39600
price_threshold_11: 6.82100
price_threshold_12: 7.62400
price_threshold_13: 7.64800
price_threshold_14: 9.14500
price_threshold_15: 9.23000
price_threshold_16: 9.89400
price_threshold_17: 10.04100
price_threshold_18: 10.33500
price_threshold_19: 10.95800
price_threshold_20: 11.49800
price_threshold_21: 11.85400
price_threshold_22: 13.39000
price_threshold_23: 13.65100
data_price_hour_rel_-14_amount: 0.32100
data_price_hour_abs_00_amount: 0.32100
data_price_hour_rel_-13_amount: 0.00700
data_price_hour_abs_01_amount: 0.00700
data_price_hour_rel_-12_amount: 0.00500
data_price_hour_abs_02_amount: 0.00500
data_price_hour_rel_-11_amount: 0.00200
data_price_hour_abs_03_amount: 0.00200
data_price_hour_rel_-10_amount: 0.00900
data_price_hour_abs_04_amount: 0.00900
data_price_hour_rel_-09_amount: 0.68000
data_price_hour_abs_05_amount: 0.68000
data_price_hour_rel_-08_amount: 6.39600
data_price_hour_abs_06_amount: 6.39600
data_price_hour_rel_-07_amount: 10.33500
data_price_hour_abs_07_amount: 10.33500
data_price_hour_rel_-06_amount: 11.49800
data_price_hour_abs_08_amount: 11.49800
data_price_hour_rel_-05_amount: 10.04100
data_price_hour_abs_09_amount: 10.04100
data_price_hour_rel_-04_amount: 7.64800
data_price_hour_abs_10_amount: 7.64800
data_price_hour_rel_-03_amount: 6.82100
data_price_hour_abs_11_amount: 6.82100
data_price_hour_rel_-02_amount: 5.86000
data_price_hour_abs_12_amount: 5.86000
data_price_hour_rel_-01_amount: 5.56600
data_price_hour_abs_13_amount: 5.56600
data_price_hour_rel_+00_amount: 5.65100
data_price_hour_abs_14_amount: 5.65100
data_price_hour_rel_+01_amount: 6.21800
data_price_hour_abs_15_amount: 6.21800
data_price_hour_rel_+02_amount: 9.89400
data_price_hour_abs_16_amount: 9.89400
data_price_hour_rel_+03_amount: 10.95800
data_price_hour_abs_17_amount: 10.95800
data_price_hour_rel_+04_amount: 13.39000
data_price_hour_abs_18_amount: 13.39000
data_price_hour_rel_+05_amount: 13.65100
data_price_hour_abs_19_amount: 13.65100
data_price_hour_rel_+06_amount: 11.85400
data_price_hour_abs_20_amount: 11.85400
data_price_hour_rel_+07_amount: 9.23000
data_price_hour_abs_21_amount: 9.23000
data_price_hour_rel_+08_amount: 9.14500
data_price_hour_abs_22_amount: 9.14500
data_price_hour_rel_+09_amount: 7.62400
data_price_hour_abs_23_amount: 7.62400