date_now: 2024-08-11 14:23:04
date_now_epoch: 1723378984645
date_now_day: 11
date_now_month: 8
date_now_year: 2024
date_start: 2024-08-11 00:00:00
date_end: 2024-08-11 23:59:59
price_low: -5.99600
price_high: 13.71800
price_median: 9.16400
price_average: 5.47175
price_current: -5.00900
price_unit: Cent/kWh
price_threshold_00: -5.99600
price_threshold_01: -5.00900
price_threshold_02: -3.20400
price_threshold_03: -3.14200
price_threshold_04: -1.49900
price_threshold_05: -0.50100
price_threshold_06: -0.49700
price_threshold_07: 0.00000
price_threshold_08: 0.14600
price_threshold_09: 2.78000
price_threshold_10: 7.10200
price_threshold_11: 8.81400
price_threshold_12: 9.51400
price_threshold_13: 9.64900
price_threshold_14: 9.72800
price_threshold_15: 9.99600
price_threshold_16: 10.41700
price_threshold_17: 10.64400
price_threshold_18: 10.67100
price_threshold_19: 10.99900
price_threshold_20: 11.49700
price_threshold_21: 12.61500
price_threshold_22: 12.88000
price_threshold_23: 13.71800
data_price_hour_rel_-14_amount: 10.67100
data_price_hour_abs_00_amount: 10.67100
data_price_hour_rel_-13_amount: 10.41700
data_price_hour_abs_01_amount: 10.41700
data_price_hour_rel_-12_amount: 9.99600
data_price_hour_abs_02_amount: 9.99600
data_price_hour_rel_-11_amount: 9.51400
data_price_hour_abs_03_amount: 9.51400
data_price_hour_rel_-10_amount: 9.64900
data_price_hour_abs_04_amount: 9.64900
data_price_hour_rel_-09_amount: 11.49700
data_price_hour_abs_05_amount: 11.49700
data_price_hour_rel_-08_amount: 10.64400
data_price_hour_abs_06_amount: 10.64400
data_price_hour_rel_-07_amount: 7.10200
data_price_hour_abs_07_amount: 7.10200
data_price_hour_rel_-06_amount: 2.78000
data_price_hour_abs_08_amount: 2.78000
data_price_hour_rel_-05_amount: 0.00000
data_price_hour_abs_09_amount: 0.00000
data_price_hour_rel_-04_amount: -0.50100
data_price_hour_abs_10_amount: -0.50100
data_price_hour_rel_-03_amount: -1.49900
data_price_hour_abs_11_amount: -1.49900
data_price_hour_rel_-02_amount: -3.20400
data_price_hour_abs_12_amount: -3.20400
data_price_hour_rel_-01_amount: -5.99600
data_price_hour_abs_13_amount: -5.99600
data_price_hour_rel_+00_amount: -5.00900
data_price_hour_abs_14_amount: -5.00900
data_price_hour_rel_+01_amount: -3.14200
data_price_hour_abs_15_amount: -3.14200
data_price_hour_rel_+02_amount: -0.49700
data_price_hour_abs_16_amount: -0.49700
data_price_hour_rel_+03_amount: 0.14600
data_price_hour_abs_17_amount: 0.14600
data_price_hour_rel_+04_amount: 8.81400
data_price_hour_abs_18_amount: 8.81400
data_price_hour_rel_+05_amount: 12.88000
data_price_hour_abs_19_amount: 12.88000
data_price_hour_rel_+06_amount: 13.71800
data_price_hour_abs_20_amount: 13.71800
data_price_hour_rel_+07_amount: 12.61500
data_price_hour_abs_21_amount: 12.61500
data_price_hour_rel_+08_amount: 10.99900
data_price_hour_abs_22_amount: 10.99900
data_price_hour_rel_+09_amount: 9.72800
data_price_hour_abs_23_amount: 9.72800