date_now: 2024-07-02 14:22:33
date_now_epoch: 1719922953980
date_now_day: 2
date_now_month: 7
date_now_year: 2024
date_start: 2024-07-02 00:00:00
date_end: 2024-07-02 23:59:59
price_low: 6.09300
price_high: 11.50000
price_median: 8.20300
price_average: 8.56767
price_current: 6.09300
price_unit: Cent/kWh
price_threshold_00: 6.09300
price_threshold_01: 6.27300
price_threshold_02: 6.91600
price_threshold_03: 7.27200
price_threshold_04: 7.42200
price_threshold_05: 7.45600
price_threshold_06: 7.59000
price_threshold_07: 7.99300
price_threshold_08: 8.09500
price_threshold_09: 8.15900
price_threshold_10: 8.19900
price_threshold_11: 8.19900
price_threshold_12: 8.20700
price_threshold_13: 8.31100
price_threshold_14: 8.47900
price_threshold_15: 8.60000
price_threshold_16: 8.75000
price_threshold_17: 9.65000
price_threshold_18: 10.06900
price_threshold_19: 10.12700
price_threshold_20: 10.36300
price_threshold_21: 10.90500
price_threshold_22: 10.99600
price_threshold_23: 11.50000
data_price_hour_rel_-14_amount: 8.15900
data_price_hour_abs_00_amount: 8.15900
data_price_hour_rel_-13_amount: 7.99300
data_price_hour_abs_01_amount: 7.99300
data_price_hour_rel_-12_amount: 8.20700
data_price_hour_abs_02_amount: 8.20700
data_price_hour_rel_-11_amount: 8.09500
data_price_hour_abs_03_amount: 8.09500
data_price_hour_rel_-10_amount: 8.19900
data_price_hour_abs_04_amount: 8.19900
data_price_hour_rel_-09_amount: 8.19900
data_price_hour_abs_05_amount: 8.19900
data_price_hour_rel_-08_amount: 9.65000
data_price_hour_abs_06_amount: 9.65000
data_price_hour_rel_-07_amount: 10.06900
data_price_hour_abs_07_amount: 10.06900
data_price_hour_rel_-06_amount: 10.12700
data_price_hour_abs_08_amount: 10.12700
data_price_hour_rel_-05_amount: 8.75000
data_price_hour_abs_09_amount: 8.75000
data_price_hour_rel_-04_amount: 8.31100
data_price_hour_abs_10_amount: 8.31100
data_price_hour_rel_-03_amount: 7.45600
data_price_hour_abs_11_amount: 7.45600
data_price_hour_rel_-02_amount: 7.27200
data_price_hour_abs_12_amount: 7.27200
data_price_hour_rel_-01_amount: 6.91600
data_price_hour_abs_13_amount: 6.91600
data_price_hour_rel_+00_amount: 6.09300
data_price_hour_abs_14_amount: 6.09300
data_price_hour_rel_+01_amount: 6.27300
data_price_hour_abs_15_amount: 6.27300
data_price_hour_rel_+02_amount: 7.42200
data_price_hour_abs_16_amount: 7.42200
data_price_hour_rel_+03_amount: 7.59000
data_price_hour_abs_17_amount: 7.59000
data_price_hour_rel_+04_amount: 8.47900
data_price_hour_abs_18_amount: 8.47900
data_price_hour_rel_+05_amount: 10.36300
data_price_hour_abs_19_amount: 10.36300
data_price_hour_rel_+06_amount: 11.50000
data_price_hour_abs_20_amount: 11.50000
data_price_hour_rel_+07_amount: 10.99600
data_price_hour_abs_21_amount: 10.99600
data_price_hour_rel_+08_amount: 10.90500
data_price_hour_abs_22_amount: 10.90500
data_price_hour_rel_+09_amount: 8.60000
data_price_hour_abs_23_amount: 8.60000