date_now: 2024-06-25 14:23:47
date_now_epoch: 1719318227936
date_now_day: 25
date_now_month: 6
date_now_year: 2024
date_start: 2024-06-25 00:00:00
date_end: 2024-06-25 23:59:59
price_low: -0.00500
price_high: 13.66900
price_median: 8.53600
price_average: 7.55983
price_current: -0.00400
price_unit: Cent/kWh
price_threshold_00: -0.00500
price_threshold_01: -0.00400
price_threshold_02: 0.00000
price_threshold_03: 1.15900
price_threshold_04: 1.28300
price_threshold_05: 4.83200
price_threshold_06: 4.83700
price_threshold_07: 7.40000
price_threshold_08: 7.46400
price_threshold_09: 8.47800
price_threshold_10: 8.48000
price_threshold_11: 8.52200
price_threshold_12: 8.55000
price_threshold_13: 8.88000
price_threshold_14: 8.99500
price_threshold_15: 9.49000
price_threshold_16: 9.59000
price_threshold_17: 10.38000
price_threshold_18: 10.65700
price_threshold_19: 11.48000
price_threshold_20: 12.20000
price_threshold_21: 12.20900
price_threshold_22: 12.89000
price_threshold_23: 13.66900
data_price_hour_rel_-14_amount: 8.88000
data_price_hour_abs_00_amount: 8.88000
data_price_hour_rel_-13_amount: 8.48000
data_price_hour_abs_01_amount: 8.48000
data_price_hour_rel_-12_amount: 8.47800
data_price_hour_abs_02_amount: 8.47800
data_price_hour_rel_-11_amount: 8.52200
data_price_hour_abs_03_amount: 8.52200
data_price_hour_rel_-10_amount: 8.55000
data_price_hour_abs_04_amount: 8.55000
data_price_hour_rel_-09_amount: 9.49000
data_price_hour_abs_05_amount: 9.49000
data_price_hour_rel_-08_amount: 11.48000
data_price_hour_abs_06_amount: 11.48000
data_price_hour_rel_-07_amount: 12.20000
data_price_hour_abs_07_amount: 12.20000
data_price_hour_rel_-06_amount: 10.38000
data_price_hour_abs_08_amount: 10.38000
data_price_hour_rel_-05_amount: 7.46400
data_price_hour_abs_09_amount: 7.46400
data_price_hour_rel_-04_amount: 4.83200
data_price_hour_abs_10_amount: 4.83200
data_price_hour_rel_-03_amount: 1.28300
data_price_hour_abs_11_amount: 1.28300
data_price_hour_rel_-02_amount: 0.00000
data_price_hour_abs_12_amount: 0.00000
data_price_hour_rel_-01_amount: -0.00500
data_price_hour_abs_13_amount: -0.00500
data_price_hour_rel_+00_amount: -0.00400
data_price_hour_abs_14_amount: -0.00400
data_price_hour_rel_+01_amount: 1.15900
data_price_hour_abs_15_amount: 1.15900
data_price_hour_rel_+02_amount: 4.83700
data_price_hour_abs_16_amount: 4.83700
data_price_hour_rel_+03_amount: 7.40000
data_price_hour_abs_17_amount: 7.40000
data_price_hour_rel_+04_amount: 9.59000
data_price_hour_abs_18_amount: 9.59000
data_price_hour_rel_+05_amount: 12.89000
data_price_hour_abs_19_amount: 12.89000
data_price_hour_rel_+06_amount: 13.66900
data_price_hour_abs_20_amount: 13.66900
data_price_hour_rel_+07_amount: 12.20900
data_price_hour_abs_21_amount: 12.20900
data_price_hour_rel_+08_amount: 10.65700
data_price_hour_abs_22_amount: 10.65700
data_price_hour_rel_+09_amount: 8.99500
data_price_hour_abs_23_amount: 8.99500