date_now: 2024-12-11 13:31:32
date_now_epoch: 1733920292556
date_now_day: 11
date_now_month: 12
date_now_year: 2024
date_start: 2024-12-11 00:00:00
date_end: 2024-12-11 23:59:59
price_low: 10.61700
price_high: 44.50800
price_median: 31.83750
price_average: 26.65442
price_current: 40.49100
price_unit: Cent/kWh
price_threshold_00: 10.61700
price_threshold_01: 10.73100
price_threshold_02: 10.82200
price_threshold_03: 10.86900
price_threshold_04: 11.59400
price_threshold_05: 12.53100
price_threshold_06: 13.59600
price_threshold_07: 15.00000
price_threshold_08: 16.34200
price_threshold_09: 17.12000
price_threshold_10: 20.68200
price_threshold_11: 29.55000
price_threshold_12: 34.12500
price_threshold_13: 34.86400
price_threshold_14: 35.99200
price_threshold_15: 36.89700
price_threshold_16: 37.19600
price_threshold_17: 37.71200
price_threshold_18: 37.99900
price_threshold_19: 38.09400
price_threshold_20: 38.58700
price_threshold_21: 40.49100
price_threshold_22: 43.78700
price_threshold_23: 44.50800
data_price_hour_rel_-13_amount: 11.59400
data_price_hour_abs_00_amount: 11.59400
data_price_hour_rel_-12_amount: 10.82200
data_price_hour_abs_01_amount: 10.82200
data_price_hour_rel_-11_amount: 10.73100
data_price_hour_abs_02_amount: 10.73100
data_price_hour_rel_-10_amount: 10.61700
data_price_hour_abs_03_amount: 10.61700
data_price_hour_rel_-09_amount: 10.86900
data_price_hour_abs_04_amount: 10.86900
data_price_hour_rel_-08_amount: 12.53100
data_price_hour_abs_05_amount: 12.53100
data_price_hour_rel_-07_amount: 16.34200
data_price_hour_abs_06_amount: 16.34200
data_price_hour_rel_-06_amount: 29.55000
data_price_hour_abs_07_amount: 29.55000
data_price_hour_rel_-05_amount: 36.89700
data_price_hour_abs_08_amount: 36.89700
data_price_hour_rel_-04_amount: 37.71200
data_price_hour_abs_09_amount: 37.71200
data_price_hour_rel_-03_amount: 34.86400
data_price_hour_abs_10_amount: 34.86400
data_price_hour_rel_-02_amount: 37.99900
data_price_hour_abs_11_amount: 37.99900
data_price_hour_rel_-01_amount: 38.58700
data_price_hour_abs_12_amount: 38.58700
data_price_hour_rel_+00_amount: 40.49100
data_price_hour_abs_13_amount: 40.49100
data_price_hour_rel_+01_amount: 37.19600
data_price_hour_abs_14_amount: 37.19600
data_price_hour_rel_+02_amount: 38.09400
data_price_hour_abs_15_amount: 38.09400
data_price_hour_rel_+03_amount: 43.78700
data_price_hour_abs_16_amount: 43.78700
data_price_hour_rel_+04_amount: 44.50800
data_price_hour_abs_17_amount: 44.50800
data_price_hour_rel_+05_amount: 35.99200
data_price_hour_abs_18_amount: 35.99200
data_price_hour_rel_+06_amount: 34.12500
data_price_hour_abs_19_amount: 34.12500
data_price_hour_rel_+07_amount: 20.68200
data_price_hour_abs_20_amount: 20.68200
data_price_hour_rel_+08_amount: 17.12000
data_price_hour_abs_21_amount: 17.12000
data_price_hour_rel_+09_amount: 15.00000
data_price_hour_abs_22_amount: 15.00000
data_price_hour_rel_+10_amount: 13.59600
data_price_hour_abs_23_amount: 13.59600