date_now: 2024-09-30 14:30:12
date_now_epoch: 1727699412357
date_now_day: 30
date_now_month: 9
date_now_year: 2024
date_start: 2024-09-30 00:00:00
date_end: 2024-09-30 23:59:59
price_low: 0.20600
price_high: 9.35500
price_median: 2.14200
price_average: 3.33229
price_current: 0.76300
price_unit: Cent/kWh
price_threshold_00: 0.20600
price_threshold_01: 0.55300
price_threshold_02: 0.56100
price_threshold_03: 0.76300
price_threshold_04: 0.84000
price_threshold_05: 0.92800
price_threshold_06: 0.98400
price_threshold_07: 1.14500
price_threshold_08: 1.69800
price_threshold_09: 1.90000
price_threshold_10: 2.00100
price_threshold_11: 2.09100
price_threshold_12: 2.19300
price_threshold_13: 2.19600
price_threshold_14: 3.51300
price_threshold_15: 4.23500
price_threshold_16: 4.44100
price_threshold_17: 4.56400
price_threshold_18: 6.42400
price_threshold_19: 6.46000
price_threshold_20: 6.84600
price_threshold_21: 7.03600
price_threshold_22: 9.04200
price_threshold_23: 9.35500
data_price_hour_rel_-14_amount: 1.90000
data_price_hour_abs_00_amount: 1.90000
data_price_hour_rel_-13_amount: 1.14500
data_price_hour_abs_01_amount: 1.14500
data_price_hour_rel_-12_amount: 0.84000
data_price_hour_abs_02_amount: 0.84000
data_price_hour_rel_-11_amount: 0.55300
data_price_hour_abs_03_amount: 0.55300
data_price_hour_rel_-10_amount: 0.56100
data_price_hour_abs_04_amount: 0.56100
data_price_hour_rel_-09_amount: 1.69800
data_price_hour_abs_05_amount: 1.69800
data_price_hour_rel_-08_amount: 4.56400
data_price_hour_abs_06_amount: 4.56400
data_price_hour_rel_-07_amount: 9.04200
data_price_hour_abs_07_amount: 9.04200
data_price_hour_rel_-06_amount: 9.35500
data_price_hour_abs_08_amount: 9.35500
data_price_hour_rel_-05_amount: 6.84600
data_price_hour_abs_09_amount: 6.84600
data_price_hour_rel_-04_amount: 4.44100
data_price_hour_abs_10_amount: 4.44100
data_price_hour_rel_-03_amount: 2.09100
data_price_hour_abs_11_amount: 2.09100
data_price_hour_rel_-02_amount: 0.92800
data_price_hour_abs_12_amount: 0.92800
data_price_hour_rel_-01_amount: 0.20600
data_price_hour_abs_13_amount: 0.20600
data_price_hour_rel_+00_amount: 0.76300
data_price_hour_abs_14_amount: 0.76300
data_price_hour_rel_+01_amount: 2.19600
data_price_hour_abs_15_amount: 2.19600
data_price_hour_rel_+02_amount: 3.51300
data_price_hour_abs_16_amount: 3.51300
data_price_hour_rel_+03_amount: 6.46000
data_price_hour_abs_17_amount: 6.46000
data_price_hour_rel_+04_amount: 7.03600
data_price_hour_abs_18_amount: 7.03600
data_price_hour_rel_+05_amount: 6.42400
data_price_hour_abs_19_amount: 6.42400
data_price_hour_rel_+06_amount: 4.23500
data_price_hour_abs_20_amount: 4.23500
data_price_hour_rel_+07_amount: 2.19300
data_price_hour_abs_21_amount: 2.19300
data_price_hour_rel_+08_amount: 2.00100
data_price_hour_abs_22_amount: 2.00100
data_price_hour_rel_+09_amount: 0.98400
data_price_hour_abs_23_amount: 0.98400