date_now: 2024-01-13 13:20:10
date_now_epoch: 1705148410015
date_now_day: 13
date_now_month: 1
date_now_year: 2024
date_start: 2024-01-13 00:00:00
date_end: 2024-01-13 23:59:59
price_low: 6.31600
price_high: 9.00000
price_median: 7.42150
price_average: 7.45679
price_current: 6.36700
price_unit: Cent/kWh
price_threshold_00: 6.31600
price_threshold_01: 6.36700
price_threshold_02: 6.43000
price_threshold_03: 6.79100
price_threshold_04: 6.86100
price_threshold_05: 7.03500
price_threshold_06: 7.07800
price_threshold_07: 7.09300
price_threshold_08: 7.27200
price_threshold_09: 7.30600
price_threshold_10: 7.38200
price_threshold_11: 7.42100
price_threshold_12: 7.42200
price_threshold_13: 7.49200
price_threshold_14: 7.50000
price_threshold_15: 7.51100
price_threshold_16: 7.58100
price_threshold_17: 7.81000
price_threshold_18: 7.84700
price_threshold_19: 8.20000
price_threshold_20: 8.22200
price_threshold_21: 8.50000
price_threshold_22: 8.52600
price_threshold_23: 9.00000
data_price_hour_rel_-13_amount: 9.00000
data_price_hour_abs_00_amount: 9.00000
data_price_hour_rel_-12_amount: 8.50000
data_price_hour_abs_01_amount: 8.50000
data_price_hour_rel_-11_amount: 8.20000
data_price_hour_abs_02_amount: 8.20000
data_price_hour_rel_-10_amount: 7.84700
data_price_hour_abs_03_amount: 7.84700
data_price_hour_rel_-09_amount: 7.50000
data_price_hour_abs_04_amount: 7.50000
data_price_hour_rel_-08_amount: 7.49200
data_price_hour_abs_05_amount: 7.49200
data_price_hour_rel_-07_amount: 7.81000
data_price_hour_abs_06_amount: 7.81000
data_price_hour_rel_-06_amount: 8.22200
data_price_hour_abs_07_amount: 8.22200
data_price_hour_rel_-05_amount: 8.52600
data_price_hour_abs_08_amount: 8.52600
data_price_hour_rel_-04_amount: 7.51100
data_price_hour_abs_09_amount: 7.51100
data_price_hour_rel_-03_amount: 7.42100
data_price_hour_abs_10_amount: 7.42100
data_price_hour_rel_-02_amount: 7.27200
data_price_hour_abs_11_amount: 7.27200
data_price_hour_rel_-01_amount: 7.03500
data_price_hour_abs_12_amount: 7.03500
data_price_hour_rel_+00_amount: 6.36700
data_price_hour_abs_13_amount: 6.36700
data_price_hour_rel_+01_amount: 6.79100
data_price_hour_abs_14_amount: 6.79100
data_price_hour_rel_+02_amount: 6.86100
data_price_hour_abs_15_amount: 6.86100
data_price_hour_rel_+03_amount: 7.07800
data_price_hour_abs_16_amount: 7.07800
data_price_hour_rel_+04_amount: 7.42200
data_price_hour_abs_17_amount: 7.42200
data_price_hour_rel_+05_amount: 7.58100
data_price_hour_abs_18_amount: 7.58100
data_price_hour_rel_+06_amount: 7.38200
data_price_hour_abs_19_amount: 7.38200
data_price_hour_rel_+07_amount: 7.30600
data_price_hour_abs_20_amount: 7.30600
data_price_hour_rel_+08_amount: 7.09300
data_price_hour_abs_21_amount: 7.09300
data_price_hour_rel_+09_amount: 6.43000
data_price_hour_abs_22_amount: 6.43000
data_price_hour_rel_+10_amount: 6.31600
data_price_hour_abs_23_amount: 6.31600