date_now: 2024-07-11 14:24:30
date_now_epoch: 1720700670736
date_now_day: 11
date_now_month: 7
date_now_year: 2024
date_start: 2024-07-11 00:00:00
date_end: 2024-07-11 23:59:59
price_low: 4.44800
price_high: 18.43300
price_median: 8.19450
price_average: 9.12721
price_current: 4.44800
price_unit: Cent/kWh
price_threshold_00: 4.44800
price_threshold_01: 4.77000
price_threshold_02: 5.01000
price_threshold_03: 5.74400
price_threshold_04: 6.09800
price_threshold_05: 6.66000
price_threshold_06: 7.70600
price_threshold_07: 7.96000
price_threshold_08: 7.99500
price_threshold_09: 8.03100
price_threshold_10: 8.06900
price_threshold_11: 8.19100
price_threshold_12: 8.19800
price_threshold_13: 8.91100
price_threshold_14: 9.15800
price_threshold_15: 9.60200
price_threshold_16: 9.81200
price_threshold_17: 10.65300
price_threshold_18: 10.77100
price_threshold_19: 12.00000
price_threshold_20: 12.00000
price_threshold_21: 12.15900
price_threshold_22: 16.67400
price_threshold_23: 18.43300
data_price_hour_rel_-14_amount: 9.60200
data_price_hour_abs_00_amount: 9.60200
data_price_hour_rel_-13_amount: 7.99500
data_price_hour_abs_01_amount: 7.99500
data_price_hour_rel_-12_amount: 7.70600
data_price_hour_abs_02_amount: 7.70600
data_price_hour_rel_-11_amount: 7.96000
data_price_hour_abs_03_amount: 7.96000
data_price_hour_rel_-10_amount: 8.03100
data_price_hour_abs_04_amount: 8.03100
data_price_hour_rel_-09_amount: 8.19800
data_price_hour_abs_05_amount: 8.19800
data_price_hour_rel_-08_amount: 10.77100
data_price_hour_abs_06_amount: 10.77100
data_price_hour_rel_-07_amount: 12.00000
data_price_hour_abs_07_amount: 12.00000
data_price_hour_rel_-06_amount: 10.65300
data_price_hour_abs_08_amount: 10.65300
data_price_hour_rel_-05_amount: 8.91100
data_price_hour_abs_09_amount: 8.91100
data_price_hour_rel_-04_amount: 8.06900
data_price_hour_abs_10_amount: 8.06900
data_price_hour_rel_-03_amount: 6.66000
data_price_hour_abs_11_amount: 6.66000
data_price_hour_rel_-02_amount: 5.74400
data_price_hour_abs_12_amount: 5.74400
data_price_hour_rel_-01_amount: 4.77000
data_price_hour_abs_13_amount: 4.77000
data_price_hour_rel_+00_amount: 4.44800
data_price_hour_abs_14_amount: 4.44800
data_price_hour_rel_+01_amount: 5.01000
data_price_hour_abs_15_amount: 5.01000
data_price_hour_rel_+02_amount: 6.09800
data_price_hour_abs_16_amount: 6.09800
data_price_hour_rel_+03_amount: 8.19100
data_price_hour_abs_17_amount: 8.19100
data_price_hour_rel_+04_amount: 9.15800
data_price_hour_abs_18_amount: 9.15800
data_price_hour_rel_+05_amount: 12.00000
data_price_hour_abs_19_amount: 12.00000
data_price_hour_rel_+06_amount: 18.43300
data_price_hour_abs_20_amount: 18.43300
data_price_hour_rel_+07_amount: 16.67400
data_price_hour_abs_21_amount: 16.67400
data_price_hour_rel_+08_amount: 12.15900
data_price_hour_abs_22_amount: 12.15900
data_price_hour_rel_+09_amount: 9.81200
data_price_hour_abs_23_amount: 9.81200