date_now: 2024-08-02 14:24:14
date_now_epoch: 1722601454557
date_now_day: 2
date_now_month: 8
date_now_year: 2024
date_start: 2024-08-02 00:00:00
date_end: 2024-08-02 23:59:59
price_low: 5.05800
price_high: 14.61900
price_median: 9.28050
price_average: 9.38121
price_current: 5.34400
price_unit: Cent/kWh
price_threshold_00: 5.05800
price_threshold_01: 5.34400
price_threshold_02: 6.19400
price_threshold_03: 6.54200
price_threshold_04: 7.35800
price_threshold_05: 7.76900
price_threshold_06: 7.76900
price_threshold_07: 8.29700
price_threshold_08: 8.69500
price_threshold_09: 8.81100
price_threshold_10: 8.91700
price_threshold_11: 9.16800
price_threshold_12: 9.39300
price_threshold_13: 9.66100
price_threshold_14: 9.90100
price_threshold_15: 10.22200
price_threshold_16: 10.44200
price_threshold_17: 11.07500
price_threshold_18: 11.31900
price_threshold_19: 11.44200
price_threshold_20: 12.13800
price_threshold_21: 12.16600
price_threshold_22: 12.84900
price_threshold_23: 14.61900
data_price_hour_rel_-14_amount: 9.39300
data_price_hour_abs_00_amount: 9.39300
data_price_hour_rel_-13_amount: 8.91700
data_price_hour_abs_01_amount: 8.91700
data_price_hour_rel_-12_amount: 8.81100
data_price_hour_abs_02_amount: 8.81100
data_price_hour_rel_-11_amount: 8.29700
data_price_hour_abs_03_amount: 8.29700
data_price_hour_rel_-10_amount: 8.69500
data_price_hour_abs_04_amount: 8.69500
data_price_hour_rel_-09_amount: 9.66100
data_price_hour_abs_05_amount: 9.66100
data_price_hour_rel_-08_amount: 11.07500
data_price_hour_abs_06_amount: 11.07500
data_price_hour_rel_-07_amount: 12.13800
data_price_hour_abs_07_amount: 12.13800
data_price_hour_rel_-06_amount: 11.31900
data_price_hour_abs_08_amount: 11.31900
data_price_hour_rel_-05_amount: 10.44200
data_price_hour_abs_09_amount: 10.44200
data_price_hour_rel_-04_amount: 9.16800
data_price_hour_abs_10_amount: 9.16800
data_price_hour_rel_-03_amount: 7.76900
data_price_hour_abs_11_amount: 7.76900
data_price_hour_rel_-02_amount: 7.35800
data_price_hour_abs_12_amount: 7.35800
data_price_hour_rel_-01_amount: 6.19400
data_price_hour_abs_13_amount: 6.19400
data_price_hour_rel_+00_amount: 5.34400
data_price_hour_abs_14_amount: 5.34400
data_price_hour_rel_+01_amount: 5.05800
data_price_hour_abs_15_amount: 5.05800
data_price_hour_rel_+02_amount: 6.54200
data_price_hour_abs_16_amount: 6.54200
data_price_hour_rel_+03_amount: 7.76900
data_price_hour_abs_17_amount: 7.76900
data_price_hour_rel_+04_amount: 10.22200
data_price_hour_abs_18_amount: 10.22200
data_price_hour_rel_+05_amount: 12.84900
data_price_hour_abs_19_amount: 12.84900
data_price_hour_rel_+06_amount: 14.61900
data_price_hour_abs_20_amount: 14.61900
data_price_hour_rel_+07_amount: 12.16600
data_price_hour_abs_21_amount: 12.16600
data_price_hour_rel_+08_amount: 11.44200
data_price_hour_abs_22_amount: 11.44200
data_price_hour_rel_+09_amount: 9.90100
data_price_hour_abs_23_amount: 9.90100