date_now: 2024-08-09 14:25:02
date_now_epoch: 1723206302757
date_now_day: 9
date_now_month: 8
date_now_year: 2024
date_start: 2024-08-09 00:00:00
date_end: 2024-08-09 23:59:59
price_low: -0.08000
price_high: 12.49700
price_median: 6.18500
price_average: 5.33171
price_current: -0.08000
price_unit: Cent/kWh
price_threshold_00: -0.08000
price_threshold_01: -0.01600
price_threshold_02: -0.01100
price_threshold_03: -0.00300
price_threshold_04: -0.00100
price_threshold_05: 0.06000
price_threshold_06: 0.25500
price_threshold_07: 0.89800
price_threshold_08: 3.13100
price_threshold_09: 4.17800
price_threshold_10: 5.33100
price_threshold_11: 5.94000
price_threshold_12: 6.43000
price_threshold_13: 6.43600
price_threshold_14: 6.73400
price_threshold_15: 8.00000
price_threshold_16: 8.10400
price_threshold_17: 8.39200
price_threshold_18: 8.84100
price_threshold_19: 9.32300
price_threshold_20: 10.37100
price_threshold_21: 11.34600
price_threshold_22: 11.80500
price_threshold_23: 12.49700
data_price_hour_rel_-14_amount: 10.37100
data_price_hour_abs_00_amount: 10.37100
data_price_hour_rel_-13_amount: 8.39200
data_price_hour_abs_01_amount: 8.39200
data_price_hour_rel_-12_amount: 6.73400
data_price_hour_abs_02_amount: 6.73400
data_price_hour_rel_-11_amount: 6.43000
data_price_hour_abs_03_amount: 6.43000
data_price_hour_rel_-10_amount: 5.33100
data_price_hour_abs_04_amount: 5.33100
data_price_hour_rel_-09_amount: 6.43600
data_price_hour_abs_05_amount: 6.43600
data_price_hour_rel_-08_amount: 8.00000
data_price_hour_abs_06_amount: 8.00000
data_price_hour_rel_-07_amount: 8.84100
data_price_hour_abs_07_amount: 8.84100
data_price_hour_rel_-06_amount: 5.94000
data_price_hour_abs_08_amount: 5.94000
data_price_hour_rel_-05_amount: 3.13100
data_price_hour_abs_09_amount: 3.13100
data_price_hour_rel_-04_amount: 0.89800
data_price_hour_abs_10_amount: 0.89800
data_price_hour_rel_-03_amount: 0.06000
data_price_hour_abs_11_amount: 0.06000
data_price_hour_rel_-02_amount: -0.00300
data_price_hour_abs_12_amount: -0.00300
data_price_hour_rel_-01_amount: -0.01600
data_price_hour_abs_13_amount: -0.01600
data_price_hour_rel_+00_amount: -0.08000
data_price_hour_abs_14_amount: -0.08000
data_price_hour_rel_+01_amount: -0.01100
data_price_hour_abs_15_amount: -0.01100
data_price_hour_rel_+02_amount: -0.00100
data_price_hour_abs_16_amount: -0.00100
data_price_hour_rel_+03_amount: 0.25500
data_price_hour_abs_17_amount: 0.25500
data_price_hour_rel_+04_amount: 4.17800
data_price_hour_abs_18_amount: 4.17800
data_price_hour_rel_+05_amount: 8.10400
data_price_hour_abs_19_amount: 8.10400
data_price_hour_rel_+06_amount: 12.49700
data_price_hour_abs_20_amount: 12.49700
data_price_hour_rel_+07_amount: 11.80500
data_price_hour_abs_21_amount: 11.80500
data_price_hour_rel_+08_amount: 11.34600
data_price_hour_abs_22_amount: 11.34600
data_price_hour_rel_+09_amount: 9.32300
data_price_hour_abs_23_amount: 9.32300