date_now: 2024-12-10 13:31:53
date_now_epoch: 1733833913910
date_now_day: 10
date_now_month: 12
date_now_year: 2024
date_start: 2024-12-10 00:00:00
date_end: 2024-12-10 23:59:59
price_low: 8.37000
price_high: 20.23800
price_median: 16.81800
price_average: 14.99288
price_current: 19.07800
price_unit: Cent/kWh
price_threshold_00: 8.37000
price_threshold_01: 8.65000
price_threshold_02: 8.72100
price_threshold_03: 8.90700
price_threshold_04: 8.93300
price_threshold_05: 9.28500
price_threshold_06: 11.20600
price_threshold_07: 12.13700
price_threshold_08: 13.51800
price_threshold_09: 13.79400
price_threshold_10: 15.11500
price_threshold_11: 16.66000
price_threshold_12: 16.97600
price_threshold_13: 18.01700
price_threshold_14: 18.06200
price_threshold_15: 18.10000
price_threshold_16: 18.21400
price_threshold_17: 18.47500
price_threshold_18: 18.65000
price_threshold_19: 18.94100
price_threshold_20: 19.07800
price_threshold_21: 19.76400
price_threshold_22: 20.01800
price_threshold_23: 20.23800
data_price_hour_rel_-13_amount: 9.28500
data_price_hour_abs_00_amount: 9.28500
data_price_hour_rel_-12_amount: 8.93300
data_price_hour_abs_01_amount: 8.93300
data_price_hour_rel_-11_amount: 8.65000
data_price_hour_abs_02_amount: 8.65000
data_price_hour_rel_-10_amount: 8.37000
data_price_hour_abs_03_amount: 8.37000
data_price_hour_rel_-09_amount: 8.72100
data_price_hour_abs_04_amount: 8.72100
data_price_hour_rel_-08_amount: 8.90700
data_price_hour_abs_05_amount: 8.90700
data_price_hour_rel_-07_amount: 11.20600
data_price_hour_abs_06_amount: 11.20600
data_price_hour_rel_-06_amount: 13.51800
data_price_hour_abs_07_amount: 13.51800
data_price_hour_rel_-05_amount: 16.97600
data_price_hour_abs_08_amount: 16.97600
data_price_hour_rel_-04_amount: 18.21400
data_price_hour_abs_09_amount: 18.21400
data_price_hour_rel_-03_amount: 18.47500
data_price_hour_abs_10_amount: 18.47500
data_price_hour_rel_-02_amount: 18.65000
data_price_hour_abs_11_amount: 18.65000
data_price_hour_rel_-01_amount: 18.06200
data_price_hour_abs_12_amount: 18.06200
data_price_hour_rel_+00_amount: 19.07800
data_price_hour_abs_13_amount: 19.07800
data_price_hour_rel_+01_amount: 18.94100
data_price_hour_abs_14_amount: 18.94100
data_price_hour_rel_+02_amount: 19.76400
data_price_hour_abs_15_amount: 19.76400
data_price_hour_rel_+03_amount: 20.01800
data_price_hour_abs_16_amount: 20.01800
data_price_hour_rel_+04_amount: 20.23800
data_price_hour_abs_17_amount: 20.23800
data_price_hour_rel_+05_amount: 18.10000
data_price_hour_abs_18_amount: 18.10000
data_price_hour_rel_+06_amount: 18.01700
data_price_hour_abs_19_amount: 18.01700
data_price_hour_rel_+07_amount: 16.66000
data_price_hour_abs_20_amount: 16.66000
data_price_hour_rel_+08_amount: 15.11500
data_price_hour_abs_21_amount: 15.11500
data_price_hour_rel_+09_amount: 13.79400
data_price_hour_abs_22_amount: 13.79400
data_price_hour_rel_+10_amount: 12.13700
data_price_hour_abs_23_amount: 12.13700