date_now: 2024-06-11 14:24:18
date_now_epoch: 1718108658981
date_now_day: 11
date_now_month: 6
date_now_year: 2024
date_start: 2024-06-11 00:00:00
date_end: 2024-06-11 23:59:59
price_low: 0.00000
price_high: 12.76400
price_median: 6.00650
price_average: 6.16321
price_current: 0.00000
price_unit: Cent/kWh
price_threshold_00: 0.00000
price_threshold_01: 0.00300
price_threshold_02: 0.07600
price_threshold_03: 1.11200
price_threshold_04: 1.38900
price_threshold_05: 3.21300
price_threshold_06: 4.99200
price_threshold_07: 5.52700
price_threshold_08: 5.58200
price_threshold_09: 5.69600
price_threshold_10: 5.91100
price_threshold_11: 6.00600
price_threshold_12: 6.00700
price_threshold_13: 6.29500
price_threshold_14: 6.82700
price_threshold_15: 7.16500
price_threshold_16: 8.18300
price_threshold_17: 9.08200
price_threshold_18: 9.15000
price_threshold_19: 10.00000
price_threshold_20: 10.02600
price_threshold_21: 10.67400
price_threshold_22: 12.23700
price_threshold_23: 12.76400
data_price_hour_rel_-14_amount: 6.00700
data_price_hour_abs_00_amount: 6.00700
data_price_hour_rel_-13_amount: 5.69600
data_price_hour_abs_01_amount: 5.69600
data_price_hour_rel_-12_amount: 6.29500
data_price_hour_abs_02_amount: 6.29500
data_price_hour_rel_-11_amount: 5.58200
data_price_hour_abs_03_amount: 5.58200
data_price_hour_rel_-10_amount: 6.00600
data_price_hour_abs_04_amount: 6.00600
data_price_hour_rel_-09_amount: 5.91100
data_price_hour_abs_05_amount: 5.91100
data_price_hour_rel_-08_amount: 8.18300
data_price_hour_abs_06_amount: 8.18300
data_price_hour_rel_-07_amount: 10.02600
data_price_hour_abs_07_amount: 10.02600
data_price_hour_rel_-06_amount: 9.15000
data_price_hour_abs_08_amount: 9.15000
data_price_hour_rel_-05_amount: 6.82700
data_price_hour_abs_09_amount: 6.82700
data_price_hour_rel_-04_amount: 4.99200
data_price_hour_abs_10_amount: 4.99200
data_price_hour_rel_-03_amount: 3.21300
data_price_hour_abs_11_amount: 3.21300
data_price_hour_rel_-02_amount: 1.11200
data_price_hour_abs_12_amount: 1.11200
data_price_hour_rel_-01_amount: 0.07600
data_price_hour_abs_13_amount: 0.07600
data_price_hour_rel_+00_amount: 0.00000
data_price_hour_abs_14_amount: 0.00000
data_price_hour_rel_+01_amount: 0.00300
data_price_hour_abs_15_amount: 0.00300
data_price_hour_rel_+02_amount: 1.38900
data_price_hour_abs_16_amount: 1.38900
data_price_hour_rel_+03_amount: 5.52700
data_price_hour_abs_17_amount: 5.52700
data_price_hour_rel_+04_amount: 7.16500
data_price_hour_abs_18_amount: 7.16500
data_price_hour_rel_+05_amount: 10.00000
data_price_hour_abs_19_amount: 10.00000
data_price_hour_rel_+06_amount: 12.76400
data_price_hour_abs_20_amount: 12.76400
data_price_hour_rel_+07_amount: 12.23700
data_price_hour_abs_21_amount: 12.23700
data_price_hour_rel_+08_amount: 10.67400
data_price_hour_abs_22_amount: 10.67400
data_price_hour_rel_+09_amount: 9.08200
data_price_hour_abs_23_amount: 9.08200