date_now: 2024-05-07 14:21:23
date_now_epoch: 1715084483958
date_now_day: 7
date_now_month: 5
date_now_year: 2024
date_start: 2024-05-07 00:00:00
date_end: 2024-05-07 23:59:59
price_low: 6.55300
price_high: 15.10500
price_median: 8.41650
price_average: 9.30375
price_current: 6.55300
price_unit: Cent/kWh
price_threshold_00: 6.55300
price_threshold_01: 7.04300
price_threshold_02: 7.40500
price_threshold_03: 7.47300
price_threshold_04: 7.72300
price_threshold_05: 7.91700
price_threshold_06: 7.99900
price_threshold_07: 8.00800
price_threshold_08: 8.10800
price_threshold_09: 8.17300
price_threshold_10: 8.20600
price_threshold_11: 8.31200
price_threshold_12: 8.52100
price_threshold_13: 8.82200
price_threshold_14: 9.08200
price_threshold_15: 9.17500
price_threshold_16: 9.88400
price_threshold_17: 10.17000
price_threshold_18: 10.58600
price_threshold_19: 11.26600
price_threshold_20: 12.17000
price_threshold_21: 12.20400
price_threshold_22: 13.38500
price_threshold_23: 15.10500
data_price_hour_rel_-14_amount: 8.17300
data_price_hour_abs_00_amount: 8.17300
data_price_hour_rel_-13_amount: 7.91700
data_price_hour_abs_01_amount: 7.91700
data_price_hour_rel_-12_amount: 7.72300
data_price_hour_abs_02_amount: 7.72300
data_price_hour_rel_-11_amount: 7.99900
data_price_hour_abs_03_amount: 7.99900
data_price_hour_rel_-10_amount: 8.00800
data_price_hour_abs_04_amount: 8.00800
data_price_hour_rel_-09_amount: 8.20600
data_price_hour_abs_05_amount: 8.20600
data_price_hour_rel_-08_amount: 9.88400
data_price_hour_abs_06_amount: 9.88400
data_price_hour_rel_-07_amount: 12.17000
data_price_hour_abs_07_amount: 12.17000
data_price_hour_rel_-06_amount: 11.26600
data_price_hour_abs_08_amount: 11.26600
data_price_hour_rel_-05_amount: 9.17500
data_price_hour_abs_09_amount: 9.17500
data_price_hour_rel_-04_amount: 8.52100
data_price_hour_abs_10_amount: 8.52100
data_price_hour_rel_-03_amount: 8.10800
data_price_hour_abs_11_amount: 8.10800
data_price_hour_rel_-02_amount: 7.47300
data_price_hour_abs_12_amount: 7.47300
data_price_hour_rel_-01_amount: 7.04300
data_price_hour_abs_13_amount: 7.04300
data_price_hour_rel_+00_amount: 6.55300
data_price_hour_abs_14_amount: 6.55300
data_price_hour_rel_+01_amount: 7.40500
data_price_hour_abs_15_amount: 7.40500
data_price_hour_rel_+02_amount: 8.31200
data_price_hour_abs_16_amount: 8.31200
data_price_hour_rel_+03_amount: 9.08200
data_price_hour_abs_17_amount: 9.08200
data_price_hour_rel_+04_amount: 10.58600
data_price_hour_abs_18_amount: 10.58600
data_price_hour_rel_+05_amount: 13.38500
data_price_hour_abs_19_amount: 13.38500
data_price_hour_rel_+06_amount: 15.10500
data_price_hour_abs_20_amount: 15.10500
data_price_hour_rel_+07_amount: 12.20400
data_price_hour_abs_21_amount: 12.20400
data_price_hour_rel_+08_amount: 10.17000
data_price_hour_abs_22_amount: 10.17000
data_price_hour_rel_+09_amount: 8.82200
data_price_hour_abs_23_amount: 8.82200