date_now: 2024-02-11 13:18:02
date_now_epoch: 1707653882438
date_now_day: 11
date_now_month: 2
date_now_year: 2024
date_start: 2024-02-11 00:00:00
date_end: 2024-02-11 23:59:59
price_low: 4.36400
price_high: 8.07400
price_median: 6.30550
price_average: 6.19617
price_current: 6.21200
price_unit: Cent/kWh
price_threshold_00: 4.36400
price_threshold_01: 4.62500
price_threshold_02: 4.68300
price_threshold_03: 4.91900
price_threshold_04: 5.26000
price_threshold_05: 5.31600
price_threshold_06: 5.36700
price_threshold_07: 5.50600
price_threshold_08: 5.54800
price_threshold_09: 5.79700
price_threshold_10: 6.11600
price_threshold_11: 6.21200
price_threshold_12: 6.39900
price_threshold_13: 6.40100
price_threshold_14: 6.46000
price_threshold_15: 6.55400
price_threshold_16: 6.63000
price_threshold_17: 6.83900
price_threshold_18: 7.06900
price_threshold_19: 7.07200
price_threshold_20: 7.67500
price_threshold_21: 7.85000
price_threshold_22: 7.97200
price_threshold_23: 8.07400
data_price_hour_rel_-13_amount: 5.54800
data_price_hour_abs_00_amount: 5.54800
data_price_hour_rel_-12_amount: 5.36700
data_price_hour_abs_01_amount: 5.36700
data_price_hour_rel_-11_amount: 5.26000
data_price_hour_abs_02_amount: 5.26000
data_price_hour_rel_-10_amount: 4.68300
data_price_hour_abs_03_amount: 4.68300
data_price_hour_rel_-09_amount: 4.36400
data_price_hour_abs_04_amount: 4.36400
data_price_hour_rel_-08_amount: 4.62500
data_price_hour_abs_05_amount: 4.62500
data_price_hour_rel_-07_amount: 4.91900
data_price_hour_abs_06_amount: 4.91900
data_price_hour_rel_-06_amount: 5.31600
data_price_hour_abs_07_amount: 5.31600
data_price_hour_rel_-05_amount: 5.50600
data_price_hour_abs_08_amount: 5.50600
data_price_hour_rel_-04_amount: 5.79700
data_price_hour_abs_09_amount: 5.79700
data_price_hour_rel_-03_amount: 6.11600
data_price_hour_abs_10_amount: 6.11600
data_price_hour_rel_-02_amount: 6.55400
data_price_hour_abs_11_amount: 6.55400
data_price_hour_rel_-01_amount: 6.46000
data_price_hour_abs_12_amount: 6.46000
data_price_hour_rel_+00_amount: 6.21200
data_price_hour_abs_13_amount: 6.21200
data_price_hour_rel_+01_amount: 6.39900
data_price_hour_abs_14_amount: 6.39900
data_price_hour_rel_+02_amount: 6.63000
data_price_hour_abs_15_amount: 6.63000
data_price_hour_rel_+03_amount: 7.06900
data_price_hour_abs_16_amount: 7.06900
data_price_hour_rel_+04_amount: 7.85000
data_price_hour_abs_17_amount: 7.85000
data_price_hour_rel_+05_amount: 8.07400
data_price_hour_abs_18_amount: 8.07400
data_price_hour_rel_+06_amount: 7.97200
data_price_hour_abs_19_amount: 7.97200
data_price_hour_rel_+07_amount: 7.67500
data_price_hour_abs_20_amount: 7.67500
data_price_hour_rel_+08_amount: 7.07200
data_price_hour_abs_21_amount: 7.07200
data_price_hour_rel_+09_amount: 6.83900
data_price_hour_abs_22_amount: 6.83900
data_price_hour_rel_+10_amount: 6.40100
data_price_hour_abs_23_amount: 6.40100