date_now: 2024-11-02 13:26:34
date_now_epoch: 1730550394394
date_now_day: 2
date_now_month: 11
date_now_year: 2024
date_start: 2024-11-02 00:00:00
date_end: 2024-11-02 23:59:59
price_low: 8.60000
price_high: 15.85600
price_median: 10.03600
price_average: 10.67588
price_current: 9.15100
price_unit: Cent/kWh
price_threshold_00: 8.60000
price_threshold_01: 8.68500
price_threshold_02: 8.86800
price_threshold_03: 8.87600
price_threshold_04: 9.11900
price_threshold_05: 9.13100
price_threshold_06: 9.15100
price_threshold_07: 9.21300
price_threshold_08: 9.44400
price_threshold_09: 9.57500
price_threshold_10: 9.69700
price_threshold_11: 10.01100
price_threshold_12: 10.06100
price_threshold_13: 10.11600
price_threshold_14: 10.34200
price_threshold_15: 10.62800
price_threshold_16: 10.96400
price_threshold_17: 11.12600
price_threshold_18: 12.23000
price_threshold_19: 12.27900
price_threshold_20: 13.49600
price_threshold_21: 13.76100
price_threshold_22: 14.99200
price_threshold_23: 15.85600
data_price_hour_rel_-13_amount: 9.57500
data_price_hour_abs_00_amount: 9.57500
data_price_hour_rel_-12_amount: 9.13100
data_price_hour_abs_01_amount: 9.13100
data_price_hour_rel_-11_amount: 8.87600
data_price_hour_abs_02_amount: 8.87600
data_price_hour_rel_-10_amount: 8.60000
data_price_hour_abs_03_amount: 8.60000
data_price_hour_rel_-09_amount: 8.68500
data_price_hour_abs_04_amount: 8.68500
data_price_hour_rel_-08_amount: 9.21300
data_price_hour_abs_05_amount: 9.21300
data_price_hour_rel_-07_amount: 9.69700
data_price_hour_abs_06_amount: 9.69700
data_price_hour_rel_-06_amount: 10.01100
data_price_hour_abs_07_amount: 10.01100
data_price_hour_rel_-05_amount: 10.11600
data_price_hour_abs_08_amount: 10.11600
data_price_hour_rel_-04_amount: 10.96400
data_price_hour_abs_09_amount: 10.96400
data_price_hour_rel_-03_amount: 9.11900
data_price_hour_abs_10_amount: 9.11900
data_price_hour_rel_-02_amount: 9.44400
data_price_hour_abs_11_amount: 9.44400
data_price_hour_rel_-01_amount: 8.86800
data_price_hour_abs_12_amount: 8.86800
data_price_hour_rel_+00_amount: 9.15100
data_price_hour_abs_13_amount: 9.15100
data_price_hour_rel_+01_amount: 10.34200
data_price_hour_abs_14_amount: 10.34200
data_price_hour_rel_+02_amount: 12.23000
data_price_hour_abs_15_amount: 12.23000
data_price_hour_rel_+03_amount: 13.76100
data_price_hour_abs_16_amount: 13.76100
data_price_hour_rel_+04_amount: 15.85600
data_price_hour_abs_17_amount: 15.85600
data_price_hour_rel_+05_amount: 14.99200
data_price_hour_abs_18_amount: 14.99200
data_price_hour_rel_+06_amount: 13.49600
data_price_hour_abs_19_amount: 13.49600
data_price_hour_rel_+07_amount: 12.27900
data_price_hour_abs_20_amount: 12.27900
data_price_hour_rel_+08_amount: 11.12600
data_price_hour_abs_21_amount: 11.12600
data_price_hour_rel_+09_amount: 10.62800
data_price_hour_abs_22_amount: 10.62800
data_price_hour_rel_+10_amount: 10.06100
data_price_hour_abs_23_amount: 10.06100