date_now: 2024-01-25 13:22:10
date_now_epoch: 1706185330055
date_now_day: 25
date_now_month: 1
date_now_year: 2024
date_start: 2024-01-25 00:00:00
date_end: 2024-01-25 23:59:59
price_low: 4.33400
price_high: 12.33800
price_median: 7.95450
price_average: 7.80163
price_current: 7.78600
price_unit: Cent/kWh
price_threshold_00: 4.33400
price_threshold_01: 4.43400
price_threshold_02: 4.49200
price_threshold_03: 4.50600
price_threshold_04: 4.62200
price_threshold_05: 5.23800
price_threshold_06: 6.91000
price_threshold_07: 7.49500
price_threshold_08: 7.51600
price_threshold_09: 7.76500
price_threshold_10: 7.78600
price_threshold_11: 7.86600
price_threshold_12: 8.04300
price_threshold_13: 8.39500
price_threshold_14: 8.63100
price_threshold_15: 8.70700
price_threshold_16: 8.79700
price_threshold_17: 9.10700
price_threshold_18: 9.18700
price_threshold_19: 9.39100
price_threshold_20: 9.87900
price_threshold_21: 10.24600
price_threshold_22: 11.55400
price_threshold_23: 12.33800
data_price_hour_rel_-13_amount: 4.43400
data_price_hour_abs_00_amount: 4.43400
data_price_hour_rel_-12_amount: 4.50600
data_price_hour_abs_01_amount: 4.50600
data_price_hour_rel_-11_amount: 4.33400
data_price_hour_abs_02_amount: 4.33400
data_price_hour_rel_-10_amount: 4.49200
data_price_hour_abs_03_amount: 4.49200
data_price_hour_rel_-09_amount: 4.62200
data_price_hour_abs_04_amount: 4.62200
data_price_hour_rel_-08_amount: 5.23800
data_price_hour_abs_05_amount: 5.23800
data_price_hour_rel_-07_amount: 6.91000
data_price_hour_abs_06_amount: 6.91000
data_price_hour_rel_-06_amount: 7.76500
data_price_hour_abs_07_amount: 7.76500
data_price_hour_rel_-05_amount: 9.18700
data_price_hour_abs_08_amount: 9.18700
data_price_hour_rel_-04_amount: 8.79700
data_price_hour_abs_09_amount: 8.79700
data_price_hour_rel_-03_amount: 8.39500
data_price_hour_abs_10_amount: 8.39500
data_price_hour_rel_-02_amount: 7.86600
data_price_hour_abs_11_amount: 7.86600
data_price_hour_rel_-01_amount: 7.49500
data_price_hour_abs_12_amount: 7.49500
data_price_hour_rel_+00_amount: 7.78600
data_price_hour_abs_13_amount: 7.78600
data_price_hour_rel_+01_amount: 8.70700
data_price_hour_abs_14_amount: 8.70700
data_price_hour_rel_+02_amount: 9.39100
data_price_hour_abs_15_amount: 9.39100
data_price_hour_rel_+03_amount: 10.24600
data_price_hour_abs_16_amount: 10.24600
data_price_hour_rel_+04_amount: 12.33800
data_price_hour_abs_17_amount: 12.33800
data_price_hour_rel_+05_amount: 11.55400
data_price_hour_abs_18_amount: 11.55400
data_price_hour_rel_+06_amount: 9.87900
data_price_hour_abs_19_amount: 9.87900
data_price_hour_rel_+07_amount: 9.10700
data_price_hour_abs_20_amount: 9.10700
data_price_hour_rel_+08_amount: 8.63100
data_price_hour_abs_21_amount: 8.63100
data_price_hour_rel_+09_amount: 8.04300
data_price_hour_abs_22_amount: 8.04300
data_price_hour_rel_+10_amount: 7.51600
data_price_hour_abs_23_amount: 7.51600