date_now: 2024-03-11 13:20:37
date_now_epoch: 1710159637766
date_now_day: 11
date_now_month: 3
date_now_year: 2024
date_start: 2024-03-11 00:00:00
date_end: 2024-03-11 23:59:59
price_low: 4.89300
price_high: 10.80100
price_median: 7.23350
price_average: 7.16738
price_current: 6.62500
price_unit: Cent/kWh
price_threshold_00: 4.89300
price_threshold_01: 4.92800
price_threshold_02: 4.93300
price_threshold_03: 4.99900
price_threshold_04: 5.02100
price_threshold_05: 5.63000
price_threshold_06: 6.07900
price_threshold_07: 6.50300
price_threshold_08: 6.62500
price_threshold_09: 6.70000
price_threshold_10: 6.70800
price_threshold_11: 7.12000
price_threshold_12: 7.34700
price_threshold_13: 7.50400
price_threshold_14: 7.66400
price_threshold_15: 7.67100
price_threshold_16: 8.01900
price_threshold_17: 8.04500
price_threshold_18: 8.26000
price_threshold_19: 8.55900
price_threshold_20: 8.79900
price_threshold_21: 9.13900
price_threshold_22: 10.07000
price_threshold_23: 10.80100
data_price_hour_rel_-13_amount: 4.89300
data_price_hour_abs_00_amount: 4.89300
data_price_hour_rel_-12_amount: 4.93300
data_price_hour_abs_01_amount: 4.93300
data_price_hour_rel_-11_amount: 5.02100
data_price_hour_abs_02_amount: 5.02100
data_price_hour_rel_-10_amount: 4.92800
data_price_hour_abs_03_amount: 4.92800
data_price_hour_rel_-09_amount: 4.99900
data_price_hour_abs_04_amount: 4.99900
data_price_hour_rel_-08_amount: 5.63000
data_price_hour_abs_05_amount: 5.63000
data_price_hour_rel_-07_amount: 7.66400
data_price_hour_abs_06_amount: 7.66400
data_price_hour_rel_-06_amount: 8.26000
data_price_hour_abs_07_amount: 8.26000
data_price_hour_rel_-05_amount: 8.55900
data_price_hour_abs_08_amount: 8.55900
data_price_hour_rel_-04_amount: 8.04500
data_price_hour_abs_09_amount: 8.04500
data_price_hour_rel_-03_amount: 7.12000
data_price_hour_abs_10_amount: 7.12000
data_price_hour_rel_-02_amount: 6.50300
data_price_hour_abs_11_amount: 6.50300
data_price_hour_rel_-01_amount: 6.07900
data_price_hour_abs_12_amount: 6.07900
data_price_hour_rel_+00_amount: 6.62500
data_price_hour_abs_13_amount: 6.62500
data_price_hour_rel_+01_amount: 6.70000
data_price_hour_abs_14_amount: 6.70000
data_price_hour_rel_+02_amount: 7.34700
data_price_hour_abs_15_amount: 7.34700
data_price_hour_rel_+03_amount: 8.01900
data_price_hour_abs_16_amount: 8.01900
data_price_hour_rel_+04_amount: 9.13900
data_price_hour_abs_17_amount: 9.13900
data_price_hour_rel_+05_amount: 10.07000
data_price_hour_abs_18_amount: 10.07000
data_price_hour_rel_+06_amount: 10.80100
data_price_hour_abs_19_amount: 10.80100
data_price_hour_rel_+07_amount: 8.79900
data_price_hour_abs_20_amount: 8.79900
data_price_hour_rel_+08_amount: 7.67100
data_price_hour_abs_21_amount: 7.67100
data_price_hour_rel_+09_amount: 7.50400
data_price_hour_abs_22_amount: 7.50400
data_price_hour_rel_+10_amount: 6.70800
data_price_hour_abs_23_amount: 6.70800