date_now: 2024-11-28 13:30:55
date_now_epoch: 1732797055571
date_now_day: 28
date_now_month: 11
date_now_year: 2024
date_start: 2024-11-28 00:00:00
date_end: 2024-11-28 23:59:59
price_low: 3.16900
price_high: 15.82300
price_median: 9.82800
price_average: 9.60733
price_current: 9.66800
price_unit: Cent/kWh
price_threshold_00: 3.16900
price_threshold_01: 3.20800
price_threshold_02: 3.29500
price_threshold_03: 4.12100
price_threshold_04: 4.92100
price_threshold_05: 5.22900
price_threshold_06: 6.49800
price_threshold_07: 8.81300
price_threshold_08: 9.21000
price_threshold_09: 9.61600
price_threshold_10: 9.66800
price_threshold_11: 9.78600
price_threshold_12: 9.87000
price_threshold_13: 10.74100
price_threshold_14: 10.74100
price_threshold_15: 11.15900
price_threshold_16: 11.26000
price_threshold_17: 12.21600
price_threshold_18: 13.24900
price_threshold_19: 13.26200
price_threshold_20: 14.39700
price_threshold_21: 14.93300
price_threshold_22: 15.39100
price_threshold_23: 15.82300
data_price_hour_rel_-13_amount: 4.92100
data_price_hour_abs_00_amount: 4.92100
data_price_hour_rel_-12_amount: 4.12100
data_price_hour_abs_01_amount: 4.12100
data_price_hour_rel_-11_amount: 3.29500
data_price_hour_abs_02_amount: 3.29500
data_price_hour_rel_-10_amount: 3.20800
data_price_hour_abs_03_amount: 3.20800
data_price_hour_rel_-09_amount: 3.16900
data_price_hour_abs_04_amount: 3.16900
data_price_hour_rel_-08_amount: 5.22900
data_price_hour_abs_05_amount: 5.22900
data_price_hour_rel_-07_amount: 6.49800
data_price_hour_abs_06_amount: 6.49800
data_price_hour_rel_-06_amount: 8.81300
data_price_hour_abs_07_amount: 8.81300
data_price_hour_rel_-05_amount: 10.74100
data_price_hour_abs_08_amount: 10.74100
data_price_hour_rel_-04_amount: 10.74100
data_price_hour_abs_09_amount: 10.74100
data_price_hour_rel_-03_amount: 9.21000
data_price_hour_abs_10_amount: 9.21000
data_price_hour_rel_-02_amount: 9.87000
data_price_hour_abs_11_amount: 9.87000
data_price_hour_rel_-01_amount: 9.61600
data_price_hour_abs_12_amount: 9.61600
data_price_hour_rel_+00_amount: 9.66800
data_price_hour_abs_13_amount: 9.66800
data_price_hour_rel_+01_amount: 9.78600
data_price_hour_abs_14_amount: 9.78600
data_price_hour_rel_+02_amount: 11.15900
data_price_hour_abs_15_amount: 11.15900
data_price_hour_rel_+03_amount: 13.26200
data_price_hour_abs_16_amount: 13.26200
data_price_hour_rel_+04_amount: 14.93300
data_price_hour_abs_17_amount: 14.93300
data_price_hour_rel_+05_amount: 15.82300
data_price_hour_abs_18_amount: 15.82300
data_price_hour_rel_+06_amount: 15.39100
data_price_hour_abs_19_amount: 15.39100
data_price_hour_rel_+07_amount: 14.39700
data_price_hour_abs_20_amount: 14.39700
data_price_hour_rel_+08_amount: 13.24900
data_price_hour_abs_21_amount: 13.24900
data_price_hour_rel_+09_amount: 12.21600
data_price_hour_abs_22_amount: 12.21600
data_price_hour_rel_+10_amount: 11.26000
data_price_hour_abs_23_amount: 11.26000