date_now: 2024-04-23 14:21:55
date_now_epoch: 1713874915869
date_now_day: 23
date_now_month: 4
date_now_year: 2024
date_start: 2024-04-23 00:00:00
date_end: 2024-04-23 23:59:59
price_low: 7.72600
price_high: 18.12600
price_median: 8.75050
price_average: 9.77583
price_current: 7.86200
price_unit: Cent/kWh
price_threshold_00: 7.72600
price_threshold_01: 7.74600
price_threshold_02: 7.86200
price_threshold_03: 7.93800
price_threshold_04: 8.00200
price_threshold_05: 8.15500
price_threshold_06: 8.28700
price_threshold_07: 8.30200
price_threshold_08: 8.54200
price_threshold_09: 8.59500
price_threshold_10: 8.63500
price_threshold_11: 8.66900
price_threshold_12: 8.83200
price_threshold_13: 8.99700
price_threshold_14: 9.27300
price_threshold_15: 9.76900
price_threshold_16: 9.83800
price_threshold_17: 10.24000
price_threshold_18: 10.51000
price_threshold_19: 12.14000
price_threshold_20: 12.30100
price_threshold_21: 12.50700
price_threshold_22: 13.62800
price_threshold_23: 18.12600
data_price_hour_rel_-14_amount: 8.83200
data_price_hour_abs_00_amount: 8.83200
data_price_hour_rel_-13_amount: 8.66900
data_price_hour_abs_01_amount: 8.66900
data_price_hour_rel_-12_amount: 8.59500
data_price_hour_abs_02_amount: 8.59500
data_price_hour_rel_-11_amount: 8.54200
data_price_hour_abs_03_amount: 8.54200
data_price_hour_rel_-10_amount: 8.63500
data_price_hour_abs_04_amount: 8.63500
data_price_hour_rel_-09_amount: 9.76900
data_price_hour_abs_05_amount: 9.76900
data_price_hour_rel_-08_amount: 12.14000
data_price_hour_abs_06_amount: 12.14000
data_price_hour_rel_-07_amount: 18.12600
data_price_hour_abs_07_amount: 18.12600
data_price_hour_rel_-06_amount: 13.62800
data_price_hour_abs_08_amount: 13.62800
data_price_hour_rel_-05_amount: 9.83800
data_price_hour_abs_09_amount: 9.83800
data_price_hour_rel_-04_amount: 8.28700
data_price_hour_abs_10_amount: 8.28700
data_price_hour_rel_-03_amount: 7.72600
data_price_hour_abs_11_amount: 7.72600
data_price_hour_rel_-02_amount: 7.74600
data_price_hour_abs_12_amount: 7.74600
data_price_hour_rel_-01_amount: 7.93800
data_price_hour_abs_13_amount: 7.93800
data_price_hour_rel_+00_amount: 7.86200
data_price_hour_abs_14_amount: 7.86200
data_price_hour_rel_+01_amount: 8.00200
data_price_hour_abs_15_amount: 8.00200
data_price_hour_rel_+02_amount: 8.30200
data_price_hour_abs_16_amount: 8.30200
data_price_hour_rel_+03_amount: 8.99700
data_price_hour_abs_17_amount: 8.99700
data_price_hour_rel_+04_amount: 10.24000
data_price_hour_abs_18_amount: 10.24000
data_price_hour_rel_+05_amount: 12.30100
data_price_hour_abs_19_amount: 12.30100
data_price_hour_rel_+06_amount: 12.50700
data_price_hour_abs_20_amount: 12.50700
data_price_hour_rel_+07_amount: 10.51000
data_price_hour_abs_21_amount: 10.51000
data_price_hour_rel_+08_amount: 9.27300
data_price_hour_abs_22_amount: 9.27300
data_price_hour_rel_+09_amount: 8.15500
data_price_hour_abs_23_amount: 8.15500