date_now: 2024-05-20 14:24:54
date_now_epoch: 1716207894536
date_now_day: 20
date_now_month: 5
date_now_year: 2024
date_start: 2024-05-20 00:00:00
date_end: 2024-05-20 23:59:59
price_low: -0.03300
price_high: 13.59000
price_median: 8.42900
price_average: 6.49792
price_current: -0.03300
price_unit: Cent/kWh
price_threshold_00: -0.03300
price_threshold_01: -0.00700
price_threshold_02: 0.00000
price_threshold_03: 0.08900
price_threshold_04: 0.24100
price_threshold_05: 0.60600
price_threshold_06: 1.24100
price_threshold_07: 3.28000
price_threshold_08: 6.41700
price_threshold_09: 7.22400
price_threshold_10: 7.98600
price_threshold_11: 8.26400
price_threshold_12: 8.59400
price_threshold_13: 8.60900
price_threshold_14: 8.67300
price_threshold_15: 8.82100
price_threshold_16: 9.10900
price_threshold_17: 9.14600
price_threshold_18: 9.66300
price_threshold_19: 10.47200
price_threshold_20: 10.56900
price_threshold_21: 11.36300
price_threshold_22: 12.03300
price_threshold_23: 13.59000
data_price_hour_rel_-14_amount: 9.10900
data_price_hour_abs_00_amount: 9.10900
data_price_hour_rel_-13_amount: 8.26400
data_price_hour_abs_01_amount: 8.26400
data_price_hour_rel_-12_amount: 8.67300
data_price_hour_abs_02_amount: 8.67300
data_price_hour_rel_-11_amount: 8.60900
data_price_hour_abs_03_amount: 8.60900
data_price_hour_rel_-10_amount: 8.82100
data_price_hour_abs_04_amount: 8.82100
data_price_hour_rel_-09_amount: 9.14600
data_price_hour_abs_05_amount: 9.14600
data_price_hour_rel_-08_amount: 10.47200
data_price_hour_abs_06_amount: 10.47200
data_price_hour_rel_-07_amount: 10.56900
data_price_hour_abs_07_amount: 10.56900
data_price_hour_rel_-06_amount: 7.22400
data_price_hour_abs_08_amount: 7.22400
data_price_hour_rel_-05_amount: 3.28000
data_price_hour_abs_09_amount: 3.28000
data_price_hour_rel_-04_amount: 1.24100
data_price_hour_abs_10_amount: 1.24100
data_price_hour_rel_-03_amount: 0.60600
data_price_hour_abs_11_amount: 0.60600
data_price_hour_rel_-02_amount: 0.24100
data_price_hour_abs_12_amount: 0.24100
data_price_hour_rel_-01_amount: 0.00000
data_price_hour_abs_13_amount: 0.00000
data_price_hour_rel_+00_amount: -0.03300
data_price_hour_abs_14_amount: -0.03300
data_price_hour_rel_+01_amount: -0.00700
data_price_hour_abs_15_amount: -0.00700
data_price_hour_rel_+02_amount: 0.08900
data_price_hour_abs_16_amount: 0.08900
data_price_hour_rel_+03_amount: 6.41700
data_price_hour_abs_17_amount: 6.41700
data_price_hour_rel_+04_amount: 8.59400
data_price_hour_abs_18_amount: 8.59400
data_price_hour_rel_+05_amount: 11.36300
data_price_hour_abs_19_amount: 11.36300
data_price_hour_rel_+06_amount: 13.59000
data_price_hour_abs_20_amount: 13.59000
data_price_hour_rel_+07_amount: 12.03300
data_price_hour_abs_21_amount: 12.03300
data_price_hour_rel_+08_amount: 9.66300
data_price_hour_abs_22_amount: 9.66300
data_price_hour_rel_+09_amount: 7.98600
data_price_hour_abs_23_amount: 7.98600