date_now: 2024-09-21 14:24:38
date_now_epoch: 1726921478701
date_now_day: 21
date_now_month: 9
date_now_year: 2024
date_start: 2024-09-21 00:00:00
date_end: 2024-09-21 23:59:59
price_low: -0.39500
price_high: 14.19900
price_median: 8.58400
price_average: 7.00242
price_current: -0.39500
price_unit: Cent/kWh
price_threshold_00: -0.39500
price_threshold_01: -0.33600
price_threshold_02: 0.00000
price_threshold_03: 0.10900
price_threshold_04: 0.31500
price_threshold_05: 2.20000
price_threshold_06: 4.72600
price_threshold_07: 6.09900
price_threshold_08: 8.20000
price_threshold_09: 8.21900
price_threshold_10: 8.53000
price_threshold_11: 8.53000
price_threshold_12: 8.63800
price_threshold_13: 8.82900
price_threshold_14: 8.83000
price_threshold_15: 8.94800
price_threshold_16: 9.36000
price_threshold_17: 9.59300
price_threshold_18: 9.71900
price_threshold_19: 9.77600
price_threshold_20: 9.96900
price_threshold_21: 11.25000
price_threshold_22: 12.75000
price_threshold_23: 14.19900
data_price_hour_rel_-14_amount: 8.82900
data_price_hour_abs_00_amount: 8.82900
data_price_hour_rel_-13_amount: 8.53000
data_price_hour_abs_01_amount: 8.53000
data_price_hour_rel_-12_amount: 8.20000
data_price_hour_abs_02_amount: 8.20000
data_price_hour_rel_-11_amount: 8.21900
data_price_hour_abs_03_amount: 8.21900
data_price_hour_rel_-10_amount: 8.63800
data_price_hour_abs_04_amount: 8.63800
data_price_hour_rel_-09_amount: 8.94800
data_price_hour_abs_05_amount: 8.94800
data_price_hour_rel_-08_amount: 9.96900
data_price_hour_abs_06_amount: 9.96900
data_price_hour_rel_-07_amount: 9.77600
data_price_hour_abs_07_amount: 9.77600
data_price_hour_rel_-06_amount: 8.53000
data_price_hour_abs_08_amount: 8.53000
data_price_hour_rel_-05_amount: 6.09900
data_price_hour_abs_09_amount: 6.09900
data_price_hour_rel_-04_amount: 2.20000
data_price_hour_abs_10_amount: 2.20000
data_price_hour_rel_-03_amount: 0.31500
data_price_hour_abs_11_amount: 0.31500
data_price_hour_rel_-02_amount: 0.00000
data_price_hour_abs_12_amount: 0.00000
data_price_hour_rel_-01_amount: -0.33600
data_price_hour_abs_13_amount: -0.33600
data_price_hour_rel_+00_amount: -0.39500
data_price_hour_abs_14_amount: -0.39500
data_price_hour_rel_+01_amount: 0.10900
data_price_hour_abs_15_amount: 0.10900
data_price_hour_rel_+02_amount: 4.72600
data_price_hour_abs_16_amount: 4.72600
data_price_hour_rel_+03_amount: 9.71900
data_price_hour_abs_17_amount: 9.71900
data_price_hour_rel_+04_amount: 12.75000
data_price_hour_abs_18_amount: 12.75000
data_price_hour_rel_+05_amount: 14.19900
data_price_hour_abs_19_amount: 14.19900
data_price_hour_rel_+06_amount: 11.25000
data_price_hour_abs_20_amount: 11.25000
data_price_hour_rel_+07_amount: 9.59300
data_price_hour_abs_21_amount: 9.59300
data_price_hour_rel_+08_amount: 9.36000
data_price_hour_abs_22_amount: 9.36000
data_price_hour_rel_+09_amount: 8.83000
data_price_hour_abs_23_amount: 8.83000