date_now: 2024-10-28 13:29:41
date_now_epoch: 1730118581281
date_now_day: 28
date_now_month: 10
date_now_year: 2024
date_start: 2024-10-28 00:00:00
date_end: 2024-10-28 23:59:59
price_low: 8.40900
price_high: 14.88000
price_median: 10.99400
price_average: 11.13471
price_current: 10.13300
price_unit: Cent/kWh
price_threshold_00: 8.40900
price_threshold_01: 8.62600
price_threshold_02: 8.87400
price_threshold_03: 9.43700
price_threshold_04: 9.49300
price_threshold_05: 9.56000
price_threshold_06: 9.76100
price_threshold_07: 9.83100
price_threshold_08: 9.99300
price_threshold_09: 10.13300
price_threshold_10: 10.24100
price_threshold_11: 10.99200
price_threshold_12: 10.99600
price_threshold_13: 11.39300
price_threshold_14: 11.55900
price_threshold_15: 11.61800
price_threshold_16: 12.13600
price_threshold_17: 12.41900
price_threshold_18: 12.42000
price_threshold_19: 12.73800
price_threshold_20: 13.00100
price_threshold_21: 14.11100
price_threshold_22: 14.61200
price_threshold_23: 14.88000
data_price_hour_rel_-13_amount: 9.56000
data_price_hour_abs_00_amount: 9.56000
data_price_hour_rel_-12_amount: 9.43700
data_price_hour_abs_01_amount: 9.43700
data_price_hour_rel_-11_amount: 8.87400
data_price_hour_abs_02_amount: 8.87400
data_price_hour_rel_-10_amount: 8.40900
data_price_hour_abs_03_amount: 8.40900
data_price_hour_rel_-09_amount: 8.62600
data_price_hour_abs_04_amount: 8.62600
data_price_hour_rel_-08_amount: 9.99300
data_price_hour_abs_05_amount: 9.99300
data_price_hour_rel_-07_amount: 10.99200
data_price_hour_abs_06_amount: 10.99200
data_price_hour_rel_-06_amount: 13.00100
data_price_hour_abs_07_amount: 13.00100
data_price_hour_rel_-05_amount: 12.73800
data_price_hour_abs_08_amount: 12.73800
data_price_hour_rel_-04_amount: 11.61800
data_price_hour_abs_09_amount: 11.61800
data_price_hour_rel_-03_amount: 9.76100
data_price_hour_abs_10_amount: 9.76100
data_price_hour_rel_-02_amount: 9.83100
data_price_hour_abs_11_amount: 9.83100
data_price_hour_rel_-01_amount: 9.49300
data_price_hour_abs_12_amount: 9.49300
data_price_hour_rel_+00_amount: 10.13300
data_price_hour_abs_13_amount: 10.13300
data_price_hour_rel_+01_amount: 11.39300
data_price_hour_abs_14_amount: 11.39300
data_price_hour_rel_+02_amount: 12.13600
data_price_hour_abs_15_amount: 12.13600
data_price_hour_rel_+03_amount: 12.42000
data_price_hour_abs_16_amount: 12.42000
data_price_hour_rel_+04_amount: 14.11100
data_price_hour_abs_17_amount: 14.11100
data_price_hour_rel_+05_amount: 14.88000
data_price_hour_abs_18_amount: 14.88000
data_price_hour_rel_+06_amount: 14.61200
data_price_hour_abs_19_amount: 14.61200
data_price_hour_rel_+07_amount: 12.41900
data_price_hour_abs_20_amount: 12.41900
data_price_hour_rel_+08_amount: 11.55900
data_price_hour_abs_21_amount: 11.55900
data_price_hour_rel_+09_amount: 10.99600
data_price_hour_abs_22_amount: 10.99600
data_price_hour_rel_+10_amount: 10.24100
data_price_hour_abs_23_amount: 10.24100