date_now: 2024-08-28 14:26:53
date_now_epoch: 1724848013887
date_now_day: 28
date_now_month: 8
date_now_year: 2024
date_start: 2024-08-28 00:00:00
date_end: 2024-08-28 23:59:59
price_low: 0.81700
price_high: 20.40300
price_median: 9.20450
price_average: 9.59225
price_current: 0.81700
price_unit: Cent/kWh
price_threshold_00: 0.81700
price_threshold_01: 1.04000
price_threshold_02: 3.51400
price_threshold_03: 5.48400
price_threshold_04: 6.87800
price_threshold_05: 7.85600
price_threshold_06: 8.74800
price_threshold_07: 8.75600
price_threshold_08: 8.92000
price_threshold_09: 9.04700
price_threshold_10: 9.13100
price_threshold_11: 9.17400
price_threshold_12: 9.23500
price_threshold_13: 9.23700
price_threshold_14: 9.97000
price_threshold_15: 10.54000
price_threshold_16: 11.15700
price_threshold_17: 11.17600
price_threshold_18: 11.49900
price_threshold_19: 12.10000
price_threshold_20: 12.48400
price_threshold_21: 12.85700
price_threshold_22: 20.19100
price_threshold_23: 20.40300
data_price_hour_rel_-14_amount: 9.04700
data_price_hour_abs_00_amount: 9.04700
data_price_hour_rel_-13_amount: 9.13100
data_price_hour_abs_01_amount: 9.13100
data_price_hour_rel_-12_amount: 8.74800
data_price_hour_abs_02_amount: 8.74800
data_price_hour_rel_-11_amount: 8.92000
data_price_hour_abs_03_amount: 8.92000
data_price_hour_rel_-10_amount: 9.17400
data_price_hour_abs_04_amount: 9.17400
data_price_hour_rel_-09_amount: 9.23500
data_price_hour_abs_05_amount: 9.23500
data_price_hour_rel_-08_amount: 11.49900
data_price_hour_abs_06_amount: 11.49900
data_price_hour_rel_-07_amount: 12.85700
data_price_hour_abs_07_amount: 12.85700
data_price_hour_rel_-06_amount: 12.10000
data_price_hour_abs_08_amount: 12.10000
data_price_hour_rel_-05_amount: 10.54000
data_price_hour_abs_09_amount: 10.54000
data_price_hour_rel_-04_amount: 8.75600
data_price_hour_abs_10_amount: 8.75600
data_price_hour_rel_-03_amount: 6.87800
data_price_hour_abs_11_amount: 6.87800
data_price_hour_rel_-02_amount: 3.51400
data_price_hour_abs_12_amount: 3.51400
data_price_hour_rel_-01_amount: 1.04000
data_price_hour_abs_13_amount: 1.04000
data_price_hour_rel_+00_amount: 0.81700
data_price_hour_abs_14_amount: 0.81700
data_price_hour_rel_+01_amount: 5.48400
data_price_hour_abs_15_amount: 5.48400
data_price_hour_rel_+02_amount: 7.85600
data_price_hour_abs_16_amount: 7.85600
data_price_hour_rel_+03_amount: 9.23700
data_price_hour_abs_17_amount: 9.23700
data_price_hour_rel_+04_amount: 11.15700
data_price_hour_abs_18_amount: 11.15700
data_price_hour_rel_+05_amount: 20.19100
data_price_hour_abs_19_amount: 20.19100
data_price_hour_rel_+06_amount: 20.40300
data_price_hour_abs_20_amount: 20.40300
data_price_hour_rel_+07_amount: 12.48400
data_price_hour_abs_21_amount: 12.48400
data_price_hour_rel_+08_amount: 11.17600
data_price_hour_abs_22_amount: 11.17600
data_price_hour_rel_+09_amount: 9.97000
data_price_hour_abs_23_amount: 9.97000