date_now: 2024-12-19 13:30:16
date_now_epoch: 1734611416710
date_now_day: 19
date_now_month: 12
date_now_year: 2024
date_start: 2024-12-19 00:00:00
date_end: 2024-12-19 23:59:59
price_low: 0.03100
price_high: 9.25800
price_median: 6.80600
price_average: 5.20321
price_current: 7.04000
price_unit: Cent/kWh
price_threshold_00: 0.03100
price_threshold_01: 0.12500
price_threshold_02: 0.20000
price_threshold_03: 0.54500
price_threshold_04: 0.85700
price_threshold_05: 1.12800
price_threshold_06: 1.32300
price_threshold_07: 5.39500
price_threshold_08: 5.50100
price_threshold_09: 6.58400
price_threshold_10: 6.74400
price_threshold_11: 6.77000
price_threshold_12: 6.84200
price_threshold_13: 6.97200
price_threshold_14: 6.97200
price_threshold_15: 6.97200
price_threshold_16: 7.00000
price_threshold_17: 7.04000
price_threshold_18: 7.04700
price_threshold_19: 7.14600
price_threshold_20: 7.53700
price_threshold_21: 8.15200
price_threshold_22: 8.73600
price_threshold_23: 9.25800
data_price_hour_rel_-13_amount: 1.12800
data_price_hour_abs_00_amount: 1.12800
data_price_hour_rel_-12_amount: 1.32300
data_price_hour_abs_01_amount: 1.32300
data_price_hour_rel_-11_amount: 0.54500
data_price_hour_abs_02_amount: 0.54500
data_price_hour_rel_-10_amount: 0.12500
data_price_hour_abs_03_amount: 0.12500
data_price_hour_rel_-09_amount: 0.03100
data_price_hour_abs_04_amount: 0.03100
data_price_hour_rel_-08_amount: 0.20000
data_price_hour_abs_05_amount: 0.20000
data_price_hour_rel_-07_amount: 0.85700
data_price_hour_abs_06_amount: 0.85700
data_price_hour_rel_-06_amount: 5.39500
data_price_hour_abs_07_amount: 5.39500
data_price_hour_rel_-05_amount: 6.74400
data_price_hour_abs_08_amount: 6.74400
data_price_hour_rel_-04_amount: 6.84200
data_price_hour_abs_09_amount: 6.84200
data_price_hour_rel_-03_amount: 6.58400
data_price_hour_abs_10_amount: 6.58400
data_price_hour_rel_-02_amount: 6.77000
data_price_hour_abs_11_amount: 6.77000
data_price_hour_rel_-01_amount: 6.97200
data_price_hour_abs_12_amount: 6.97200
data_price_hour_rel_+00_amount: 7.04000
data_price_hour_abs_13_amount: 7.04000
data_price_hour_rel_+01_amount: 6.97200
data_price_hour_abs_14_amount: 6.97200
data_price_hour_rel_+02_amount: 7.04700
data_price_hour_abs_15_amount: 7.04700
data_price_hour_rel_+03_amount: 7.14600
data_price_hour_abs_16_amount: 7.14600
data_price_hour_rel_+04_amount: 8.15200
data_price_hour_abs_17_amount: 8.15200
data_price_hour_rel_+05_amount: 9.25800
data_price_hour_abs_18_amount: 9.25800
data_price_hour_rel_+06_amount: 8.73600
data_price_hour_abs_19_amount: 8.73600
data_price_hour_rel_+07_amount: 7.53700
data_price_hour_abs_20_amount: 7.53700
data_price_hour_rel_+08_amount: 7.00000
data_price_hour_abs_21_amount: 7.00000
data_price_hour_rel_+09_amount: 6.97200
data_price_hour_abs_22_amount: 6.97200
data_price_hour_rel_+10_amount: 5.50100
data_price_hour_abs_23_amount: 5.50100