date_now: 2024-07-29 14:25:11
date_now_epoch: 1722255911832
date_now_day: 29
date_now_month: 7
date_now_year: 2024
date_start: 2024-07-29 00:00:00
date_end: 2024-07-29 23:59:59
price_low: -0.17000
price_high: 17.80700
price_median: 7.79400
price_average: 7.16200
price_current: -0.09800
price_unit: Cent/kWh
price_threshold_00: -0.17000
price_threshold_01: -0.09800
price_threshold_02: -0.01900
price_threshold_03: -0.01600
price_threshold_04: -0.00700
price_threshold_05: 1.05800
price_threshold_06: 1.37400
price_threshold_07: 6.36600
price_threshold_08: 6.44800
price_threshold_09: 7.22500
price_threshold_10: 7.60300
price_threshold_11: 7.62900
price_threshold_12: 7.95900
price_threshold_13: 8.00000
price_threshold_14: 9.02000
price_threshold_15: 9.69100
price_threshold_16: 9.84600
price_threshold_17: 10.13000
price_threshold_18: 10.78000
price_threshold_19: 12.16600
price_threshold_20: 12.32400
price_threshold_21: 13.27200
price_threshold_22: 13.50000
price_threshold_23: 17.80700
data_price_hour_rel_-14_amount: 7.95900
data_price_hour_abs_00_amount: 7.95900
data_price_hour_rel_-13_amount: 7.60300
data_price_hour_abs_01_amount: 7.60300
data_price_hour_rel_-12_amount: 7.22500
data_price_hour_abs_02_amount: 7.22500
data_price_hour_rel_-11_amount: 7.62900
data_price_hour_abs_03_amount: 7.62900
data_price_hour_rel_-10_amount: 8.00000
data_price_hour_abs_04_amount: 8.00000
data_price_hour_rel_-09_amount: 10.13000
data_price_hour_abs_05_amount: 10.13000
data_price_hour_rel_-08_amount: 13.50000
data_price_hour_abs_06_amount: 13.50000
data_price_hour_rel_-07_amount: 12.16600
data_price_hour_abs_07_amount: 12.16600
data_price_hour_rel_-06_amount: 9.84600
data_price_hour_abs_08_amount: 9.84600
data_price_hour_rel_-05_amount: 6.36600
data_price_hour_abs_09_amount: 6.36600
data_price_hour_rel_-04_amount: 1.05800
data_price_hour_abs_10_amount: 1.05800
data_price_hour_rel_-03_amount: -0.01600
data_price_hour_abs_11_amount: -0.01600
data_price_hour_rel_-02_amount: -0.01900
data_price_hour_abs_12_amount: -0.01900
data_price_hour_rel_-01_amount: -0.17000
data_price_hour_abs_13_amount: -0.17000
data_price_hour_rel_+00_amount: -0.09800
data_price_hour_abs_14_amount: -0.09800
data_price_hour_rel_+01_amount: -0.00700
data_price_hour_abs_15_amount: -0.00700
data_price_hour_rel_+02_amount: 1.37400
data_price_hour_abs_16_amount: 1.37400
data_price_hour_rel_+03_amount: 6.44800
data_price_hour_abs_17_amount: 6.44800
data_price_hour_rel_+04_amount: 9.69100
data_price_hour_abs_18_amount: 9.69100
data_price_hour_rel_+05_amount: 12.32400
data_price_hour_abs_19_amount: 12.32400
data_price_hour_rel_+06_amount: 17.80700
data_price_hour_abs_20_amount: 17.80700
data_price_hour_rel_+07_amount: 13.27200
data_price_hour_abs_21_amount: 13.27200
data_price_hour_rel_+08_amount: 10.78000
data_price_hour_abs_22_amount: 10.78000
data_price_hour_rel_+09_amount: 9.02000
data_price_hour_abs_23_amount: 9.02000