date_now: 2024-01-18 13:22:05
date_now_epoch: 1705580525665
date_now_day: 18
date_now_month: 1
date_now_year: 2024
date_start: 2024-01-18 00:00:00
date_end: 2024-01-18 23:59:59
price_low: 7.36100
price_high: 12.58900
price_median: 8.95300
price_average: 9.27363
price_current: 8.76200
price_unit: Cent/kWh
price_threshold_00: 7.36100
price_threshold_01: 7.49100
price_threshold_02: 7.52900
price_threshold_03: 7.72000
price_threshold_04: 7.75700
price_threshold_05: 8.09300
price_threshold_06: 8.10000
price_threshold_07: 8.13300
price_threshold_08: 8.31200
price_threshold_09: 8.64300
price_threshold_10: 8.69700
price_threshold_11: 8.76200
price_threshold_12: 9.14400
price_threshold_13: 9.35500
price_threshold_14: 9.42500
price_threshold_15: 9.45300
price_threshold_16: 9.95200
price_threshold_17: 10.32600
price_threshold_18: 10.46800
price_threshold_19: 10.79500
price_threshold_20: 11.09000
price_threshold_21: 11.15500
price_threshold_22: 12.21700
price_threshold_23: 12.58900
data_price_hour_rel_-13_amount: 8.13300
data_price_hour_abs_00_amount: 8.13300
data_price_hour_rel_-12_amount: 7.72000
data_price_hour_abs_01_amount: 7.72000
data_price_hour_rel_-11_amount: 7.52900
data_price_hour_abs_02_amount: 7.52900
data_price_hour_rel_-10_amount: 7.49100
data_price_hour_abs_03_amount: 7.49100
data_price_hour_rel_-09_amount: 7.75700
data_price_hour_abs_04_amount: 7.75700
data_price_hour_rel_-08_amount: 8.10000
data_price_hour_abs_05_amount: 8.10000
data_price_hour_rel_-07_amount: 9.14400
data_price_hour_abs_06_amount: 9.14400
data_price_hour_rel_-06_amount: 11.15500
data_price_hour_abs_07_amount: 11.15500
data_price_hour_rel_-05_amount: 12.58900
data_price_hour_abs_08_amount: 12.58900
data_price_hour_rel_-04_amount: 12.21700
data_price_hour_abs_09_amount: 12.21700
data_price_hour_rel_-03_amount: 11.09000
data_price_hour_abs_10_amount: 11.09000
data_price_hour_rel_-02_amount: 10.79500
data_price_hour_abs_11_amount: 10.79500
data_price_hour_rel_-01_amount: 9.35500
data_price_hour_abs_12_amount: 9.35500
data_price_hour_rel_+00_amount: 8.76200
data_price_hour_abs_13_amount: 8.76200
data_price_hour_rel_+01_amount: 8.64300
data_price_hour_abs_14_amount: 8.64300
data_price_hour_rel_+02_amount: 9.42500
data_price_hour_abs_15_amount: 9.42500
data_price_hour_rel_+03_amount: 9.95200
data_price_hour_abs_16_amount: 9.95200
data_price_hour_rel_+04_amount: 10.46800
data_price_hour_abs_17_amount: 10.46800
data_price_hour_rel_+05_amount: 10.32600
data_price_hour_abs_18_amount: 10.32600
data_price_hour_rel_+06_amount: 9.45300
data_price_hour_abs_19_amount: 9.45300
data_price_hour_rel_+07_amount: 8.69700
data_price_hour_abs_20_amount: 8.69700
data_price_hour_rel_+08_amount: 8.31200
data_price_hour_abs_21_amount: 8.31200
data_price_hour_rel_+09_amount: 8.09300
data_price_hour_abs_22_amount: 8.09300
data_price_hour_rel_+10_amount: 7.36100
data_price_hour_abs_23_amount: 7.36100