date_now: 2024-02-26 13:20:11
date_now_epoch: 1708950011751
date_now_day: 26
date_now_month: 2
date_now_year: 2024
date_start: 2024-02-26 00:00:00
date_end: 2024-02-26 23:59:59
price_low: 5.18000
price_high: 8.53200
price_median: 6.51200
price_average: 6.62683
price_current: 5.81900
price_unit: Cent/kWh
price_threshold_00: 5.18000
price_threshold_01: 5.33000
price_threshold_02: 5.57000
price_threshold_03: 5.68200
price_threshold_04: 5.78300
price_threshold_05: 5.79200
price_threshold_06: 5.81900
price_threshold_07: 5.84200
price_threshold_08: 6.07600
price_threshold_09: 6.12900
price_threshold_10: 6.49500
price_threshold_11: 6.50300
price_threshold_12: 6.52100
price_threshold_13: 6.56900
price_threshold_14: 6.66500
price_threshold_15: 6.99900
price_threshold_16: 7.00200
price_threshold_17: 7.22100
price_threshold_18: 7.38300
price_threshold_19: 7.70000
price_threshold_20: 7.99000
price_threshold_21: 8.10100
price_threshold_22: 8.16000
price_threshold_23: 8.53200
data_price_hour_rel_-13_amount: 5.78300
data_price_hour_abs_00_amount: 5.78300
data_price_hour_rel_-12_amount: 5.68200
data_price_hour_abs_01_amount: 5.68200
data_price_hour_rel_-11_amount: 5.57000
data_price_hour_abs_02_amount: 5.57000
data_price_hour_rel_-10_amount: 5.18000
data_price_hour_abs_03_amount: 5.18000
data_price_hour_rel_-09_amount: 5.33000
data_price_hour_abs_04_amount: 5.33000
data_price_hour_rel_-08_amount: 5.79200
data_price_hour_abs_05_amount: 5.79200
data_price_hour_rel_-07_amount: 7.00200
data_price_hour_abs_06_amount: 7.00200
data_price_hour_rel_-06_amount: 7.99000
data_price_hour_abs_07_amount: 7.99000
data_price_hour_rel_-05_amount: 8.16000
data_price_hour_abs_08_amount: 8.16000
data_price_hour_rel_-04_amount: 7.38300
data_price_hour_abs_09_amount: 7.38300
data_price_hour_rel_-03_amount: 6.66500
data_price_hour_abs_10_amount: 6.66500
data_price_hour_rel_-02_amount: 6.50300
data_price_hour_abs_11_amount: 6.50300
data_price_hour_rel_-01_amount: 5.84200
data_price_hour_abs_12_amount: 5.84200
data_price_hour_rel_+00_amount: 5.81900
data_price_hour_abs_13_amount: 5.81900
data_price_hour_rel_+01_amount: 6.12900
data_price_hour_abs_14_amount: 6.12900
data_price_hour_rel_+02_amount: 6.49500
data_price_hour_abs_15_amount: 6.49500
data_price_hour_rel_+03_amount: 6.99900
data_price_hour_abs_16_amount: 6.99900
data_price_hour_rel_+04_amount: 7.70000
data_price_hour_abs_17_amount: 7.70000
data_price_hour_rel_+05_amount: 8.53200
data_price_hour_abs_18_amount: 8.53200
data_price_hour_rel_+06_amount: 8.10100
data_price_hour_abs_19_amount: 8.10100
data_price_hour_rel_+07_amount: 7.22100
data_price_hour_abs_20_amount: 7.22100
data_price_hour_rel_+08_amount: 6.56900
data_price_hour_abs_21_amount: 6.56900
data_price_hour_rel_+09_amount: 6.52100
data_price_hour_abs_22_amount: 6.52100
data_price_hour_rel_+10_amount: 6.07600
data_price_hour_abs_23_amount: 6.07600