date_now: 2024-06-27 14:24:05
date_now_epoch: 1719491045105
date_now_day: 27
date_now_month: 6
date_now_year: 2024
date_start: 2024-06-27 00:00:00
date_end: 2024-06-27 23:59:59
price_low: 4.45600
price_high: 20.00400
price_median: 8.39100
price_average: 9.17904
price_current: 4.45600
price_unit: Cent/kWh
price_threshold_00: 4.45600
price_threshold_01: 4.53100
price_threshold_02: 4.83900
price_threshold_03: 4.88200
price_threshold_04: 5.24000
price_threshold_05: 6.19200
price_threshold_06: 6.67400
price_threshold_07: 7.55900
price_threshold_08: 7.87900
price_threshold_09: 7.95300
price_threshold_10: 8.04000
price_threshold_11: 8.28400
price_threshold_12: 8.49800
price_threshold_13: 8.69000
price_threshold_14: 8.88700
price_threshold_15: 9.60000
price_threshold_16: 10.18000
price_threshold_17: 11.00800
price_threshold_18: 11.50000
price_threshold_19: 11.75100
price_threshold_20: 12.51100
price_threshold_21: 12.52100
price_threshold_22: 18.61800
price_threshold_23: 20.00400
data_price_hour_rel_-14_amount: 9.60000
data_price_hour_abs_00_amount: 9.60000
data_price_hour_rel_-13_amount: 8.69000
data_price_hour_abs_01_amount: 8.69000
data_price_hour_rel_-12_amount: 8.04000
data_price_hour_abs_02_amount: 8.04000
data_price_hour_rel_-11_amount: 8.28400
data_price_hour_abs_03_amount: 8.28400
data_price_hour_rel_-10_amount: 7.87900
data_price_hour_abs_04_amount: 7.87900
data_price_hour_rel_-09_amount: 8.49800
data_price_hour_abs_05_amount: 8.49800
data_price_hour_rel_-08_amount: 11.75100
data_price_hour_abs_06_amount: 11.75100
data_price_hour_rel_-07_amount: 12.51100
data_price_hour_abs_07_amount: 12.51100
data_price_hour_rel_-06_amount: 11.50000
data_price_hour_abs_08_amount: 11.50000
data_price_hour_rel_-05_amount: 8.88700
data_price_hour_abs_09_amount: 8.88700
data_price_hour_rel_-04_amount: 6.67400
data_price_hour_abs_10_amount: 6.67400
data_price_hour_rel_-03_amount: 5.24000
data_price_hour_abs_11_amount: 5.24000
data_price_hour_rel_-02_amount: 4.88200
data_price_hour_abs_12_amount: 4.88200
data_price_hour_rel_-01_amount: 4.53100
data_price_hour_abs_13_amount: 4.53100
data_price_hour_rel_+00_amount: 4.45600
data_price_hour_abs_14_amount: 4.45600
data_price_hour_rel_+01_amount: 4.83900
data_price_hour_abs_15_amount: 4.83900
data_price_hour_rel_+02_amount: 6.19200
data_price_hour_abs_16_amount: 6.19200
data_price_hour_rel_+03_amount: 7.55900
data_price_hour_abs_17_amount: 7.55900
data_price_hour_rel_+04_amount: 7.95300
data_price_hour_abs_18_amount: 7.95300
data_price_hour_rel_+05_amount: 11.00800
data_price_hour_abs_19_amount: 11.00800
data_price_hour_rel_+06_amount: 20.00400
data_price_hour_abs_20_amount: 20.00400
data_price_hour_rel_+07_amount: 18.61800
data_price_hour_abs_21_amount: 18.61800
data_price_hour_rel_+08_amount: 12.52100
data_price_hour_abs_22_amount: 12.52100
data_price_hour_rel_+09_amount: 10.18000
data_price_hour_abs_23_amount: 10.18000