date_now: 2024-06-21 14:23:07
date_now_epoch: 1718972587784
date_now_day: 21
date_now_month: 6
date_now_year: 2024
date_start: 2024-06-21 00:00:00
date_end: 2024-06-21 23:59:59
price_low: 7.82200
price_high: 12.28000
price_median: 9.33800
price_average: 9.71383
price_current: 7.82200
price_unit: Cent/kWh
price_threshold_00: 7.82200
price_threshold_01: 8.20300
price_threshold_02: 8.21400
price_threshold_03: 8.26800
price_threshold_04: 8.61400
price_threshold_05: 8.63100
price_threshold_06: 8.78300
price_threshold_07: 8.85400
price_threshold_08: 8.88500
price_threshold_09: 8.99400
price_threshold_10: 8.99500
price_threshold_11: 9.07700
price_threshold_12: 9.59900
price_threshold_13: 9.69200
price_threshold_14: 10.06500
price_threshold_15: 10.06500
price_threshold_16: 10.08100
price_threshold_17: 10.52600
price_threshold_18: 11.00000
price_threshold_19: 11.16700
price_threshold_20: 11.44000
price_threshold_21: 11.69300
price_threshold_22: 12.18400
price_threshold_23: 12.28000
data_price_hour_rel_-14_amount: 10.08100
data_price_hour_abs_00_amount: 10.08100
data_price_hour_rel_-13_amount: 9.07700
data_price_hour_abs_01_amount: 9.07700
data_price_hour_rel_-12_amount: 8.99500
data_price_hour_abs_02_amount: 8.99500
data_price_hour_rel_-11_amount: 8.78300
data_price_hour_abs_03_amount: 8.78300
data_price_hour_rel_-10_amount: 8.63100
data_price_hour_abs_04_amount: 8.63100
data_price_hour_rel_-09_amount: 8.61400
data_price_hour_abs_05_amount: 8.61400
data_price_hour_rel_-08_amount: 9.69200
data_price_hour_abs_06_amount: 9.69200
data_price_hour_rel_-07_amount: 12.28000
data_price_hour_abs_07_amount: 12.28000
data_price_hour_rel_-06_amount: 12.18400
data_price_hour_abs_08_amount: 12.18400
data_price_hour_rel_-05_amount: 11.16700
data_price_hour_abs_09_amount: 11.16700
data_price_hour_rel_-04_amount: 10.06500
data_price_hour_abs_10_amount: 10.06500
data_price_hour_rel_-03_amount: 8.99400
data_price_hour_abs_11_amount: 8.99400
data_price_hour_rel_-02_amount: 8.85400
data_price_hour_abs_12_amount: 8.85400
data_price_hour_rel_-01_amount: 8.26800
data_price_hour_abs_13_amount: 8.26800
data_price_hour_rel_+00_amount: 7.82200
data_price_hour_abs_14_amount: 7.82200
data_price_hour_rel_+01_amount: 8.20300
data_price_hour_abs_15_amount: 8.20300
data_price_hour_rel_+02_amount: 8.88500
data_price_hour_abs_16_amount: 8.88500
data_price_hour_rel_+03_amount: 10.06500
data_price_hour_abs_17_amount: 10.06500
data_price_hour_rel_+04_amount: 11.00000
data_price_hour_abs_18_amount: 11.00000
data_price_hour_rel_+05_amount: 11.69300
data_price_hour_abs_19_amount: 11.69300
data_price_hour_rel_+06_amount: 11.44000
data_price_hour_abs_20_amount: 11.44000
data_price_hour_rel_+07_amount: 10.52600
data_price_hour_abs_21_amount: 10.52600
data_price_hour_rel_+08_amount: 9.59900
data_price_hour_abs_22_amount: 9.59900
data_price_hour_rel_+09_amount: 8.21400
data_price_hour_abs_23_amount: 8.21400