date_now: 2024-05-05 14:20:09
date_now_epoch: 1714911609731
date_now_day: 5
date_now_month: 5
date_now_year: 2024
date_start: 2024-05-05 00:00:00
date_end: 2024-05-05 23:59:59
price_low: -0.09700
price_high: 11.19200
price_median: 6.66450
price_average: 5.41563
price_current: -0.09700
price_unit: Cent/kWh
price_threshold_00: -0.09700
price_threshold_01: -0.01000
price_threshold_02: -0.00400
price_threshold_03: 0.00000
price_threshold_04: 0.00000
price_threshold_05: 0.04400
price_threshold_06: 0.88500
price_threshold_07: 2.61200
price_threshold_08: 3.20000
price_threshold_09: 4.13300
price_threshold_10: 5.50800
price_threshold_11: 6.21600
price_threshold_12: 7.11300
price_threshold_13: 7.47400
price_threshold_14: 8.04900
price_threshold_15: 8.35200
price_threshold_16: 8.48200
price_threshold_17: 8.65000
price_threshold_18: 8.86700
price_threshold_19: 9.05800
price_threshold_20: 9.62400
price_threshold_21: 9.87400
price_threshold_22: 10.75300
price_threshold_23: 11.19200
data_price_hour_rel_-14_amount: 9.05800
data_price_hour_abs_00_amount: 9.05800
data_price_hour_rel_-13_amount: 8.48200
data_price_hour_abs_01_amount: 8.48200
data_price_hour_rel_-12_amount: 8.35200
data_price_hour_abs_02_amount: 8.35200
data_price_hour_rel_-11_amount: 8.04900
data_price_hour_abs_03_amount: 8.04900
data_price_hour_rel_-10_amount: 7.47400
data_price_hour_abs_04_amount: 7.47400
data_price_hour_rel_-09_amount: 7.11300
data_price_hour_abs_05_amount: 7.11300
data_price_hour_rel_-08_amount: 6.21600
data_price_hour_abs_06_amount: 6.21600
data_price_hour_rel_-07_amount: 5.50800
data_price_hour_abs_07_amount: 5.50800
data_price_hour_rel_-06_amount: 4.13300
data_price_hour_abs_08_amount: 4.13300
data_price_hour_rel_-05_amount: 2.61200
data_price_hour_abs_09_amount: 2.61200
data_price_hour_rel_-04_amount: 0.88500
data_price_hour_abs_10_amount: 0.88500
data_price_hour_rel_-03_amount: 0.04400
data_price_hour_abs_11_amount: 0.04400
data_price_hour_rel_-02_amount: 0.00000
data_price_hour_abs_12_amount: 0.00000
data_price_hour_rel_-01_amount: -0.00400
data_price_hour_abs_13_amount: -0.00400
data_price_hour_rel_+00_amount: -0.09700
data_price_hour_abs_14_amount: -0.09700
data_price_hour_rel_+01_amount: -0.01000
data_price_hour_abs_15_amount: -0.01000
data_price_hour_rel_+02_amount: 0.00000
data_price_hour_abs_16_amount: 0.00000
data_price_hour_rel_+03_amount: 3.20000
data_price_hour_abs_17_amount: 3.20000
data_price_hour_rel_+04_amount: 8.65000
data_price_hour_abs_18_amount: 8.65000
data_price_hour_rel_+05_amount: 9.62400
data_price_hour_abs_19_amount: 9.62400
data_price_hour_rel_+06_amount: 11.19200
data_price_hour_abs_20_amount: 11.19200
data_price_hour_rel_+07_amount: 10.75300
data_price_hour_abs_21_amount: 10.75300
data_price_hour_rel_+08_amount: 9.87400
data_price_hour_abs_22_amount: 9.87400
data_price_hour_rel_+09_amount: 8.86700
data_price_hour_abs_23_amount: 8.86700