date_now: 2024-03-09 13:17:41
date_now_epoch: 1709986661342
date_now_day: 9
date_now_month: 3
date_now_year: 2024
date_start: 2024-03-09 00:00:00
date_end: 2024-03-09 23:59:59
price_low: -0.50200
price_high: 7.80200
price_median: 5.28500
price_average: 4.56108
price_current: -0.50200
price_unit: Cent/kWh
price_threshold_00: -0.50200
price_threshold_01: -0.11500
price_threshold_02: -0.00400
price_threshold_03: 0.02000
price_threshold_04: 2.81900
price_threshold_05: 3.29400
price_threshold_06: 4.77900
price_threshold_07: 4.81200
price_threshold_08: 4.86000
price_threshold_09: 5.04700
price_threshold_10: 5.25600
price_threshold_11: 5.26400
price_threshold_12: 5.30600
price_threshold_13: 5.30600
price_threshold_14: 5.37200
price_threshold_15: 5.49100
price_threshold_16: 5.65600
price_threshold_17: 5.72900
price_threshold_18: 6.04700
price_threshold_19: 6.05300
price_threshold_20: 6.72600
price_threshold_21: 6.94900
price_threshold_22: 7.49900
price_threshold_23: 7.80200
data_price_hour_rel_-13_amount: 5.65600
data_price_hour_abs_00_amount: 5.65600
data_price_hour_rel_-12_amount: 5.49100
data_price_hour_abs_01_amount: 5.49100
data_price_hour_rel_-11_amount: 5.37200
data_price_hour_abs_02_amount: 5.37200
data_price_hour_rel_-10_amount: 5.25600
data_price_hour_abs_03_amount: 5.25600
data_price_hour_rel_-09_amount: 4.86000
data_price_hour_abs_04_amount: 4.86000
data_price_hour_rel_-08_amount: 4.77900
data_price_hour_abs_05_amount: 4.77900
data_price_hour_rel_-07_amount: 5.04700
data_price_hour_abs_06_amount: 5.04700
data_price_hour_rel_-06_amount: 5.30600
data_price_hour_abs_07_amount: 5.30600
data_price_hour_rel_-05_amount: 5.30600
data_price_hour_abs_08_amount: 5.30600
data_price_hour_rel_-04_amount: 4.81200
data_price_hour_abs_09_amount: 4.81200
data_price_hour_rel_-03_amount: 3.29400
data_price_hour_abs_10_amount: 3.29400
data_price_hour_rel_-02_amount: 0.02000
data_price_hour_abs_11_amount: 0.02000
data_price_hour_rel_-01_amount: -0.11500
data_price_hour_abs_12_amount: -0.11500
data_price_hour_rel_+00_amount: -0.50200
data_price_hour_abs_13_amount: -0.50200
data_price_hour_rel_+01_amount: -0.00400
data_price_hour_abs_14_amount: -0.00400
data_price_hour_rel_+02_amount: 2.81900
data_price_hour_abs_15_amount: 2.81900
data_price_hour_rel_+03_amount: 5.26400
data_price_hour_abs_16_amount: 5.26400
data_price_hour_rel_+04_amount: 6.94900
data_price_hour_abs_17_amount: 6.94900
data_price_hour_rel_+05_amount: 7.80200
data_price_hour_abs_18_amount: 7.80200
data_price_hour_rel_+06_amount: 7.49900
data_price_hour_abs_19_amount: 7.49900
data_price_hour_rel_+07_amount: 6.72600
data_price_hour_abs_20_amount: 6.72600
data_price_hour_rel_+08_amount: 6.04700
data_price_hour_abs_21_amount: 6.04700
data_price_hour_rel_+09_amount: 6.05300
data_price_hour_abs_22_amount: 6.05300
data_price_hour_rel_+10_amount: 5.72900
data_price_hour_abs_23_amount: 5.72900