date_now: 2024-05-01 14:22:16
date_now_epoch: 1714566136293
date_now_day: 1
date_now_month: 5
date_now_year: 2024
date_start: 2024-05-01 00:00:00
date_end: 2024-05-01 23:59:59
price_low: -12.00700
price_high: 6.68100
price_median: 2.50400
price_average: 0.43854
price_current: -12.00700
price_unit: Cent/kWh
price_threshold_00: -12.00700
price_threshold_01: -12.00000
price_threshold_02: -9.19000
price_threshold_03: -7.99800
price_threshold_04: -4.00500
price_threshold_05: -3.00100
price_threshold_06: -0.11400
price_threshold_07: -0.09700
price_threshold_08: 0.00100
price_threshold_09: 0.84500
price_threshold_10: 1.53200
price_threshold_11: 2.20000
price_threshold_12: 2.80800
price_threshold_13: 2.99200
price_threshold_14: 3.40100
price_threshold_15: 4.24800
price_threshold_16: 4.39900
price_threshold_17: 4.46900
price_threshold_18: 4.78100
price_threshold_19: 5.00000
price_threshold_20: 5.03100
price_threshold_21: 5.04000
price_threshold_22: 5.50900
price_threshold_23: 6.68100
data_price_hour_rel_-14_amount: 6.68100
data_price_hour_abs_00_amount: 6.68100
data_price_hour_rel_-13_amount: 5.50900
data_price_hour_abs_01_amount: 5.50900
data_price_hour_rel_-12_amount: 5.03100
data_price_hour_abs_02_amount: 5.03100
data_price_hour_rel_-11_amount: 4.39900
data_price_hour_abs_03_amount: 4.39900
data_price_hour_rel_-10_amount: 4.78100
data_price_hour_abs_04_amount: 4.78100
data_price_hour_rel_-09_amount: 4.46900
data_price_hour_abs_05_amount: 4.46900
data_price_hour_rel_-08_amount: 4.24800
data_price_hour_abs_06_amount: 4.24800
data_price_hour_rel_-07_amount: 2.80800
data_price_hour_abs_07_amount: 2.80800
data_price_hour_rel_-06_amount: 0.84500
data_price_hour_abs_08_amount: 0.84500
data_price_hour_rel_-05_amount: 0.00100
data_price_hour_abs_09_amount: 0.00100
data_price_hour_rel_-04_amount: -0.09700
data_price_hour_abs_10_amount: -0.09700
data_price_hour_rel_-03_amount: -4.00500
data_price_hour_abs_11_amount: -4.00500
data_price_hour_rel_-02_amount: -9.19000
data_price_hour_abs_12_amount: -9.19000
data_price_hour_rel_-01_amount: -12.00000
data_price_hour_abs_13_amount: -12.00000
data_price_hour_rel_+00_amount: -12.00700
data_price_hour_abs_14_amount: -12.00700
data_price_hour_rel_+01_amount: -7.99800
data_price_hour_abs_15_amount: -7.99800
data_price_hour_rel_+02_amount: -3.00100
data_price_hour_abs_16_amount: -3.00100
data_price_hour_rel_+03_amount: -0.11400
data_price_hour_abs_17_amount: -0.11400
data_price_hour_rel_+04_amount: 1.53200
data_price_hour_abs_18_amount: 1.53200
data_price_hour_rel_+05_amount: 5.04000
data_price_hour_abs_19_amount: 5.04000
data_price_hour_rel_+06_amount: 5.00000
data_price_hour_abs_20_amount: 5.00000
data_price_hour_rel_+07_amount: 3.40100
data_price_hour_abs_21_amount: 3.40100
data_price_hour_rel_+08_amount: 2.99200
data_price_hour_abs_22_amount: 2.99200
data_price_hour_rel_+09_amount: 2.20000
data_price_hour_abs_23_amount: 2.20000