date_now: 2024-04-22 14:22:46
date_now_epoch: 1713788566720
date_now_day: 22
date_now_month: 4
date_now_year: 2024
date_start: 2024-04-22 00:00:00
date_end: 2024-04-22 23:59:59
price_low: 7.36700
price_high: 17.09600
price_median: 8.46800
price_average: 9.85300
price_current: 7.41700
price_unit: Cent/kWh
price_threshold_00: 7.36700
price_threshold_01: 7.41700
price_threshold_02: 7.70500
price_threshold_03: 7.80500
price_threshold_04: 7.84400
price_threshold_05: 7.84800
price_threshold_06: 7.89700
price_threshold_07: 7.97900
price_threshold_08: 7.99200
price_threshold_09: 8.12400
price_threshold_10: 8.15700
price_threshold_11: 8.18600
price_threshold_12: 8.75000
price_threshold_13: 9.67900
price_threshold_14: 9.69900
price_threshold_15: 9.70500
price_threshold_16: 10.57700
price_threshold_17: 10.59000
price_threshold_18: 11.74600
price_threshold_19: 11.82000
price_threshold_20: 13.00500
price_threshold_21: 13.07900
price_threshold_22: 16.40500
price_threshold_23: 17.09600
data_price_hour_rel_-14_amount: 7.89700
data_price_hour_abs_00_amount: 7.89700
data_price_hour_rel_-13_amount: 7.80500
data_price_hour_abs_01_amount: 7.80500
data_price_hour_rel_-12_amount: 7.84400
data_price_hour_abs_02_amount: 7.84400
data_price_hour_rel_-11_amount: 7.99200
data_price_hour_abs_03_amount: 7.99200
data_price_hour_rel_-10_amount: 7.97900
data_price_hour_abs_04_amount: 7.97900
data_price_hour_rel_-09_amount: 8.75000
data_price_hour_abs_05_amount: 8.75000
data_price_hour_rel_-08_amount: 10.59000
data_price_hour_abs_06_amount: 10.59000
data_price_hour_rel_-07_amount: 13.07900
data_price_hour_abs_07_amount: 13.07900
data_price_hour_rel_-06_amount: 11.74600
data_price_hour_abs_08_amount: 11.74600
data_price_hour_rel_-05_amount: 9.70500
data_price_hour_abs_09_amount: 9.70500
data_price_hour_rel_-04_amount: 8.18600
data_price_hour_abs_10_amount: 8.18600
data_price_hour_rel_-03_amount: 8.12400
data_price_hour_abs_11_amount: 8.12400
data_price_hour_rel_-02_amount: 7.70500
data_price_hour_abs_12_amount: 7.70500
data_price_hour_rel_-01_amount: 7.36700
data_price_hour_abs_13_amount: 7.36700
data_price_hour_rel_+00_amount: 7.41700
data_price_hour_abs_14_amount: 7.41700
data_price_hour_rel_+01_amount: 7.84800
data_price_hour_abs_15_amount: 7.84800
data_price_hour_rel_+02_amount: 8.15700
data_price_hour_abs_16_amount: 8.15700
data_price_hour_rel_+03_amount: 9.67900
data_price_hour_abs_17_amount: 9.67900
data_price_hour_rel_+04_amount: 11.82000
data_price_hour_abs_18_amount: 11.82000
data_price_hour_rel_+05_amount: 16.40500
data_price_hour_abs_19_amount: 16.40500
data_price_hour_rel_+06_amount: 17.09600
data_price_hour_abs_20_amount: 17.09600
data_price_hour_rel_+07_amount: 13.00500
data_price_hour_abs_21_amount: 13.00500
data_price_hour_rel_+08_amount: 10.57700
data_price_hour_abs_22_amount: 10.57700
data_price_hour_rel_+09_amount: 9.69900
data_price_hour_abs_23_amount: 9.69900