date_now: 2024-04-20 14:19:57
date_now_epoch: 1713615597965
date_now_day: 20
date_now_month: 4
date_now_year: 2024
date_start: 2024-04-20 00:00:00
date_end: 2024-04-20 23:59:59
price_low: 1.05500
price_high: 9.70400
price_median: 6.06400
price_average: 5.82387
price_current: 1.05500
price_unit: Cent/kWh
price_threshold_00: 1.05500
price_threshold_01: 1.23300
price_threshold_02: 1.83300
price_threshold_03: 2.89700
price_threshold_04: 3.74100
price_threshold_05: 3.84300
price_threshold_06: 5.00500
price_threshold_07: 5.73300
price_threshold_08: 5.77500
price_threshold_09: 5.79700
price_threshold_10: 5.99000
price_threshold_11: 6.02400
price_threshold_12: 6.10400
price_threshold_13: 6.28300
price_threshold_14: 6.28300
price_threshold_15: 6.39200
price_threshold_16: 6.50400
price_threshold_17: 6.79800
price_threshold_18: 7.89000
price_threshold_19: 8.29000
price_threshold_20: 8.60700
price_threshold_21: 8.96100
price_threshold_22: 9.03100
price_threshold_23: 9.70400
data_price_hour_rel_-14_amount: 6.02400
data_price_hour_abs_00_amount: 6.02400
data_price_hour_rel_-13_amount: 5.79700
data_price_hour_abs_01_amount: 5.79700
data_price_hour_rel_-12_amount: 5.73300
data_price_hour_abs_02_amount: 5.73300
data_price_hour_rel_-11_amount: 5.77500
data_price_hour_abs_03_amount: 5.77500
data_price_hour_rel_-10_amount: 6.10400
data_price_hour_abs_04_amount: 6.10400
data_price_hour_rel_-09_amount: 6.28300
data_price_hour_abs_05_amount: 6.28300
data_price_hour_rel_-08_amount: 6.39200
data_price_hour_abs_06_amount: 6.39200
data_price_hour_rel_-07_amount: 6.79800
data_price_hour_abs_07_amount: 6.79800
data_price_hour_rel_-06_amount: 6.50400
data_price_hour_abs_08_amount: 6.50400
data_price_hour_rel_-05_amount: 5.99000
data_price_hour_abs_09_amount: 5.99000
data_price_hour_rel_-04_amount: 5.00500
data_price_hour_abs_10_amount: 5.00500
data_price_hour_rel_-03_amount: 3.84300
data_price_hour_abs_11_amount: 3.84300
data_price_hour_rel_-02_amount: 2.89700
data_price_hour_abs_12_amount: 2.89700
data_price_hour_rel_-01_amount: 1.23300
data_price_hour_abs_13_amount: 1.23300
data_price_hour_rel_+00_amount: 1.05500
data_price_hour_abs_14_amount: 1.05500
data_price_hour_rel_+01_amount: 1.83300
data_price_hour_abs_15_amount: 1.83300
data_price_hour_rel_+02_amount: 3.74100
data_price_hour_abs_16_amount: 3.74100
data_price_hour_rel_+03_amount: 6.28300
data_price_hour_abs_17_amount: 6.28300
data_price_hour_rel_+04_amount: 7.89000
data_price_hour_abs_18_amount: 7.89000
data_price_hour_rel_+05_amount: 8.96100
data_price_hour_abs_19_amount: 8.96100
data_price_hour_rel_+06_amount: 9.70400
data_price_hour_abs_20_amount: 9.70400
data_price_hour_rel_+07_amount: 9.03100
data_price_hour_abs_21_amount: 9.03100
data_price_hour_rel_+08_amount: 8.60700
data_price_hour_abs_22_amount: 8.60700
data_price_hour_rel_+09_amount: 8.29000
data_price_hour_abs_23_amount: 8.29000