date_now: 2024-04-26 14:21:10
date_now_epoch: 1714134070851
date_now_day: 26
date_now_month: 4
date_now_year: 2024
date_start: 2024-04-26 00:00:00
date_end: 2024-04-26 23:59:59
price_low: 6.53700
price_high: 14.15800
price_median: 8.01650
price_average: 8.64442
price_current: 6.53700
price_unit: Cent/kWh
price_threshold_00: 6.53700
price_threshold_01: 6.87400
price_threshold_02: 6.99200
price_threshold_03: 7.03500
price_threshold_04: 7.17000
price_threshold_05: 7.29500
price_threshold_06: 7.40000
price_threshold_07: 7.40700
price_threshold_08: 7.47000
price_threshold_09: 7.71000
price_threshold_10: 7.78100
price_threshold_11: 7.98700
price_threshold_12: 8.04600
price_threshold_13: 8.10800
price_threshold_14: 8.36900
price_threshold_15: 8.82600
price_threshold_16: 9.27100
price_threshold_17: 9.35000
price_threshold_18: 9.47800
price_threshold_19: 9.60600
price_threshold_20: 10.40600
price_threshold_21: 11.00000
price_threshold_22: 13.19000
price_threshold_23: 14.15800
data_price_hour_rel_-14_amount: 7.98700
data_price_hour_abs_00_amount: 7.98700
data_price_hour_rel_-13_amount: 7.40000
data_price_hour_abs_01_amount: 7.40000
data_price_hour_rel_-12_amount: 7.47000
data_price_hour_abs_02_amount: 7.47000
data_price_hour_rel_-11_amount: 7.40700
data_price_hour_abs_03_amount: 7.40700
data_price_hour_rel_-10_amount: 7.71000
data_price_hour_abs_04_amount: 7.71000
data_price_hour_rel_-09_amount: 8.36900
data_price_hour_abs_05_amount: 8.36900
data_price_hour_rel_-08_amount: 9.35000
data_price_hour_abs_06_amount: 9.35000
data_price_hour_rel_-07_amount: 10.40600
data_price_hour_abs_07_amount: 10.40600
data_price_hour_rel_-06_amount: 9.60600
data_price_hour_abs_08_amount: 9.60600
data_price_hour_rel_-05_amount: 8.10800
data_price_hour_abs_09_amount: 8.10800
data_price_hour_rel_-04_amount: 7.78100
data_price_hour_abs_10_amount: 7.78100
data_price_hour_rel_-03_amount: 7.29500
data_price_hour_abs_11_amount: 7.29500
data_price_hour_rel_-02_amount: 7.03500
data_price_hour_abs_12_amount: 7.03500
data_price_hour_rel_-01_amount: 6.87400
data_price_hour_abs_13_amount: 6.87400
data_price_hour_rel_+00_amount: 6.53700
data_price_hour_abs_14_amount: 6.53700
data_price_hour_rel_+01_amount: 6.99200
data_price_hour_abs_15_amount: 6.99200
data_price_hour_rel_+02_amount: 7.17000
data_price_hour_abs_16_amount: 7.17000
data_price_hour_rel_+03_amount: 8.04600
data_price_hour_abs_17_amount: 8.04600
data_price_hour_rel_+04_amount: 9.47800
data_price_hour_abs_18_amount: 9.47800
data_price_hour_rel_+05_amount: 13.19000
data_price_hour_abs_19_amount: 13.19000
data_price_hour_rel_+06_amount: 14.15800
data_price_hour_abs_20_amount: 14.15800
data_price_hour_rel_+07_amount: 11.00000
data_price_hour_abs_21_amount: 11.00000
data_price_hour_rel_+08_amount: 9.27100
data_price_hour_abs_22_amount: 9.27100
data_price_hour_rel_+09_amount: 8.82600
data_price_hour_abs_23_amount: 8.82600