date_now: 2024-12-04 13:31:26
date_now_epoch: 1733315486040
date_now_day: 4
date_now_month: 12
date_now_year: 2024
date_start: 2024-12-04 00:00:00
date_end: 2024-12-04 23:59:59
price_low: 11.01900
price_high: 28.77600
price_median: 19.49200
price_average: 18.24692
price_current: 19.98200
price_unit: Cent/kWh
price_threshold_00: 11.01900
price_threshold_01: 11.22600
price_threshold_02: 11.27900
price_threshold_03: 11.32700
price_threshold_04: 11.66600
price_threshold_05: 12.09100
price_threshold_06: 12.09900
price_threshold_07: 12.83300
price_threshold_08: 14.52000
price_threshold_09: 14.83400
price_threshold_10: 16.56800
price_threshold_11: 19.22500
price_threshold_12: 19.75900
price_threshold_13: 19.89500
price_threshold_14: 19.98200
price_threshold_15: 20.97600
price_threshold_16: 21.22100
price_threshold_17: 21.84400
price_threshold_18: 23.02200
price_threshold_19: 24.28700
price_threshold_20: 25.07600
price_threshold_21: 26.73500
price_threshold_22: 27.66600
price_threshold_23: 28.77600
data_price_hour_rel_-13_amount: 12.09900
data_price_hour_abs_00_amount: 12.09900
data_price_hour_rel_-12_amount: 11.66600
data_price_hour_abs_01_amount: 11.66600
data_price_hour_rel_-11_amount: 11.27900
data_price_hour_abs_02_amount: 11.27900
data_price_hour_rel_-10_amount: 11.01900
data_price_hour_abs_03_amount: 11.01900
data_price_hour_rel_-09_amount: 11.22600
data_price_hour_abs_04_amount: 11.22600
data_price_hour_rel_-08_amount: 12.09100
data_price_hour_abs_05_amount: 12.09100
data_price_hour_rel_-07_amount: 14.52000
data_price_hour_abs_06_amount: 14.52000
data_price_hour_rel_-06_amount: 20.97600
data_price_hour_abs_07_amount: 20.97600
data_price_hour_rel_-05_amount: 27.66600
data_price_hour_abs_08_amount: 27.66600
data_price_hour_rel_-04_amount: 25.07600
data_price_hour_abs_09_amount: 25.07600
data_price_hour_rel_-03_amount: 21.22100
data_price_hour_abs_10_amount: 21.22100
data_price_hour_rel_-02_amount: 19.89500
data_price_hour_abs_11_amount: 19.89500
data_price_hour_rel_-01_amount: 19.22500
data_price_hour_abs_12_amount: 19.22500
data_price_hour_rel_+00_amount: 19.98200
data_price_hour_abs_13_amount: 19.98200
data_price_hour_rel_+01_amount: 21.84400
data_price_hour_abs_14_amount: 21.84400
data_price_hour_rel_+02_amount: 24.28700
data_price_hour_abs_15_amount: 24.28700
data_price_hour_rel_+03_amount: 26.73500
data_price_hour_abs_16_amount: 26.73500
data_price_hour_rel_+04_amount: 28.77600
data_price_hour_abs_17_amount: 28.77600
data_price_hour_rel_+05_amount: 23.02200
data_price_hour_abs_18_amount: 23.02200
data_price_hour_rel_+06_amount: 19.75900
data_price_hour_abs_19_amount: 19.75900
data_price_hour_rel_+07_amount: 16.56800
data_price_hour_abs_20_amount: 16.56800
data_price_hour_rel_+08_amount: 14.83400
data_price_hour_abs_21_amount: 14.83400
data_price_hour_rel_+09_amount: 12.83300
data_price_hour_abs_22_amount: 12.83300
data_price_hour_rel_+10_amount: 11.32700
data_price_hour_abs_23_amount: 11.32700