date_now: 2024-07-03 14:24:31
date_now_epoch: 1720009471893
date_now_day: 3
date_now_month: 7
date_now_year: 2024
date_start: 2024-07-03 00:00:00
date_end: 2024-07-03 23:59:59
price_low: 6.31800
price_high: 16.38900
price_median: 7.63650
price_average: 8.76225
price_current: 7.31200
price_unit: Cent/kWh
price_threshold_00: 6.31800
price_threshold_01: 6.53000
price_threshold_02: 6.55800
price_threshold_03: 6.81900
price_threshold_04: 7.11400
price_threshold_05: 7.11400
price_threshold_06: 7.17600
price_threshold_07: 7.19800
price_threshold_08: 7.31000
price_threshold_09: 7.31200
price_threshold_10: 7.40100
price_threshold_11: 7.61000
price_threshold_12: 7.66300
price_threshold_13: 7.89100
price_threshold_14: 8.69700
price_threshold_15: 9.05900
price_threshold_16: 9.53200
price_threshold_17: 9.96000
price_threshold_18: 10.02500
price_threshold_19: 11.50000
price_threshold_20: 11.58800
price_threshold_21: 11.65100
price_threshold_22: 11.87900
price_threshold_23: 16.38900
data_price_hour_rel_-14_amount: 6.81900
data_price_hour_abs_00_amount: 6.81900
data_price_hour_rel_-13_amount: 6.53000
data_price_hour_abs_01_amount: 6.53000
data_price_hour_rel_-12_amount: 6.31800
data_price_hour_abs_02_amount: 6.31800
data_price_hour_rel_-11_amount: 6.55800
data_price_hour_abs_03_amount: 6.55800
data_price_hour_rel_-10_amount: 7.11400
data_price_hour_abs_04_amount: 7.11400
data_price_hour_rel_-09_amount: 7.89100
data_price_hour_abs_05_amount: 7.89100
data_price_hour_rel_-08_amount: 10.02500
data_price_hour_abs_06_amount: 10.02500
data_price_hour_rel_-07_amount: 11.65100
data_price_hour_abs_07_amount: 11.65100
data_price_hour_rel_-06_amount: 11.50000
data_price_hour_abs_08_amount: 11.50000
data_price_hour_rel_-05_amount: 9.05900
data_price_hour_abs_09_amount: 9.05900
data_price_hour_rel_-04_amount: 7.66300
data_price_hour_abs_10_amount: 7.66300
data_price_hour_rel_-03_amount: 7.31000
data_price_hour_abs_11_amount: 7.31000
data_price_hour_rel_-02_amount: 7.17600
data_price_hour_abs_12_amount: 7.17600
data_price_hour_rel_-01_amount: 7.11400
data_price_hour_abs_13_amount: 7.11400
data_price_hour_rel_+00_amount: 7.31200
data_price_hour_abs_14_amount: 7.31200
data_price_hour_rel_+01_amount: 7.19800
data_price_hour_abs_15_amount: 7.19800
data_price_hour_rel_+02_amount: 7.40100
data_price_hour_abs_16_amount: 7.40100
data_price_hour_rel_+03_amount: 8.69700
data_price_hour_abs_17_amount: 8.69700
data_price_hour_rel_+04_amount: 9.96000
data_price_hour_abs_18_amount: 9.96000
data_price_hour_rel_+05_amount: 11.87900
data_price_hour_abs_19_amount: 11.87900
data_price_hour_rel_+06_amount: 16.38900
data_price_hour_abs_20_amount: 16.38900
data_price_hour_rel_+07_amount: 11.58800
data_price_hour_abs_21_amount: 11.58800
data_price_hour_rel_+08_amount: 9.53200
data_price_hour_abs_22_amount: 9.53200
data_price_hour_rel_+09_amount: 7.61000
data_price_hour_abs_23_amount: 7.61000