date_now: 2024-11-11 13:28:31
date_now_epoch: 1731328111286
date_now_day: 11
date_now_month: 11
date_now_year: 2024
date_start: 2024-11-11 00:00:00
date_end: 2024-11-11 23:59:59
price_low: 9.75000
price_high: 15.31800
price_median: 12.30750
price_average: 12.17654
price_current: 12.90200
price_unit: Cent/kWh
price_threshold_00: 9.75000
price_threshold_01: 9.78600
price_threshold_02: 10.00000
price_threshold_03: 10.36800
price_threshold_04: 10.38900
price_threshold_05: 10.54000
price_threshold_06: 10.96500
price_threshold_07: 11.15600
price_threshold_08: 11.28800
price_threshold_09: 11.56900
price_threshold_10: 11.98400
price_threshold_11: 12.19400
price_threshold_12: 12.42100
price_threshold_13: 12.83500
price_threshold_14: 12.85000
price_threshold_15: 12.90200
price_threshold_16: 13.04400
price_threshold_17: 13.29400
price_threshold_18: 13.37000
price_threshold_19: 13.50600
price_threshold_20: 13.90500
price_threshold_21: 14.09400
price_threshold_22: 14.70900
price_threshold_23: 15.31800
data_price_hour_rel_-13_amount: 10.96500
data_price_hour_abs_00_amount: 10.96500
data_price_hour_rel_-12_amount: 10.36800
data_price_hour_abs_01_amount: 10.36800
data_price_hour_rel_-11_amount: 10.00000
data_price_hour_abs_02_amount: 10.00000
data_price_hour_rel_-10_amount: 9.78600
data_price_hour_abs_03_amount: 9.78600
data_price_hour_rel_-09_amount: 9.75000
data_price_hour_abs_04_amount: 9.75000
data_price_hour_rel_-08_amount: 10.38900
data_price_hour_abs_05_amount: 10.38900
data_price_hour_rel_-07_amount: 11.56900
data_price_hour_abs_06_amount: 11.56900
data_price_hour_rel_-06_amount: 12.83500
data_price_hour_abs_07_amount: 12.83500
data_price_hour_rel_-05_amount: 13.50600
data_price_hour_abs_08_amount: 13.50600
data_price_hour_rel_-04_amount: 13.29400
data_price_hour_abs_09_amount: 13.29400
data_price_hour_rel_-03_amount: 12.85000
data_price_hour_abs_10_amount: 12.85000
data_price_hour_rel_-02_amount: 12.42100
data_price_hour_abs_11_amount: 12.42100
data_price_hour_rel_-01_amount: 11.98400
data_price_hour_abs_12_amount: 11.98400
data_price_hour_rel_+00_amount: 12.90200
data_price_hour_abs_13_amount: 12.90200
data_price_hour_rel_+01_amount: 13.04400
data_price_hour_abs_14_amount: 13.04400
data_price_hour_rel_+02_amount: 13.90500
data_price_hour_abs_15_amount: 13.90500
data_price_hour_rel_+03_amount: 14.09400
data_price_hour_abs_16_amount: 14.09400
data_price_hour_rel_+04_amount: 15.31800
data_price_hour_abs_17_amount: 15.31800
data_price_hour_rel_+05_amount: 14.70900
data_price_hour_abs_18_amount: 14.70900
data_price_hour_rel_+06_amount: 13.37000
data_price_hour_abs_19_amount: 13.37000
data_price_hour_rel_+07_amount: 12.19400
data_price_hour_abs_20_amount: 12.19400
data_price_hour_rel_+08_amount: 11.28800
data_price_hour_abs_21_amount: 11.28800
data_price_hour_rel_+09_amount: 11.15600
data_price_hour_abs_22_amount: 11.15600
data_price_hour_rel_+10_amount: 10.54000
data_price_hour_abs_23_amount: 10.54000