date_now: 2024-05-15 14:24:04
date_now_epoch: 1715775844399
date_now_day: 15
date_now_month: 5
date_now_year: 2024
date_start: 2024-05-15 00:00:00
date_end: 2024-05-15 23:59:59
price_low: -1.11800
price_high: 11.02000
price_median: 4.05900
price_average: 4.29321
price_current: -0.99100
price_unit: Cent/kWh
price_threshold_00: -1.11800
price_threshold_01: -0.99500
price_threshold_02: -0.99100
price_threshold_03: -0.00900
price_threshold_04: -0.00800
price_threshold_05: 0.17300
price_threshold_06: 0.73600
price_threshold_07: 3.03300
price_threshold_08: 3.05600
price_threshold_09: 3.23400
price_threshold_10: 3.79600
price_threshold_11: 3.93800
price_threshold_12: 4.18000
price_threshold_13: 4.84200
price_threshold_14: 4.86700
price_threshold_15: 5.28700
price_threshold_16: 6.36400
price_threshold_17: 7.36600
price_threshold_18: 8.38000
price_threshold_19: 8.44500
price_threshold_20: 8.50100
price_threshold_21: 8.81600
price_threshold_22: 10.12400
price_threshold_23: 11.02000
data_price_hour_rel_-14_amount: 3.05600
data_price_hour_abs_00_amount: 3.05600
data_price_hour_rel_-13_amount: 3.23400
data_price_hour_abs_01_amount: 3.23400
data_price_hour_rel_-12_amount: 3.93800
data_price_hour_abs_02_amount: 3.93800
data_price_hour_rel_-11_amount: 4.18000
data_price_hour_abs_03_amount: 4.18000
data_price_hour_rel_-10_amount: 3.79600
data_price_hour_abs_04_amount: 3.79600
data_price_hour_rel_-09_amount: 5.28700
data_price_hour_abs_05_amount: 5.28700
data_price_hour_rel_-08_amount: 8.50100
data_price_hour_abs_06_amount: 8.50100
data_price_hour_rel_-07_amount: 8.81600
data_price_hour_abs_07_amount: 8.81600
data_price_hour_rel_-06_amount: 8.44500
data_price_hour_abs_08_amount: 8.44500
data_price_hour_rel_-05_amount: 4.84200
data_price_hour_abs_09_amount: 4.84200
data_price_hour_rel_-04_amount: 0.73600
data_price_hour_abs_10_amount: 0.73600
data_price_hour_rel_-03_amount: -0.00800
data_price_hour_abs_11_amount: -0.00800
data_price_hour_rel_-02_amount: -0.99500
data_price_hour_abs_12_amount: -0.99500
data_price_hour_rel_-01_amount: -1.11800
data_price_hour_abs_13_amount: -1.11800
data_price_hour_rel_+00_amount: -0.99100
data_price_hour_abs_14_amount: -0.99100
data_price_hour_rel_+01_amount: -0.00900
data_price_hour_abs_15_amount: -0.00900
data_price_hour_rel_+02_amount: 0.17300
data_price_hour_abs_16_amount: 0.17300
data_price_hour_rel_+03_amount: 3.03300
data_price_hour_abs_17_amount: 3.03300
data_price_hour_rel_+04_amount: 7.36600
data_price_hour_abs_18_amount: 7.36600
data_price_hour_rel_+05_amount: 10.12400
data_price_hour_abs_19_amount: 10.12400
data_price_hour_rel_+06_amount: 11.02000
data_price_hour_abs_20_amount: 11.02000
data_price_hour_rel_+07_amount: 8.38000
data_price_hour_abs_21_amount: 8.38000
data_price_hour_rel_+08_amount: 6.36400
data_price_hour_abs_22_amount: 6.36400
data_price_hour_rel_+09_amount: 4.86700
data_price_hour_abs_23_amount: 4.86700