date_now: 2024-01-12 13:21:35
date_now_epoch: 1705062095693
date_now_day: 12
date_now_month: 1
date_now_year: 2024
date_start: 2024-01-12 00:00:00
date_end: 2024-01-12 23:59:59
price_low: 8.43400
price_high: 14.07400
price_median: 10.57600
price_average: 10.60446
price_current: 10.30800
price_unit: Cent/kWh
price_threshold_00: 8.43400
price_threshold_01: 8.46300
price_threshold_02: 8.52200
price_threshold_03: 8.53200
price_threshold_04: 8.53800
price_threshold_05: 8.82200
price_threshold_06: 9.10400
price_threshold_07: 9.21100
price_threshold_08: 9.33700
price_threshold_09: 9.84800
price_threshold_10: 10.30800
price_threshold_11: 10.45400
price_threshold_12: 10.69800
price_threshold_13: 10.87900
price_threshold_14: 11.00000
price_threshold_15: 11.47300
price_threshold_16: 11.81600
price_threshold_17: 11.94700
price_threshold_18: 12.00000
price_threshold_19: 12.20100
price_threshold_20: 12.60000
price_threshold_21: 12.75000
price_threshold_22: 13.49600
price_threshold_23: 14.07400
data_price_hour_rel_-13_amount: 9.10400
data_price_hour_abs_00_amount: 9.10400
data_price_hour_rel_-12_amount: 8.82200
data_price_hour_abs_01_amount: 8.82200
data_price_hour_rel_-11_amount: 8.52200
data_price_hour_abs_02_amount: 8.52200
data_price_hour_rel_-10_amount: 8.46300
data_price_hour_abs_03_amount: 8.46300
data_price_hour_rel_-09_amount: 8.43400
data_price_hour_abs_04_amount: 8.43400
data_price_hour_rel_-08_amount: 8.53200
data_price_hour_abs_05_amount: 8.53200
data_price_hour_rel_-07_amount: 9.21100
data_price_hour_abs_06_amount: 9.21100
data_price_hour_rel_-06_amount: 11.81600
data_price_hour_abs_07_amount: 11.81600
data_price_hour_rel_-05_amount: 14.07400
data_price_hour_abs_08_amount: 14.07400
data_price_hour_rel_-04_amount: 13.49600
data_price_hour_abs_09_amount: 13.49600
data_price_hour_rel_-03_amount: 12.20100
data_price_hour_abs_10_amount: 12.20100
data_price_hour_rel_-02_amount: 11.47300
data_price_hour_abs_11_amount: 11.47300
data_price_hour_rel_-01_amount: 10.69800
data_price_hour_abs_12_amount: 10.69800
data_price_hour_rel_+00_amount: 10.30800
data_price_hour_abs_13_amount: 10.30800
data_price_hour_rel_+01_amount: 10.45400
data_price_hour_abs_14_amount: 10.45400
data_price_hour_rel_+02_amount: 11.00000
data_price_hour_abs_15_amount: 11.00000
data_price_hour_rel_+03_amount: 12.00000
data_price_hour_abs_16_amount: 12.00000
data_price_hour_rel_+04_amount: 12.75000
data_price_hour_abs_17_amount: 12.75000
data_price_hour_rel_+05_amount: 12.60000
data_price_hour_abs_18_amount: 12.60000
data_price_hour_rel_+06_amount: 11.94700
data_price_hour_abs_19_amount: 11.94700
data_price_hour_rel_+07_amount: 10.87900
data_price_hour_abs_20_amount: 10.87900
data_price_hour_rel_+08_amount: 9.84800
data_price_hour_abs_21_amount: 9.84800
data_price_hour_rel_+09_amount: 9.33700
data_price_hour_abs_22_amount: 9.33700
data_price_hour_rel_+10_amount: 8.53800
data_price_hour_abs_23_amount: 8.53800