date_now: 2024-03-03 13:18:41
date_now_epoch: 1709468321985
date_now_day: 3
date_now_month: 3
date_now_year: 2024
date_start: 2024-03-03 00:00:00
date_end: 2024-03-03 23:59:59
price_low: 4.25100
price_high: 8.69600
price_median: 5.54500
price_average: 6.04721
price_current: 4.25100
price_unit: Cent/kWh
price_threshold_00: 4.25100
price_threshold_01: 4.68400
price_threshold_02: 4.75100
price_threshold_03: 4.94600
price_threshold_04: 5.20100
price_threshold_05: 5.36300
price_threshold_06: 5.38000
price_threshold_07: 5.39900
price_threshold_08: 5.41300
price_threshold_09: 5.45000
price_threshold_10: 5.47700
price_threshold_11: 5.53100
price_threshold_12: 5.55900
price_threshold_13: 5.58200
price_threshold_14: 5.60000
price_threshold_15: 5.68800
price_threshold_16: 6.02800
price_threshold_17: 7.21800
price_threshold_18: 7.24200
price_threshold_19: 7.50000
price_threshold_20: 7.55800
price_threshold_21: 8.18000
price_threshold_22: 8.43600
price_threshold_23: 8.69600
data_price_hour_rel_-13_amount: 5.45000
data_price_hour_abs_00_amount: 5.45000
data_price_hour_rel_-12_amount: 5.36300
data_price_hour_abs_01_amount: 5.36300
data_price_hour_rel_-11_amount: 5.38000
data_price_hour_abs_02_amount: 5.38000
data_price_hour_rel_-10_amount: 5.55900
data_price_hour_abs_03_amount: 5.55900
data_price_hour_rel_-09_amount: 5.53100
data_price_hour_abs_04_amount: 5.53100
data_price_hour_rel_-08_amount: 5.58200
data_price_hour_abs_05_amount: 5.58200
data_price_hour_rel_-07_amount: 5.60000
data_price_hour_abs_06_amount: 5.60000
data_price_hour_rel_-06_amount: 5.68800
data_price_hour_abs_07_amount: 5.68800
data_price_hour_rel_-05_amount: 5.47700
data_price_hour_abs_08_amount: 5.47700
data_price_hour_rel_-04_amount: 5.39900
data_price_hour_abs_09_amount: 5.39900
data_price_hour_rel_-03_amount: 5.20100
data_price_hour_abs_10_amount: 5.20100
data_price_hour_rel_-02_amount: 4.94600
data_price_hour_abs_11_amount: 4.94600
data_price_hour_rel_-01_amount: 4.75100
data_price_hour_abs_12_amount: 4.75100
data_price_hour_rel_+00_amount: 4.25100
data_price_hour_abs_13_amount: 4.25100
data_price_hour_rel_+01_amount: 4.68400
data_price_hour_abs_14_amount: 4.68400
data_price_hour_rel_+02_amount: 5.41300
data_price_hour_abs_15_amount: 5.41300
data_price_hour_rel_+03_amount: 6.02800
data_price_hour_abs_16_amount: 6.02800
data_price_hour_rel_+04_amount: 7.55800
data_price_hour_abs_17_amount: 7.55800
data_price_hour_rel_+05_amount: 8.43600
data_price_hour_abs_18_amount: 8.43600
data_price_hour_rel_+06_amount: 8.69600
data_price_hour_abs_19_amount: 8.69600
data_price_hour_rel_+07_amount: 8.18000
data_price_hour_abs_20_amount: 8.18000
data_price_hour_rel_+08_amount: 7.50000
data_price_hour_abs_21_amount: 7.50000
data_price_hour_rel_+09_amount: 7.21800
data_price_hour_abs_22_amount: 7.21800
data_price_hour_rel_+10_amount: 7.24200
data_price_hour_abs_23_amount: 7.24200