date_now: 2024-05-24 14:22:13
date_now_epoch: 1716553333733
date_now_day: 24
date_now_month: 5
date_now_year: 2024
date_start: 2024-05-24 00:00:00
date_end: 2024-05-24 23:59:59
price_low: 8.42700
price_high: 12.99900
price_median: 9.93150
price_average: 10.21942
price_current: 8.81200
price_unit: Cent/kWh
price_threshold_00: 8.42700
price_threshold_01: 8.77400
price_threshold_02: 8.81200
price_threshold_03: 8.81800
price_threshold_04: 8.82200
price_threshold_05: 8.89800
price_threshold_06: 8.97900
price_threshold_07: 9.00700
price_threshold_08: 9.18000
price_threshold_09: 9.41200
price_threshold_10: 9.61600
price_threshold_11: 9.87900
price_threshold_12: 9.98400
price_threshold_13: 10.31700
price_threshold_14: 10.32300
price_threshold_15: 10.61000
price_threshold_16: 10.96700
price_threshold_17: 11.17700
price_threshold_18: 11.58400
price_threshold_19: 11.59000
price_threshold_20: 12.20700
price_threshold_21: 12.38400
price_threshold_22: 12.50000
price_threshold_23: 12.99900
data_price_hour_rel_-14_amount: 10.31700
data_price_hour_abs_00_amount: 10.31700
data_price_hour_rel_-13_amount: 9.41200
data_price_hour_abs_01_amount: 9.41200
data_price_hour_rel_-12_amount: 8.97900
data_price_hour_abs_02_amount: 8.97900
data_price_hour_rel_-11_amount: 8.82200
data_price_hour_abs_03_amount: 8.82200
data_price_hour_rel_-10_amount: 9.18000
data_price_hour_abs_04_amount: 9.18000
data_price_hour_rel_-09_amount: 10.32300
data_price_hour_abs_05_amount: 10.32300
data_price_hour_rel_-08_amount: 12.38400
data_price_hour_abs_06_amount: 12.38400
data_price_hour_rel_-07_amount: 12.20700
data_price_hour_abs_07_amount: 12.20700
data_price_hour_rel_-06_amount: 11.59000
data_price_hour_abs_08_amount: 11.59000
data_price_hour_rel_-05_amount: 10.61000
data_price_hour_abs_09_amount: 10.61000
data_price_hour_rel_-04_amount: 9.61600
data_price_hour_abs_10_amount: 9.61600
data_price_hour_rel_-03_amount: 9.00700
data_price_hour_abs_11_amount: 9.00700
data_price_hour_rel_-02_amount: 8.89800
data_price_hour_abs_12_amount: 8.89800
data_price_hour_rel_-01_amount: 8.77400
data_price_hour_abs_13_amount: 8.77400
data_price_hour_rel_+00_amount: 8.81200
data_price_hour_abs_14_amount: 8.81200
data_price_hour_rel_+01_amount: 8.81800
data_price_hour_abs_15_amount: 8.81800
data_price_hour_rel_+02_amount: 8.42700
data_price_hour_abs_16_amount: 8.42700
data_price_hour_rel_+03_amount: 9.87900
data_price_hour_abs_17_amount: 9.87900
data_price_hour_rel_+04_amount: 11.17700
data_price_hour_abs_18_amount: 11.17700
data_price_hour_rel_+05_amount: 12.99900
data_price_hour_abs_19_amount: 12.99900
data_price_hour_rel_+06_amount: 12.50000
data_price_hour_abs_20_amount: 12.50000
data_price_hour_rel_+07_amount: 11.58400
data_price_hour_abs_21_amount: 11.58400
data_price_hour_rel_+08_amount: 10.96700
data_price_hour_abs_22_amount: 10.96700
data_price_hour_rel_+09_amount: 9.98400
data_price_hour_abs_23_amount: 9.98400