date_now: 2024-04-15 14:22:01
date_now_epoch: 1713183721305
date_now_day: 15
date_now_month: 4
date_now_year: 2024
date_start: 2024-04-15 00:00:00
date_end: 2024-04-15 23:59:59
price_low: 0.78000
price_high: 16.91500
price_median: 7.61250
price_average: 7.01925
price_current: 1.29600
price_unit: Cent/kWh
price_threshold_00: 0.78000
price_threshold_01: 0.79900
price_threshold_02: 1.29600
price_threshold_03: 3.17400
price_threshold_04: 3.41700
price_threshold_05: 4.41500
price_threshold_06: 4.63000
price_threshold_07: 5.37700
price_threshold_08: 6.31500
price_threshold_09: 6.63100
price_threshold_10: 6.92000
price_threshold_11: 7.52300
price_threshold_12: 7.70200
price_threshold_13: 7.75400
price_threshold_14: 7.81800
price_threshold_15: 7.89200
price_threshold_16: 8.05500
price_threshold_17: 8.12600
price_threshold_18: 8.19600
price_threshold_19: 8.67400
price_threshold_20: 9.15600
price_threshold_21: 11.57300
price_threshold_22: 15.32400
price_threshold_23: 16.91500
data_price_hour_rel_-14_amount: 8.19600
data_price_hour_abs_00_amount: 8.19600
data_price_hour_rel_-13_amount: 8.12600
data_price_hour_abs_01_amount: 8.12600
data_price_hour_rel_-12_amount: 7.75400
data_price_hour_abs_02_amount: 7.75400
data_price_hour_rel_-11_amount: 7.81800
data_price_hour_abs_03_amount: 7.81800
data_price_hour_rel_-10_amount: 7.52300
data_price_hour_abs_04_amount: 7.52300
data_price_hour_rel_-09_amount: 8.67400
data_price_hour_abs_05_amount: 8.67400
data_price_hour_rel_-08_amount: 11.57300
data_price_hour_abs_06_amount: 11.57300
data_price_hour_rel_-07_amount: 16.91500
data_price_hour_abs_07_amount: 16.91500
data_price_hour_rel_-06_amount: 15.32400
data_price_hour_abs_08_amount: 15.32400
data_price_hour_rel_-05_amount: 9.15600
data_price_hour_abs_09_amount: 9.15600
data_price_hour_rel_-04_amount: 8.05500
data_price_hour_abs_10_amount: 8.05500
data_price_hour_rel_-03_amount: 6.31500
data_price_hour_abs_11_amount: 6.31500
data_price_hour_rel_-02_amount: 4.41500
data_price_hour_abs_12_amount: 4.41500
data_price_hour_rel_-01_amount: 3.17400
data_price_hour_abs_13_amount: 3.17400
data_price_hour_rel_+00_amount: 1.29600
data_price_hour_abs_14_amount: 1.29600
data_price_hour_rel_+01_amount: 0.78000
data_price_hour_abs_15_amount: 0.78000
data_price_hour_rel_+02_amount: 0.79900
data_price_hour_abs_16_amount: 0.79900
data_price_hour_rel_+03_amount: 4.63000
data_price_hour_abs_17_amount: 4.63000
data_price_hour_rel_+04_amount: 6.92000
data_price_hour_abs_18_amount: 6.92000
data_price_hour_rel_+05_amount: 7.89200
data_price_hour_abs_19_amount: 7.89200
data_price_hour_rel_+06_amount: 7.70200
data_price_hour_abs_20_amount: 7.70200
data_price_hour_rel_+07_amount: 6.63100
data_price_hour_abs_21_amount: 6.63100
data_price_hour_rel_+08_amount: 5.37700
data_price_hour_abs_22_amount: 5.37700
data_price_hour_rel_+09_amount: 3.41700
data_price_hour_abs_23_amount: 3.41700