date_now: 2024-10-17 14:28:25
date_now_epoch: 1729168105636
date_now_day: 17
date_now_month: 10
date_now_year: 2024
date_start: 2024-10-17 00:00:00
date_end: 2024-10-17 23:59:59
price_low: 0.56100
price_high: 18.62100
price_median: 6.70300
price_average: 7.15175
price_current: 6.00400
price_unit: Cent/kWh
price_threshold_00: 0.56100
price_threshold_01: 1.00100
price_threshold_02: 1.04800
price_threshold_03: 1.21500
price_threshold_04: 1.70400
price_threshold_05: 2.98000
price_threshold_06: 4.65400
price_threshold_07: 4.75200
price_threshold_08: 5.20200
price_threshold_09: 6.00400
price_threshold_10: 6.22200
price_threshold_11: 6.35500
price_threshold_12: 7.05100
price_threshold_13: 7.37600
price_threshold_14: 8.22100
price_threshold_15: 8.90500
price_threshold_16: 9.25300
price_threshold_17: 9.26800
price_threshold_18: 9.78100
price_threshold_19: 10.13900
price_threshold_20: 11.75000
price_threshold_21: 12.36000
price_threshold_22: 17.21900
price_threshold_23: 18.62100
data_price_hour_rel_-14_amount: 1.70400
data_price_hour_abs_00_amount: 1.70400
data_price_hour_rel_-13_amount: 1.21500
data_price_hour_abs_01_amount: 1.21500
data_price_hour_rel_-12_amount: 1.04800
data_price_hour_abs_02_amount: 1.04800
data_price_hour_rel_-11_amount: 0.56100
data_price_hour_abs_03_amount: 0.56100
data_price_hour_rel_-10_amount: 1.00100
data_price_hour_abs_04_amount: 1.00100
data_price_hour_rel_-09_amount: 2.98000
data_price_hour_abs_05_amount: 2.98000
data_price_hour_rel_-08_amount: 7.05100
data_price_hour_abs_06_amount: 7.05100
data_price_hour_rel_-07_amount: 10.13900
data_price_hour_abs_07_amount: 10.13900
data_price_hour_rel_-06_amount: 9.25300
data_price_hour_abs_08_amount: 9.25300
data_price_hour_rel_-05_amount: 7.37600
data_price_hour_abs_09_amount: 7.37600
data_price_hour_rel_-04_amount: 6.22200
data_price_hour_abs_10_amount: 6.22200
data_price_hour_rel_-03_amount: 5.20200
data_price_hour_abs_11_amount: 5.20200
data_price_hour_rel_-02_amount: 4.65400
data_price_hour_abs_12_amount: 4.65400
data_price_hour_rel_-01_amount: 4.75200
data_price_hour_abs_13_amount: 4.75200
data_price_hour_rel_+00_amount: 6.00400
data_price_hour_abs_14_amount: 6.00400
data_price_hour_rel_+01_amount: 6.35500
data_price_hour_abs_15_amount: 6.35500
data_price_hour_rel_+02_amount: 9.26800
data_price_hour_abs_16_amount: 9.26800
data_price_hour_rel_+03_amount: 12.36000
data_price_hour_abs_17_amount: 12.36000
data_price_hour_rel_+04_amount: 18.62100
data_price_hour_abs_18_amount: 18.62100
data_price_hour_rel_+05_amount: 17.21900
data_price_hour_abs_19_amount: 17.21900
data_price_hour_rel_+06_amount: 11.75000
data_price_hour_abs_20_amount: 11.75000
data_price_hour_rel_+07_amount: 9.78100
data_price_hour_abs_21_amount: 9.78100
data_price_hour_rel_+08_amount: 8.90500
data_price_hour_abs_22_amount: 8.90500
data_price_hour_rel_+09_amount: 8.22100
data_price_hour_abs_23_amount: 8.22100