date_now: 2024-05-29 14:23:11
date_now_epoch: 1716985391131
date_now_day: 29
date_now_month: 5
date_now_year: 2024
date_start: 2024-05-29 00:00:00
date_end: 2024-05-29 23:59:59
price_low: 4.59100
price_high: 14.32600
price_median: 7.08200
price_average: 7.91767
price_current: 6.21800
price_unit: Cent/kWh
price_threshold_00: 4.59100
price_threshold_01: 4.98300
price_threshold_02: 5.05900
price_threshold_03: 5.42800
price_threshold_04: 5.75400
price_threshold_05: 5.90700
price_threshold_06: 6.21200
price_threshold_07: 6.21800
price_threshold_08: 6.22500
price_threshold_09: 6.78500
price_threshold_10: 6.91100
price_threshold_11: 6.94900
price_threshold_12: 7.21500
price_threshold_13: 7.22200
price_threshold_14: 7.26700
price_threshold_15: 8.64500
price_threshold_16: 8.92300
price_threshold_17: 9.15200
price_threshold_18: 9.46600
price_threshold_19: 9.55300
price_threshold_20: 11.14400
price_threshold_21: 12.03900
price_threshold_22: 14.05000
price_threshold_23: 14.32600
data_price_hour_rel_-14_amount: 7.22200
data_price_hour_abs_00_amount: 7.22200
data_price_hour_rel_-13_amount: 5.75400
data_price_hour_abs_01_amount: 5.75400
data_price_hour_rel_-12_amount: 5.42800
data_price_hour_abs_02_amount: 5.42800
data_price_hour_rel_-11_amount: 5.05900
data_price_hour_abs_03_amount: 5.05900
data_price_hour_rel_-10_amount: 4.98300
data_price_hour_abs_04_amount: 4.98300
data_price_hour_rel_-09_amount: 4.59100
data_price_hour_abs_05_amount: 4.59100
data_price_hour_rel_-08_amount: 7.21500
data_price_hour_abs_06_amount: 7.21500
data_price_hour_rel_-07_amount: 8.64500
data_price_hour_abs_07_amount: 8.64500
data_price_hour_rel_-06_amount: 9.15200
data_price_hour_abs_08_amount: 9.15200
data_price_hour_rel_-05_amount: 6.91100
data_price_hour_abs_09_amount: 6.91100
data_price_hour_rel_-04_amount: 6.78500
data_price_hour_abs_10_amount: 6.78500
data_price_hour_rel_-03_amount: 6.21200
data_price_hour_abs_11_amount: 6.21200
data_price_hour_rel_-02_amount: 5.90700
data_price_hour_abs_12_amount: 5.90700
data_price_hour_rel_-01_amount: 6.22500
data_price_hour_abs_13_amount: 6.22500
data_price_hour_rel_+00_amount: 6.21800
data_price_hour_abs_14_amount: 6.21800
data_price_hour_rel_+01_amount: 6.94900
data_price_hour_abs_15_amount: 6.94900
data_price_hour_rel_+02_amount: 7.26700
data_price_hour_abs_16_amount: 7.26700
data_price_hour_rel_+03_amount: 8.92300
data_price_hour_abs_17_amount: 8.92300
data_price_hour_rel_+04_amount: 9.46600
data_price_hour_abs_18_amount: 9.46600
data_price_hour_rel_+05_amount: 11.14400
data_price_hour_abs_19_amount: 11.14400
data_price_hour_rel_+06_amount: 14.05000
data_price_hour_abs_20_amount: 14.05000
data_price_hour_rel_+07_amount: 14.32600
data_price_hour_abs_21_amount: 14.32600
data_price_hour_rel_+08_amount: 12.03900
data_price_hour_abs_22_amount: 12.03900
data_price_hour_rel_+09_amount: 9.55300
data_price_hour_abs_23_amount: 9.55300