date_now: 2024-06-26 14:25:19
date_now_epoch: 1719404719199
date_now_day: 26
date_now_month: 6
date_now_year: 2024
date_start: 2024-06-26 00:00:00
date_end: 2024-06-26 23:59:59
price_low: -0.00600
price_high: 232.58300
price_median: 35.00150
price_average: 49.20350
price_current: 0.62300
price_unit: Cent/kWh
price_threshold_00: -0.00600
price_threshold_01: -0.00200
price_threshold_02: 0.62300
price_threshold_03: 2.49400
price_threshold_04: 6.14800
price_threshold_05: 6.50300
price_threshold_06: 7.58400
price_threshold_07: 9.81000
price_threshold_08: 14.26900
price_threshold_09: 23.51300
price_threshold_10: 27.97500
price_threshold_11: 30.00300
price_threshold_12: 40.00000
price_threshold_13: 40.00100
price_threshold_14: 40.00400
price_threshold_15: 40.00600
price_threshold_16: 40.00700
price_threshold_17: 40.49100
price_threshold_18: 98.87100
price_threshold_19: 99.90900
price_threshold_20: 100.00000
price_threshold_21: 100.46600
price_threshold_22: 179.63200
price_threshold_23: 232.58300
data_price_hour_rel_-14_amount: 30.00300
data_price_hour_abs_00_amount: 30.00300
data_price_hour_rel_-13_amount: 23.51300
data_price_hour_abs_01_amount: 23.51300
data_price_hour_rel_-12_amount: 27.97500
data_price_hour_abs_02_amount: 27.97500
data_price_hour_rel_-11_amount: 40.00000
data_price_hour_abs_03_amount: 40.00000
data_price_hour_rel_-10_amount: 40.00400
data_price_hour_abs_04_amount: 40.00400
data_price_hour_rel_-09_amount: 98.87100
data_price_hour_abs_05_amount: 98.87100
data_price_hour_rel_-08_amount: 232.58300
data_price_hour_abs_06_amount: 232.58300
data_price_hour_rel_-07_amount: 100.00000
data_price_hour_abs_07_amount: 100.00000
data_price_hour_rel_-06_amount: 40.00100
data_price_hour_abs_08_amount: 40.00100
data_price_hour_rel_-05_amount: 9.81000
data_price_hour_abs_09_amount: 9.81000
data_price_hour_rel_-04_amount: 6.14800
data_price_hour_abs_10_amount: 6.14800
data_price_hour_rel_-03_amount: 2.49400
data_price_hour_abs_11_amount: 2.49400
data_price_hour_rel_-02_amount: -0.00600
data_price_hour_abs_12_amount: -0.00600
data_price_hour_rel_-01_amount: -0.00200
data_price_hour_abs_13_amount: -0.00200
data_price_hour_rel_+00_amount: 0.62300
data_price_hour_abs_14_amount: 0.62300
data_price_hour_rel_+01_amount: 6.50300
data_price_hour_abs_15_amount: 6.50300
data_price_hour_rel_+02_amount: 7.58400
data_price_hour_abs_16_amount: 7.58400
data_price_hour_rel_+03_amount: 14.26900
data_price_hour_abs_17_amount: 14.26900
data_price_hour_rel_+04_amount: 40.00700
data_price_hour_abs_18_amount: 40.00700
data_price_hour_rel_+05_amount: 99.90900
data_price_hour_abs_19_amount: 99.90900
data_price_hour_rel_+06_amount: 179.63200
data_price_hour_abs_20_amount: 179.63200
data_price_hour_rel_+07_amount: 100.46600
data_price_hour_abs_21_amount: 100.46600
data_price_hour_rel_+08_amount: 40.49100
data_price_hour_abs_22_amount: 40.49100
data_price_hour_rel_+09_amount: 40.00600
data_price_hour_abs_23_amount: 40.00600