date_now: 2024-08-08 14:24:57
date_now_epoch: 1723119897471
date_now_day: 8
date_now_month: 8
date_now_year: 2024
date_start: 2024-08-08 00:00:00
date_end: 2024-08-08 23:59:59
price_low: 3.21800
price_high: 19.73100
price_median: 9.09150
price_average: 9.31546
price_current: 3.21800
price_unit: Cent/kWh
price_threshold_00: 3.21800
price_threshold_01: 4.02400
price_threshold_02: 4.04900
price_threshold_03: 5.70900
price_threshold_04: 5.78100
price_threshold_05: 7.16000
price_threshold_06: 8.05200
price_threshold_07: 8.61000
price_threshold_08: 8.73600
price_threshold_09: 8.80600
price_threshold_10: 8.80600
price_threshold_11: 8.82700
price_threshold_12: 9.35600
price_threshold_13: 9.61100
price_threshold_14: 9.64300
price_threshold_15: 10.19200
price_threshold_16: 10.20000
price_threshold_17: 10.68400
price_threshold_18: 11.09300
price_threshold_19: 11.44100
price_threshold_20: 12.49300
price_threshold_21: 13.50000
price_threshold_22: 13.84900
price_threshold_23: 19.73100
data_price_hour_rel_-14_amount: 9.64300
data_price_hour_abs_00_amount: 9.64300
data_price_hour_rel_-13_amount: 8.80600
data_price_hour_abs_01_amount: 8.80600
data_price_hour_rel_-12_amount: 8.73600
data_price_hour_abs_02_amount: 8.73600
data_price_hour_rel_-11_amount: 8.80600
data_price_hour_abs_03_amount: 8.80600
data_price_hour_rel_-10_amount: 8.82700
data_price_hour_abs_04_amount: 8.82700
data_price_hour_rel_-09_amount: 9.61100
data_price_hour_abs_05_amount: 9.61100
data_price_hour_rel_-08_amount: 11.09300
data_price_hour_abs_06_amount: 11.09300
data_price_hour_rel_-07_amount: 12.49300
data_price_hour_abs_07_amount: 12.49300
data_price_hour_rel_-06_amount: 11.44100
data_price_hour_abs_08_amount: 11.44100
data_price_hour_rel_-05_amount: 10.68400
data_price_hour_abs_09_amount: 10.68400
data_price_hour_rel_-04_amount: 8.61000
data_price_hour_abs_10_amount: 8.61000
data_price_hour_rel_-03_amount: 7.16000
data_price_hour_abs_11_amount: 7.16000
data_price_hour_rel_-02_amount: 5.70900
data_price_hour_abs_12_amount: 5.70900
data_price_hour_rel_-01_amount: 4.04900
data_price_hour_abs_13_amount: 4.04900
data_price_hour_rel_+00_amount: 3.21800
data_price_hour_abs_14_amount: 3.21800
data_price_hour_rel_+01_amount: 4.02400
data_price_hour_abs_15_amount: 4.02400
data_price_hour_rel_+02_amount: 5.78100
data_price_hour_abs_16_amount: 5.78100
data_price_hour_rel_+03_amount: 8.05200
data_price_hour_abs_17_amount: 8.05200
data_price_hour_rel_+04_amount: 10.19200
data_price_hour_abs_18_amount: 10.19200
data_price_hour_rel_+05_amount: 13.84900
data_price_hour_abs_19_amount: 13.84900
data_price_hour_rel_+06_amount: 19.73100
data_price_hour_abs_20_amount: 19.73100
data_price_hour_rel_+07_amount: 13.50000
data_price_hour_abs_21_amount: 13.50000
data_price_hour_rel_+08_amount: 10.20000
data_price_hour_abs_22_amount: 10.20000
data_price_hour_rel_+09_amount: 9.35600
data_price_hour_abs_23_amount: 9.35600