date_now: 2024-03-10 13:18:05
date_now_epoch: 1710073085292
date_now_day: 10
date_now_month: 3
date_now_year: 2024
date_start: 2024-03-10 00:00:00
date_end: 2024-03-10 23:59:59
price_low: -0.99800
price_high: 6.63500
price_median: 3.75200
price_average: 3.39967
price_current: -0.99800
price_unit: Cent/kWh
price_threshold_00: -0.99800
price_threshold_01: -0.82400
price_threshold_02: -0.05100
price_threshold_03: -0.01000
price_threshold_04: 0.23500
price_threshold_05: 1.44100
price_threshold_06: 2.52500
price_threshold_07: 3.22800
price_threshold_08: 3.23900
price_threshold_09: 3.39100
price_threshold_10: 3.48200
price_threshold_11: 3.55500
price_threshold_12: 3.94900
price_threshold_13: 4.09800
price_threshold_14: 4.60600
price_threshold_15: 4.79600
price_threshold_16: 4.86500
price_threshold_17: 5.20500
price_threshold_18: 5.30800
price_threshold_19: 5.37400
price_threshold_20: 5.59700
price_threshold_21: 5.71400
price_threshold_22: 6.23200
price_threshold_23: 6.63500
data_price_hour_rel_-13_amount: 4.86500
data_price_hour_abs_00_amount: 4.86500
data_price_hour_rel_-12_amount: 4.60600
data_price_hour_abs_01_amount: 4.60600
data_price_hour_rel_-11_amount: 4.09800
data_price_hour_abs_02_amount: 4.09800
data_price_hour_rel_-10_amount: 3.55500
data_price_hour_abs_03_amount: 3.55500
data_price_hour_rel_-09_amount: 3.23900
data_price_hour_abs_04_amount: 3.23900
data_price_hour_rel_-08_amount: 3.22800
data_price_hour_abs_05_amount: 3.22800
data_price_hour_rel_-07_amount: 3.39100
data_price_hour_abs_06_amount: 3.39100
data_price_hour_rel_-06_amount: 3.94900
data_price_hour_abs_07_amount: 3.94900
data_price_hour_rel_-05_amount: 3.48200
data_price_hour_abs_08_amount: 3.48200
data_price_hour_rel_-04_amount: 2.52500
data_price_hour_abs_09_amount: 2.52500
data_price_hour_rel_-03_amount: 0.23500
data_price_hour_abs_10_amount: 0.23500
data_price_hour_rel_-02_amount: -0.01000
data_price_hour_abs_11_amount: -0.01000
data_price_hour_rel_-01_amount: -0.82400
data_price_hour_abs_12_amount: -0.82400
data_price_hour_rel_+00_amount: -0.99800
data_price_hour_abs_13_amount: -0.99800
data_price_hour_rel_+01_amount: -0.05100
data_price_hour_abs_14_amount: -0.05100
data_price_hour_rel_+02_amount: 1.44100
data_price_hour_abs_15_amount: 1.44100
data_price_hour_rel_+03_amount: 4.79600
data_price_hour_abs_16_amount: 4.79600
data_price_hour_rel_+04_amount: 5.59700
data_price_hour_abs_17_amount: 5.59700
data_price_hour_rel_+05_amount: 6.63500
data_price_hour_abs_18_amount: 6.63500
data_price_hour_rel_+06_amount: 6.23200
data_price_hour_abs_19_amount: 6.23200
data_price_hour_rel_+07_amount: 5.71400
data_price_hour_abs_20_amount: 5.71400
data_price_hour_rel_+08_amount: 5.37400
data_price_hour_abs_21_amount: 5.37400
data_price_hour_rel_+09_amount: 5.30800
data_price_hour_abs_22_amount: 5.30800
data_price_hour_rel_+10_amount: 5.20500
data_price_hour_abs_23_amount: 5.20500