date_now: 2024-11-14 13:29:21
date_now_epoch: 1731587361001
date_now_day: 14
date_now_month: 11
date_now_year: 2024
date_start: 2024-11-14 00:00:00
date_end: 2024-11-14 23:59:59
price_low: 9.14100
price_high: 15.59100
price_median: 12.43800
price_average: 12.20167
price_current: 12.74000
price_unit: Cent/kWh
price_threshold_00: 9.14100
price_threshold_01: 9.22400
price_threshold_02: 9.22500
price_threshold_03: 9.60100
price_threshold_04: 9.98300
price_threshold_05: 10.17000
price_threshold_06: 10.34400
price_threshold_07: 11.24800
price_threshold_08: 11.56100
price_threshold_09: 12.16800
price_threshold_10: 12.28900
price_threshold_11: 12.39200
price_threshold_12: 12.48400
price_threshold_13: 12.56500
price_threshold_14: 12.71400
price_threshold_15: 12.74000
price_threshold_16: 12.94400
price_threshold_17: 13.40100
price_threshold_18: 13.85800
price_threshold_19: 14.21800
price_threshold_20: 14.74100
price_threshold_21: 14.82900
price_threshold_22: 15.40900
price_threshold_23: 15.59100
data_price_hour_rel_-13_amount: 10.17000
data_price_hour_abs_00_amount: 10.17000
data_price_hour_rel_-12_amount: 9.98300
data_price_hour_abs_01_amount: 9.98300
data_price_hour_rel_-11_amount: 9.60100
data_price_hour_abs_02_amount: 9.60100
data_price_hour_rel_-10_amount: 9.22500
data_price_hour_abs_03_amount: 9.22500
data_price_hour_rel_-09_amount: 9.14100
data_price_hour_abs_04_amount: 9.14100
data_price_hour_rel_-08_amount: 9.22400
data_price_hour_abs_05_amount: 9.22400
data_price_hour_rel_-07_amount: 10.34400
data_price_hour_abs_06_amount: 10.34400
data_price_hour_rel_-06_amount: 11.56100
data_price_hour_abs_07_amount: 11.56100
data_price_hour_rel_-05_amount: 12.71400
data_price_hour_abs_08_amount: 12.71400
data_price_hour_rel_-04_amount: 12.39200
data_price_hour_abs_09_amount: 12.39200
data_price_hour_rel_-03_amount: 12.56500
data_price_hour_abs_10_amount: 12.56500
data_price_hour_rel_-02_amount: 12.48400
data_price_hour_abs_11_amount: 12.48400
data_price_hour_rel_-01_amount: 12.16800
data_price_hour_abs_12_amount: 12.16800
data_price_hour_rel_+00_amount: 12.74000
data_price_hour_abs_13_amount: 12.74000
data_price_hour_rel_+01_amount: 13.40100
data_price_hour_abs_14_amount: 13.40100
data_price_hour_rel_+02_amount: 14.21800
data_price_hour_abs_15_amount: 14.21800
data_price_hour_rel_+03_amount: 14.74100
data_price_hour_abs_16_amount: 14.74100
data_price_hour_rel_+04_amount: 15.59100
data_price_hour_abs_17_amount: 15.59100
data_price_hour_rel_+05_amount: 15.40900
data_price_hour_abs_18_amount: 15.40900
data_price_hour_rel_+06_amount: 14.82900
data_price_hour_abs_19_amount: 14.82900
data_price_hour_rel_+07_amount: 13.85800
data_price_hour_abs_20_amount: 13.85800
data_price_hour_rel_+08_amount: 12.94400
data_price_hour_abs_21_amount: 12.94400
data_price_hour_rel_+09_amount: 12.28900
data_price_hour_abs_22_amount: 12.28900
data_price_hour_rel_+10_amount: 11.24800
data_price_hour_abs_23_amount: 11.24800