date_now: 2024-07-24 14:24:05
date_now_epoch: 1721823845238
date_now_day: 24
date_now_month: 7
date_now_year: 2024
date_start: 2024-07-24 00:00:00
date_end: 2024-07-24 23:59:59
price_low: -0.20600
price_high: 12.89000
price_median: 7.49200
price_average: 6.58625
price_current: -0.20600
price_unit: Cent/kWh
price_threshold_00: -0.20600
price_threshold_01: -0.19600
price_threshold_02: -0.01500
price_threshold_03: 0.15800
price_threshold_04: 0.22100
price_threshold_05: 2.11900
price_threshold_06: 3.92700
price_threshold_07: 5.49000
price_threshold_08: 6.93400
price_threshold_09: 7.25600
price_threshold_10: 7.29100
price_threshold_11: 7.48500
price_threshold_12: 7.49900
price_threshold_13: 7.57700
price_threshold_14: 7.83300
price_threshold_15: 8.35500
price_threshold_16: 9.50300
price_threshold_17: 9.59000
price_threshold_18: 9.91900
price_threshold_19: 10.30700
price_threshold_20: 10.95800
price_threshold_21: 10.99300
price_threshold_22: 12.18200
price_threshold_23: 12.89000
data_price_hour_rel_-14_amount: 8.35500
data_price_hour_abs_00_amount: 8.35500
data_price_hour_rel_-13_amount: 7.83300
data_price_hour_abs_01_amount: 7.83300
data_price_hour_rel_-12_amount: 7.25600
data_price_hour_abs_02_amount: 7.25600
data_price_hour_rel_-11_amount: 7.48500
data_price_hour_abs_03_amount: 7.48500
data_price_hour_rel_-10_amount: 7.49900
data_price_hour_abs_04_amount: 7.49900
data_price_hour_rel_-09_amount: 7.57700
data_price_hour_abs_05_amount: 7.57700
data_price_hour_rel_-08_amount: 10.30700
data_price_hour_abs_06_amount: 10.30700
data_price_hour_rel_-07_amount: 12.89000
data_price_hour_abs_07_amount: 12.89000
data_price_hour_rel_-06_amount: 9.91900
data_price_hour_abs_08_amount: 9.91900
data_price_hour_rel_-05_amount: 7.29100
data_price_hour_abs_09_amount: 7.29100
data_price_hour_rel_-04_amount: 5.49000
data_price_hour_abs_10_amount: 5.49000
data_price_hour_rel_-03_amount: 2.11900
data_price_hour_abs_11_amount: 2.11900
data_price_hour_rel_-02_amount: 0.15800
data_price_hour_abs_12_amount: 0.15800
data_price_hour_rel_-01_amount: -0.01500
data_price_hour_abs_13_amount: -0.01500
data_price_hour_rel_+00_amount: -0.20600
data_price_hour_abs_14_amount: -0.20600
data_price_hour_rel_+01_amount: -0.19600
data_price_hour_abs_15_amount: -0.19600
data_price_hour_rel_+02_amount: 0.22100
data_price_hour_abs_16_amount: 0.22100
data_price_hour_rel_+03_amount: 3.92700
data_price_hour_abs_17_amount: 3.92700
data_price_hour_rel_+04_amount: 6.93400
data_price_hour_abs_18_amount: 6.93400
data_price_hour_rel_+05_amount: 9.59000
data_price_hour_abs_19_amount: 9.59000
data_price_hour_rel_+06_amount: 10.99300
data_price_hour_abs_20_amount: 10.99300
data_price_hour_rel_+07_amount: 12.18200
data_price_hour_abs_21_amount: 12.18200
data_price_hour_rel_+08_amount: 10.95800
data_price_hour_abs_22_amount: 10.95800
data_price_hour_rel_+09_amount: 9.50300
data_price_hour_abs_23_amount: 9.50300