date_now: 2024-05-21 14:22:27
date_now_epoch: 1716294147733
date_now_day: 21
date_now_month: 5
date_now_year: 2024
date_start: 2024-05-21 00:00:00
date_end: 2024-05-21 23:59:59
price_low: 2.84700
price_high: 12.69800
price_median: 7.95950
price_average: 7.98133
price_current: 5.40900
price_unit: Cent/kWh
price_threshold_00: 2.84700
price_threshold_01: 3.13400
price_threshold_02: 5.40900
price_threshold_03: 5.44200
price_threshold_04: 6.59100
price_threshold_05: 6.69800
price_threshold_06: 6.96500
price_threshold_07: 7.49300
price_threshold_08: 7.62100
price_threshold_09: 7.64000
price_threshold_10: 7.79200
price_threshold_11: 7.95800
price_threshold_12: 7.96100
price_threshold_13: 8.14600
price_threshold_14: 8.18600
price_threshold_15: 8.30500
price_threshold_16: 8.35800
price_threshold_17: 8.79800
price_threshold_18: 9.73500
price_threshold_19: 9.90700
price_threshold_20: 10.34400
price_threshold_21: 11.22600
price_threshold_22: 12.29800
price_threshold_23: 12.69800
data_price_hour_rel_-14_amount: 8.14600
data_price_hour_abs_00_amount: 8.14600
data_price_hour_rel_-13_amount: 7.64000
data_price_hour_abs_01_amount: 7.64000
data_price_hour_rel_-12_amount: 7.62100
data_price_hour_abs_02_amount: 7.62100
data_price_hour_rel_-11_amount: 7.79200
data_price_hour_abs_03_amount: 7.79200
data_price_hour_rel_-10_amount: 7.49300
data_price_hour_abs_04_amount: 7.49300
data_price_hour_rel_-09_amount: 7.95800
data_price_hour_abs_05_amount: 7.95800
data_price_hour_rel_-08_amount: 11.22600
data_price_hour_abs_06_amount: 11.22600
data_price_hour_rel_-07_amount: 12.29800
data_price_hour_abs_07_amount: 12.29800
data_price_hour_rel_-06_amount: 9.73500
data_price_hour_abs_08_amount: 9.73500
data_price_hour_rel_-05_amount: 8.18600
data_price_hour_abs_09_amount: 8.18600
data_price_hour_rel_-04_amount: 6.69800
data_price_hour_abs_10_amount: 6.69800
data_price_hour_rel_-03_amount: 5.44200
data_price_hour_abs_11_amount: 5.44200
data_price_hour_rel_-02_amount: 2.84700
data_price_hour_abs_12_amount: 2.84700
data_price_hour_rel_-01_amount: 3.13400
data_price_hour_abs_13_amount: 3.13400
data_price_hour_rel_+00_amount: 5.40900
data_price_hour_abs_14_amount: 5.40900
data_price_hour_rel_+01_amount: 6.96500
data_price_hour_abs_15_amount: 6.96500
data_price_hour_rel_+02_amount: 7.96100
data_price_hour_abs_16_amount: 7.96100
data_price_hour_rel_+03_amount: 8.79800
data_price_hour_abs_17_amount: 8.79800
data_price_hour_rel_+04_amount: 10.34400
data_price_hour_abs_18_amount: 10.34400
data_price_hour_rel_+05_amount: 12.69800
data_price_hour_abs_19_amount: 12.69800
data_price_hour_rel_+06_amount: 9.90700
data_price_hour_abs_20_amount: 9.90700
data_price_hour_rel_+07_amount: 8.35800
data_price_hour_abs_21_amount: 8.35800
data_price_hour_rel_+08_amount: 8.30500
data_price_hour_abs_22_amount: 8.30500
data_price_hour_rel_+09_amount: 6.59100
data_price_hour_abs_23_amount: 6.59100