date_now: 2024-08-07 14:26:13
date_now_epoch: 1723033573785
date_now_day: 7
date_now_month: 8
date_now_year: 2024
date_start: 2024-08-07 00:00:00
date_end: 2024-08-07 23:59:59
price_low: 3.50500
price_high: 14.92800
price_median: 9.01500
price_average: 9.29096
price_current: 5.11900
price_unit: Cent/kWh
price_threshold_00: 3.50500
price_threshold_01: 4.21400
price_threshold_02: 5.11900
price_threshold_03: 6.24900
price_threshold_04: 6.92800
price_threshold_05: 7.35600
price_threshold_06: 7.92900
price_threshold_07: 8.32400
price_threshold_08: 8.32400
price_threshold_09: 8.57400
price_threshold_10: 8.64300
price_threshold_11: 8.89100
price_threshold_12: 9.13900
price_threshold_13: 10.27800
price_threshold_14: 10.43600
price_threshold_15: 10.52000
price_threshold_16: 10.64100
price_threshold_17: 10.90600
price_threshold_18: 11.27400
price_threshold_19: 11.97500
price_threshold_20: 12.60700
price_threshold_21: 12.79800
price_threshold_22: 13.42500
price_threshold_23: 14.92800
data_price_hour_rel_-14_amount: 9.13900
data_price_hour_abs_00_amount: 9.13900
data_price_hour_rel_-13_amount: 8.32400
data_price_hour_abs_01_amount: 8.32400
data_price_hour_rel_-12_amount: 7.92900
data_price_hour_abs_02_amount: 7.92900
data_price_hour_rel_-11_amount: 8.32400
data_price_hour_abs_03_amount: 8.32400
data_price_hour_rel_-10_amount: 8.64300
data_price_hour_abs_04_amount: 8.64300
data_price_hour_rel_-09_amount: 10.43600
data_price_hour_abs_05_amount: 10.43600
data_price_hour_rel_-08_amount: 12.60700
data_price_hour_abs_06_amount: 12.60700
data_price_hour_rel_-07_amount: 12.79800
data_price_hour_abs_07_amount: 12.79800
data_price_hour_rel_-06_amount: 10.90600
data_price_hour_abs_08_amount: 10.90600
data_price_hour_rel_-05_amount: 8.89100
data_price_hour_abs_09_amount: 8.89100
data_price_hour_rel_-04_amount: 7.35600
data_price_hour_abs_10_amount: 7.35600
data_price_hour_rel_-03_amount: 6.24900
data_price_hour_abs_11_amount: 6.24900
data_price_hour_rel_-02_amount: 4.21400
data_price_hour_abs_12_amount: 4.21400
data_price_hour_rel_-01_amount: 3.50500
data_price_hour_abs_13_amount: 3.50500
data_price_hour_rel_+00_amount: 5.11900
data_price_hour_abs_14_amount: 5.11900
data_price_hour_rel_+01_amount: 6.92800
data_price_hour_abs_15_amount: 6.92800
data_price_hour_rel_+02_amount: 8.57400
data_price_hour_abs_16_amount: 8.57400
data_price_hour_rel_+03_amount: 10.52000
data_price_hour_abs_17_amount: 10.52000
data_price_hour_rel_+04_amount: 10.64100
data_price_hour_abs_18_amount: 10.64100
data_price_hour_rel_+05_amount: 11.97500
data_price_hour_abs_19_amount: 11.97500
data_price_hour_rel_+06_amount: 14.92800
data_price_hour_abs_20_amount: 14.92800
data_price_hour_rel_+07_amount: 13.42500
data_price_hour_abs_21_amount: 13.42500
data_price_hour_rel_+08_amount: 11.27400
data_price_hour_abs_22_amount: 11.27400
data_price_hour_rel_+09_amount: 10.27800
data_price_hour_abs_23_amount: 10.27800