date_now: 2024-12-13 13:30:46
date_now_epoch: 1734093046447
date_now_day: 13
date_now_month: 12
date_now_year: 2024
date_start: 2024-12-13 00:00:00
date_end: 2024-12-13 23:59:59
price_low: 11.49500
price_high: 28.42100
price_median: 17.02300
price_average: 17.84662
price_current: 16.50000
price_unit: Cent/kWh
price_threshold_00: 11.49500
price_threshold_01: 11.56400
price_threshold_02: 11.65200
price_threshold_03: 11.89700
price_threshold_04: 12.29000
price_threshold_05: 12.58300
price_threshold_06: 13.00700
price_threshold_07: 13.50900
price_threshold_08: 14.62200
price_threshold_09: 15.65300
price_threshold_10: 16.50000
price_threshold_11: 16.60600
price_threshold_12: 17.44000
price_threshold_13: 17.50000
price_threshold_14: 18.45000
price_threshold_15: 18.77100
price_threshold_16: 20.84200
price_threshold_17: 22.07700
price_threshold_18: 22.56000
price_threshold_19: 24.57400
price_threshold_20: 25.00600
price_threshold_21: 25.30000
price_threshold_22: 26.00000
price_threshold_23: 28.42100
data_price_hour_rel_-13_amount: 13.00700
data_price_hour_abs_00_amount: 13.00700
data_price_hour_rel_-12_amount: 12.29000
data_price_hour_abs_01_amount: 12.29000
data_price_hour_rel_-11_amount: 11.89700
data_price_hour_abs_02_amount: 11.89700
data_price_hour_rel_-10_amount: 11.49500
data_price_hour_abs_03_amount: 11.49500
data_price_hour_rel_-09_amount: 11.56400
data_price_hour_abs_04_amount: 11.56400
data_price_hour_rel_-08_amount: 12.58300
data_price_hour_abs_05_amount: 12.58300
data_price_hour_rel_-07_amount: 15.65300
data_price_hour_abs_06_amount: 15.65300
data_price_hour_rel_-06_amount: 18.77100
data_price_hour_abs_07_amount: 18.77100
data_price_hour_rel_-05_amount: 25.30000
data_price_hour_abs_08_amount: 25.30000
data_price_hour_rel_-04_amount: 24.57400
data_price_hour_abs_09_amount: 24.57400
data_price_hour_rel_-03_amount: 20.84200
data_price_hour_abs_10_amount: 20.84200
data_price_hour_rel_-02_amount: 17.44000
data_price_hour_abs_11_amount: 17.44000
data_price_hour_rel_-01_amount: 16.60600
data_price_hour_abs_12_amount: 16.60600
data_price_hour_rel_+00_amount: 16.50000
data_price_hour_abs_13_amount: 16.50000
data_price_hour_rel_+01_amount: 18.45000
data_price_hour_abs_14_amount: 18.45000
data_price_hour_rel_+02_amount: 22.07700
data_price_hour_abs_15_amount: 22.07700
data_price_hour_rel_+03_amount: 25.00600
data_price_hour_abs_16_amount: 25.00600
data_price_hour_rel_+04_amount: 28.42100
data_price_hour_abs_17_amount: 28.42100
data_price_hour_rel_+05_amount: 26.00000
data_price_hour_abs_18_amount: 26.00000
data_price_hour_rel_+06_amount: 22.56000
data_price_hour_abs_19_amount: 22.56000
data_price_hour_rel_+07_amount: 17.50000
data_price_hour_abs_20_amount: 17.50000
data_price_hour_rel_+08_amount: 14.62200
data_price_hour_abs_21_amount: 14.62200
data_price_hour_rel_+09_amount: 13.50900
data_price_hour_abs_22_amount: 13.50900
data_price_hour_rel_+10_amount: 11.65200
data_price_hour_abs_23_amount: 11.65200