date_now: 2024-03-16 13:21:25
date_now_epoch: 1710591685812
date_now_day: 16
date_now_month: 3
date_now_year: 2024
date_start: 2024-03-16 00:00:00
date_end: 2024-03-16 23:59:59
price_low: 1.09900
price_high: 8.73100
price_median: 4.59300
price_average: 5.03613
price_current: 2.10200
price_unit: Cent/kWh
price_threshold_00: 1.09900
price_threshold_01: 2.10200
price_threshold_02: 3.10100
price_threshold_03: 3.67000
price_threshold_04: 3.86700
price_threshold_05: 3.88800
price_threshold_06: 4.03400
price_threshold_07: 4.06900
price_threshold_08: 4.16200
price_threshold_09: 4.20100
price_threshold_10: 4.41200
price_threshold_11: 4.48800
price_threshold_12: 4.69800
price_threshold_13: 4.70100
price_threshold_14: 4.72600
price_threshold_15: 5.13100
price_threshold_16: 5.22400
price_threshold_17: 6.71000
price_threshold_18: 7.20800
price_threshold_19: 7.23100
price_threshold_20: 7.29900
price_threshold_21: 7.94600
price_threshold_22: 8.16900
price_threshold_23: 8.73100
data_price_hour_rel_-13_amount: 4.41200
data_price_hour_abs_00_amount: 4.41200
data_price_hour_rel_-12_amount: 4.20100
data_price_hour_abs_01_amount: 4.20100
data_price_hour_rel_-11_amount: 4.06900
data_price_hour_abs_02_amount: 4.06900
data_price_hour_rel_-10_amount: 3.88800
data_price_hour_abs_03_amount: 3.88800
data_price_hour_rel_-09_amount: 3.86700
data_price_hour_abs_04_amount: 3.86700
data_price_hour_rel_-08_amount: 4.03400
data_price_hour_abs_05_amount: 4.03400
data_price_hour_rel_-07_amount: 4.72600
data_price_hour_abs_06_amount: 4.72600
data_price_hour_rel_-06_amount: 5.13100
data_price_hour_abs_07_amount: 5.13100
data_price_hour_rel_-05_amount: 5.22400
data_price_hour_abs_08_amount: 5.22400
data_price_hour_rel_-04_amount: 4.70100
data_price_hour_abs_09_amount: 4.70100
data_price_hour_rel_-03_amount: 4.48800
data_price_hour_abs_10_amount: 4.48800
data_price_hour_rel_-02_amount: 4.16200
data_price_hour_abs_11_amount: 4.16200
data_price_hour_rel_-01_amount: 3.67000
data_price_hour_abs_12_amount: 3.67000
data_price_hour_rel_+00_amount: 2.10200
data_price_hour_abs_13_amount: 2.10200
data_price_hour_rel_+01_amount: 1.09900
data_price_hour_abs_14_amount: 1.09900
data_price_hour_rel_+02_amount: 3.10100
data_price_hour_abs_15_amount: 3.10100
data_price_hour_rel_+03_amount: 4.69800
data_price_hour_abs_16_amount: 4.69800
data_price_hour_rel_+04_amount: 7.20800
data_price_hour_abs_17_amount: 7.20800
data_price_hour_rel_+05_amount: 8.16900
data_price_hour_abs_18_amount: 8.16900
data_price_hour_rel_+06_amount: 8.73100
data_price_hour_abs_19_amount: 8.73100
data_price_hour_rel_+07_amount: 7.94600
data_price_hour_abs_20_amount: 7.94600
data_price_hour_rel_+08_amount: 7.29900
data_price_hour_abs_21_amount: 7.29900
data_price_hour_rel_+09_amount: 7.23100
data_price_hour_abs_22_amount: 7.23100
data_price_hour_rel_+10_amount: 6.71000
data_price_hour_abs_23_amount: 6.71000