date_now: 2024-10-14 14:29:06
date_now_epoch: 1728908946853
date_now_day: 14
date_now_month: 10
date_now_year: 2024
date_start: 2024-10-14 00:00:00
date_end: 2024-10-14 23:59:59
price_low: 3.43600
price_high: 26.97400
price_median: 9.71350
price_average: 10.55863
price_current: 7.41600
price_unit: Cent/kWh
price_threshold_00: 3.43600
price_threshold_01: 3.51700
price_threshold_02: 3.52500
price_threshold_03: 3.71000
price_threshold_04: 3.93300
price_threshold_05: 6.22000
price_threshold_06: 7.41600
price_threshold_07: 8.26000
price_threshold_08: 8.70800
price_threshold_09: 8.83600
price_threshold_10: 9.48000
price_threshold_11: 9.55300
price_threshold_12: 9.87400
price_threshold_13: 9.96600
price_threshold_14: 10.09500
price_threshold_15: 10.57900
price_threshold_16: 11.41200
price_threshold_17: 11.79400
price_threshold_18: 13.28900
price_threshold_19: 15.36100
price_threshold_20: 15.80000
price_threshold_21: 15.95900
price_threshold_22: 25.71000
price_threshold_23: 26.97400
data_price_hour_rel_-14_amount: 3.71000
data_price_hour_abs_00_amount: 3.71000
data_price_hour_rel_-13_amount: 3.52500
data_price_hour_abs_01_amount: 3.52500
data_price_hour_rel_-12_amount: 3.51700
data_price_hour_abs_02_amount: 3.51700
data_price_hour_rel_-11_amount: 3.43600
data_price_hour_abs_03_amount: 3.43600
data_price_hour_rel_-10_amount: 3.93300
data_price_hour_abs_04_amount: 3.93300
data_price_hour_rel_-09_amount: 6.22000
data_price_hour_abs_05_amount: 6.22000
data_price_hour_rel_-08_amount: 9.87400
data_price_hour_abs_06_amount: 9.87400
data_price_hour_rel_-07_amount: 13.28900
data_price_hour_abs_07_amount: 13.28900
data_price_hour_rel_-06_amount: 15.36100
data_price_hour_abs_08_amount: 15.36100
data_price_hour_rel_-05_amount: 11.79400
data_price_hour_abs_09_amount: 11.79400
data_price_hour_rel_-04_amount: 10.09500
data_price_hour_abs_10_amount: 10.09500
data_price_hour_rel_-03_amount: 9.55300
data_price_hour_abs_11_amount: 9.55300
data_price_hour_rel_-02_amount: 8.83600
data_price_hour_abs_12_amount: 8.83600
data_price_hour_rel_-01_amount: 8.26000
data_price_hour_abs_13_amount: 8.26000
data_price_hour_rel_+00_amount: 7.41600
data_price_hour_abs_14_amount: 7.41600
data_price_hour_rel_+01_amount: 8.70800
data_price_hour_abs_15_amount: 8.70800
data_price_hour_rel_+02_amount: 10.57900
data_price_hour_abs_16_amount: 10.57900
data_price_hour_rel_+03_amount: 15.95900
data_price_hour_abs_17_amount: 15.95900
data_price_hour_rel_+04_amount: 25.71000
data_price_hour_abs_18_amount: 25.71000
data_price_hour_rel_+05_amount: 26.97400
data_price_hour_abs_19_amount: 26.97400
data_price_hour_rel_+06_amount: 15.80000
data_price_hour_abs_20_amount: 15.80000
data_price_hour_rel_+07_amount: 11.41200
data_price_hour_abs_21_amount: 11.41200
data_price_hour_rel_+08_amount: 9.96600
data_price_hour_abs_22_amount: 9.96600
data_price_hour_rel_+09_amount: 9.48000
data_price_hour_abs_23_amount: 9.48000