date_now: 2024-03-27 13:21:14
date_now_epoch: 1711542074422
date_now_day: 27
date_now_month: 3
date_now_year: 2024
date_start: 2024-03-27 00:00:00
date_end: 2024-03-27 23:59:59
price_low: 5.70900
price_high: 12.59300
price_median: 7.34250
price_average: 7.62967
price_current: 6.00000
price_unit: Cent/kWh
price_threshold_00: 5.70900
price_threshold_01: 5.71300
price_threshold_02: 5.72800
price_threshold_03: 5.76600
price_threshold_04: 5.77900
price_threshold_05: 5.83500
price_threshold_06: 6.00000
price_threshold_07: 6.00300
price_threshold_08: 6.39000
price_threshold_09: 6.78000
price_threshold_10: 6.81200
price_threshold_11: 7.23800
price_threshold_12: 7.44700
price_threshold_13: 7.89300
price_threshold_14: 8.00100
price_threshold_15: 8.11700
price_threshold_16: 8.27800
price_threshold_17: 8.30200
price_threshold_18: 8.41400
price_threshold_19: 8.42500
price_threshold_20: 9.94200
price_threshold_21: 10.05300
price_threshold_22: 11.89400
price_threshold_23: 12.59300
data_price_hour_rel_-13_amount: 5.83500
data_price_hour_abs_00_amount: 5.83500
data_price_hour_rel_-12_amount: 5.70900
data_price_hour_abs_01_amount: 5.70900
data_price_hour_rel_-11_amount: 5.72800
data_price_hour_abs_02_amount: 5.72800
data_price_hour_rel_-10_amount: 5.77900
data_price_hour_abs_03_amount: 5.77900
data_price_hour_rel_-09_amount: 6.00300
data_price_hour_abs_04_amount: 6.00300
data_price_hour_rel_-08_amount: 7.23800
data_price_hour_abs_05_amount: 7.23800
data_price_hour_rel_-07_amount: 8.11700
data_price_hour_abs_06_amount: 8.11700
data_price_hour_rel_-06_amount: 8.27800
data_price_hour_abs_07_amount: 8.27800
data_price_hour_rel_-05_amount: 8.00100
data_price_hour_abs_08_amount: 8.00100
data_price_hour_rel_-04_amount: 6.81200
data_price_hour_abs_09_amount: 6.81200
data_price_hour_rel_-03_amount: 6.39000
data_price_hour_abs_10_amount: 6.39000
data_price_hour_rel_-02_amount: 5.71300
data_price_hour_abs_11_amount: 5.71300
data_price_hour_rel_-01_amount: 5.76600
data_price_hour_abs_12_amount: 5.76600
data_price_hour_rel_+00_amount: 6.00000
data_price_hour_abs_13_amount: 6.00000
data_price_hour_rel_+01_amount: 6.78000
data_price_hour_abs_14_amount: 6.78000
data_price_hour_rel_+02_amount: 7.89300
data_price_hour_abs_15_amount: 7.89300
data_price_hour_rel_+03_amount: 8.41400
data_price_hour_abs_16_amount: 8.41400
data_price_hour_rel_+04_amount: 10.05300
data_price_hour_abs_17_amount: 10.05300
data_price_hour_rel_+05_amount: 12.59300
data_price_hour_abs_18_amount: 12.59300
data_price_hour_rel_+06_amount: 11.89400
data_price_hour_abs_19_amount: 11.89400
data_price_hour_rel_+07_amount: 9.94200
data_price_hour_abs_20_amount: 9.94200
data_price_hour_rel_+08_amount: 8.42500
data_price_hour_abs_21_amount: 8.42500
data_price_hour_rel_+09_amount: 8.30200
data_price_hour_abs_22_amount: 8.30200
data_price_hour_rel_+10_amount: 7.44700
data_price_hour_abs_23_amount: 7.44700