date_now: 2024-04-29 14:22:21
date_now_epoch: 1714393341761
date_now_day: 29
date_now_month: 4
date_now_year: 2024
date_start: 2024-04-29 00:00:00
date_end: 2024-04-29 23:59:59
price_low: 3.36300
price_high: 20.45700
price_median: 7.59950
price_average: 8.07992
price_current: 3.36300
price_unit: Cent/kWh
price_threshold_00: 3.36300
price_threshold_01: 3.55700
price_threshold_02: 3.55900
price_threshold_03: 3.61800
price_threshold_04: 3.64600
price_threshold_05: 4.76800
price_threshold_06: 5.89300
price_threshold_07: 5.92100
price_threshold_08: 6.00500
price_threshold_09: 6.24600
price_threshold_10: 6.31500
price_threshold_11: 7.51700
price_threshold_12: 7.68200
price_threshold_13: 8.11500
price_threshold_14: 8.51800
price_threshold_15: 8.57500
price_threshold_16: 8.72900
price_threshold_17: 10.06900
price_threshold_18: 10.23800
price_threshold_19: 10.47300
price_threshold_20: 10.85500
price_threshold_21: 11.79500
price_threshold_22: 18.00400
price_threshold_23: 20.45700
data_price_hour_rel_-14_amount: 6.31500
data_price_hour_abs_00_amount: 6.31500
data_price_hour_rel_-13_amount: 6.00500
data_price_hour_abs_01_amount: 6.00500
data_price_hour_rel_-12_amount: 5.89300
data_price_hour_abs_02_amount: 5.89300
data_price_hour_rel_-11_amount: 6.24600
data_price_hour_abs_03_amount: 6.24600
data_price_hour_rel_-10_amount: 7.68200
data_price_hour_abs_04_amount: 7.68200
data_price_hour_rel_-09_amount: 8.51800
data_price_hour_abs_05_amount: 8.51800
data_price_hour_rel_-08_amount: 10.23800
data_price_hour_abs_06_amount: 10.23800
data_price_hour_rel_-07_amount: 11.79500
data_price_hour_abs_07_amount: 11.79500
data_price_hour_rel_-06_amount: 10.06900
data_price_hour_abs_08_amount: 10.06900
data_price_hour_rel_-05_amount: 7.51700
data_price_hour_abs_09_amount: 7.51700
data_price_hour_rel_-04_amount: 5.92100
data_price_hour_abs_10_amount: 5.92100
data_price_hour_rel_-03_amount: 3.64600
data_price_hour_abs_11_amount: 3.64600
data_price_hour_rel_-02_amount: 3.61800
data_price_hour_abs_12_amount: 3.61800
data_price_hour_rel_-01_amount: 3.55900
data_price_hour_abs_13_amount: 3.55900
data_price_hour_rel_+00_amount: 3.36300
data_price_hour_abs_14_amount: 3.36300
data_price_hour_rel_+01_amount: 3.55700
data_price_hour_abs_15_amount: 3.55700
data_price_hour_rel_+02_amount: 4.76800
data_price_hour_abs_16_amount: 4.76800
data_price_hour_rel_+03_amount: 8.57500
data_price_hour_abs_17_amount: 8.57500
data_price_hour_rel_+04_amount: 10.47300
data_price_hour_abs_18_amount: 10.47300
data_price_hour_rel_+05_amount: 18.00400
data_price_hour_abs_19_amount: 18.00400
data_price_hour_rel_+06_amount: 20.45700
data_price_hour_abs_20_amount: 20.45700
data_price_hour_rel_+07_amount: 10.85500
data_price_hour_abs_21_amount: 10.85500
data_price_hour_rel_+08_amount: 8.72900
data_price_hour_abs_22_amount: 8.72900
data_price_hour_rel_+09_amount: 8.11500
data_price_hour_abs_23_amount: 8.11500