date_now: 2024-01-21 13:20:11
date_now_epoch: 1705839611536
date_now_day: 21
date_now_month: 1
date_now_year: 2024
date_start: 2024-01-21 00:00:00
date_end: 2024-01-21 23:59:59
price_low: 3.76900
price_high: 6.68300
price_median: 5.01100
price_average: 5.02588
price_current: 3.76900
price_unit: Cent/kWh
price_threshold_00: 3.76900
price_threshold_01: 3.84800
price_threshold_02: 3.94600
price_threshold_03: 4.39600
price_threshold_04: 4.43000
price_threshold_05: 4.55300
price_threshold_06: 4.60600
price_threshold_07: 4.74500
price_threshold_08: 4.85100
price_threshold_09: 4.86700
price_threshold_10: 4.90400
price_threshold_11: 4.98300
price_threshold_12: 5.03900
price_threshold_13: 5.08900
price_threshold_14: 5.13600
price_threshold_15: 5.15000
price_threshold_16: 5.24600
price_threshold_17: 5.43600
price_threshold_18: 5.51500
price_threshold_19: 5.66500
price_threshold_20: 5.75500
price_threshold_21: 5.86400
price_threshold_22: 6.14500
price_threshold_23: 6.68300
data_price_hour_rel_-13_amount: 6.68300
data_price_hour_abs_00_amount: 6.68300
data_price_hour_rel_-12_amount: 5.75500
data_price_hour_abs_01_amount: 5.75500
data_price_hour_rel_-11_amount: 5.51500
data_price_hour_abs_02_amount: 5.51500
data_price_hour_rel_-10_amount: 5.08900
data_price_hour_abs_03_amount: 5.08900
data_price_hour_rel_-09_amount: 4.85100
data_price_hour_abs_04_amount: 4.85100
data_price_hour_rel_-08_amount: 4.74500
data_price_hour_abs_05_amount: 4.74500
data_price_hour_rel_-07_amount: 4.55300
data_price_hour_abs_06_amount: 4.55300
data_price_hour_rel_-06_amount: 4.39600
data_price_hour_abs_07_amount: 4.39600
data_price_hour_rel_-05_amount: 5.13600
data_price_hour_abs_08_amount: 5.13600
data_price_hour_rel_-04_amount: 5.43600
data_price_hour_abs_09_amount: 5.43600
data_price_hour_rel_-03_amount: 4.60600
data_price_hour_abs_10_amount: 4.60600
data_price_hour_rel_-02_amount: 4.86700
data_price_hour_abs_11_amount: 4.86700
data_price_hour_rel_-01_amount: 3.84800
data_price_hour_abs_12_amount: 3.84800
data_price_hour_rel_+00_amount: 3.76900
data_price_hour_abs_13_amount: 3.76900
data_price_hour_rel_+01_amount: 4.43000
data_price_hour_abs_14_amount: 4.43000
data_price_hour_rel_+02_amount: 4.90400
data_price_hour_abs_15_amount: 4.90400
data_price_hour_rel_+03_amount: 4.98300
data_price_hour_abs_16_amount: 4.98300
data_price_hour_rel_+04_amount: 5.66500
data_price_hour_abs_17_amount: 5.66500
data_price_hour_rel_+05_amount: 6.14500
data_price_hour_abs_18_amount: 6.14500
data_price_hour_rel_+06_amount: 5.86400
data_price_hour_abs_19_amount: 5.86400
data_price_hour_rel_+07_amount: 5.15000
data_price_hour_abs_20_amount: 5.15000
data_price_hour_rel_+08_amount: 5.24600
data_price_hour_abs_21_amount: 5.24600
data_price_hour_rel_+09_amount: 5.03900
data_price_hour_abs_22_amount: 5.03900
data_price_hour_rel_+10_amount: 3.94600
data_price_hour_abs_23_amount: 3.94600