date_now: 2024-10-11 14:27:59
date_now_epoch: 1728649679974
date_now_day: 11
date_now_month: 10
date_now_year: 2024
date_start: 2024-10-11 00:00:00
date_end: 2024-10-11 23:59:59
price_low: 5.71700
price_high: 17.42400
price_median: 8.38950
price_average: 9.52021
price_current: 5.95600
price_unit: Cent/kWh
price_threshold_00: 5.71700
price_threshold_01: 5.95600
price_threshold_02: 6.16500
price_threshold_03: 6.69600
price_threshold_04: 6.79100
price_threshold_05: 6.95600
price_threshold_06: 7.17000
price_threshold_07: 7.23500
price_threshold_08: 7.32100
price_threshold_09: 7.33500
price_threshold_10: 7.33900
price_threshold_11: 7.99600
price_threshold_12: 8.78300
price_threshold_13: 9.00000
price_threshold_14: 9.84100
price_threshold_15: 9.97900
price_threshold_16: 9.99500
price_threshold_17: 11.00100
price_threshold_18: 11.27800
price_threshold_19: 12.13100
price_threshold_20: 14.04100
price_threshold_21: 15.54900
price_threshold_22: 16.78600
price_threshold_23: 17.42400
data_price_hour_rel_-14_amount: 7.99600
data_price_hour_abs_00_amount: 7.99600
data_price_hour_rel_-13_amount: 7.32100
data_price_hour_abs_01_amount: 7.32100
data_price_hour_rel_-12_amount: 7.17000
data_price_hour_abs_02_amount: 7.17000
data_price_hour_rel_-11_amount: 6.79100
data_price_hour_abs_03_amount: 6.79100
data_price_hour_rel_-10_amount: 6.95600
data_price_hour_abs_04_amount: 6.95600
data_price_hour_rel_-09_amount: 7.33900
data_price_hour_abs_05_amount: 7.33900
data_price_hour_rel_-08_amount: 9.99500
data_price_hour_abs_06_amount: 9.99500
data_price_hour_rel_-07_amount: 14.04100
data_price_hour_abs_07_amount: 14.04100
data_price_hour_rel_-06_amount: 15.54900
data_price_hour_abs_08_amount: 15.54900
data_price_hour_rel_-05_amount: 11.00100
data_price_hour_abs_09_amount: 11.00100
data_price_hour_rel_-04_amount: 9.00000
data_price_hour_abs_10_amount: 9.00000
data_price_hour_rel_-03_amount: 7.23500
data_price_hour_abs_11_amount: 7.23500
data_price_hour_rel_-02_amount: 6.16500
data_price_hour_abs_12_amount: 6.16500
data_price_hour_rel_-01_amount: 5.71700
data_price_hour_abs_13_amount: 5.71700
data_price_hour_rel_+00_amount: 5.95600
data_price_hour_abs_14_amount: 5.95600
data_price_hour_rel_+01_amount: 6.69600
data_price_hour_abs_15_amount: 6.69600
data_price_hour_rel_+02_amount: 7.33500
data_price_hour_abs_16_amount: 7.33500
data_price_hour_rel_+03_amount: 11.27800
data_price_hour_abs_17_amount: 11.27800
data_price_hour_rel_+04_amount: 16.78600
data_price_hour_abs_18_amount: 16.78600
data_price_hour_rel_+05_amount: 17.42400
data_price_hour_abs_19_amount: 17.42400
data_price_hour_rel_+06_amount: 12.13100
data_price_hour_abs_20_amount: 12.13100
data_price_hour_rel_+07_amount: 9.97900
data_price_hour_abs_21_amount: 9.97900
data_price_hour_rel_+08_amount: 9.84100
data_price_hour_abs_22_amount: 9.84100
data_price_hour_rel_+09_amount: 8.78300
data_price_hour_abs_23_amount: 8.78300