date_now: 2024-02-17 13:18:09
date_now_epoch: 1708172289828
date_now_day: 17
date_now_month: 2
date_now_year: 2024
date_start: 2024-02-17 00:00:00
date_end: 2024-02-17 23:59:59
price_low: 5.46200
price_high: 11.00600
price_median: 6.13550
price_average: 6.66537
price_current: 5.52500
price_unit: Cent/kWh
price_threshold_00: 5.46200
price_threshold_01: 5.46600
price_threshold_02: 5.51700
price_threshold_03: 5.52500
price_threshold_04: 5.54800
price_threshold_05: 5.58800
price_threshold_06: 5.69000
price_threshold_07: 5.70000
price_threshold_08: 5.73100
price_threshold_09: 5.82600
price_threshold_10: 5.90900
price_threshold_11: 6.06900
price_threshold_12: 6.20200
price_threshold_13: 6.32900
price_threshold_14: 6.48900
price_threshold_15: 6.88300
price_threshold_16: 6.91100
price_threshold_17: 7.24400
price_threshold_18: 7.45700
price_threshold_19: 7.50300
price_threshold_20: 8.09300
price_threshold_21: 8.79300
price_threshold_22: 9.02800
price_threshold_23: 11.00600
data_price_hour_rel_-13_amount: 5.73100
data_price_hour_abs_00_amount: 5.73100
data_price_hour_rel_-12_amount: 5.70000
data_price_hour_abs_01_amount: 5.70000
data_price_hour_rel_-11_amount: 5.58800
data_price_hour_abs_02_amount: 5.58800
data_price_hour_rel_-10_amount: 5.46600
data_price_hour_abs_03_amount: 5.46600
data_price_hour_rel_-09_amount: 5.46200
data_price_hour_abs_04_amount: 5.46200
data_price_hour_rel_-08_amount: 5.54800
data_price_hour_abs_05_amount: 5.54800
data_price_hour_rel_-07_amount: 5.51700
data_price_hour_abs_06_amount: 5.51700
data_price_hour_rel_-06_amount: 5.69000
data_price_hour_abs_07_amount: 5.69000
data_price_hour_rel_-05_amount: 6.48900
data_price_hour_abs_08_amount: 6.48900
data_price_hour_rel_-04_amount: 6.32900
data_price_hour_abs_09_amount: 6.32900
data_price_hour_rel_-03_amount: 6.20200
data_price_hour_abs_10_amount: 6.20200
data_price_hour_rel_-02_amount: 6.06900
data_price_hour_abs_11_amount: 6.06900
data_price_hour_rel_-01_amount: 5.82600
data_price_hour_abs_12_amount: 5.82600
data_price_hour_rel_+00_amount: 5.52500
data_price_hour_abs_13_amount: 5.52500
data_price_hour_rel_+01_amount: 5.90900
data_price_hour_abs_14_amount: 5.90900
data_price_hour_rel_+02_amount: 6.88300
data_price_hour_abs_15_amount: 6.88300
data_price_hour_rel_+03_amount: 7.50300
data_price_hour_abs_16_amount: 7.50300
data_price_hour_rel_+04_amount: 8.79300
data_price_hour_abs_17_amount: 8.79300
data_price_hour_rel_+05_amount: 11.00600
data_price_hour_abs_18_amount: 11.00600
data_price_hour_rel_+06_amount: 9.02800
data_price_hour_abs_19_amount: 9.02800
data_price_hour_rel_+07_amount: 8.09300
data_price_hour_abs_20_amount: 8.09300
data_price_hour_rel_+08_amount: 7.45700
data_price_hour_abs_21_amount: 7.45700
data_price_hour_rel_+09_amount: 7.24400
data_price_hour_abs_22_amount: 7.24400
data_price_hour_rel_+10_amount: 6.91100
data_price_hour_abs_23_amount: 6.91100