date_now: 2024-04-21 14:20:35
date_now_epoch: 1713702035874
date_now_day: 21
date_now_month: 4
date_now_year: 2024
date_start: 2024-04-21 00:00:00
date_end: 2024-04-21 23:59:59
price_low: -0.09000
price_high: 9.52600
price_median: 6.37500
price_average: 5.51508
price_current: -0.09000
price_unit: Cent/kWh
price_threshold_00: -0.09000
price_threshold_01: 0.02800
price_threshold_02: 0.07500
price_threshold_03: 0.60100
price_threshold_04: 0.60600
price_threshold_05: 3.29900
price_threshold_06: 3.69600
price_threshold_07: 5.53800
price_threshold_08: 5.82200
price_threshold_09: 6.05300
price_threshold_10: 6.08800
price_threshold_11: 6.36200
price_threshold_12: 6.38800
price_threshold_13: 6.44000
price_threshold_14: 6.44300
price_threshold_15: 6.95300
price_threshold_16: 7.05900
price_threshold_17: 7.46000
price_threshold_18: 8.18500
price_threshold_19: 8.84600
price_threshold_20: 8.93600
price_threshold_21: 8.94100
price_threshold_22: 9.10700
price_threshold_23: 9.52600
data_price_hour_rel_-14_amount: 8.18500
data_price_hour_abs_00_amount: 8.18500
data_price_hour_rel_-13_amount: 7.05900
data_price_hour_abs_01_amount: 7.05900
data_price_hour_rel_-12_amount: 6.95300
data_price_hour_abs_02_amount: 6.95300
data_price_hour_rel_-11_amount: 6.44000
data_price_hour_abs_03_amount: 6.44000
data_price_hour_rel_-10_amount: 6.38800
data_price_hour_abs_04_amount: 6.38800
data_price_hour_rel_-09_amount: 6.36200
data_price_hour_abs_05_amount: 6.36200
data_price_hour_rel_-08_amount: 6.44300
data_price_hour_abs_06_amount: 6.44300
data_price_hour_rel_-07_amount: 6.05300
data_price_hour_abs_07_amount: 6.05300
data_price_hour_rel_-06_amount: 6.08800
data_price_hour_abs_08_amount: 6.08800
data_price_hour_rel_-05_amount: 5.53800
data_price_hour_abs_09_amount: 5.53800
data_price_hour_rel_-04_amount: 3.29900
data_price_hour_abs_10_amount: 3.29900
data_price_hour_rel_-03_amount: 3.69600
data_price_hour_abs_11_amount: 3.69600
data_price_hour_rel_-02_amount: 0.60600
data_price_hour_abs_12_amount: 0.60600
data_price_hour_rel_-01_amount: 0.02800
data_price_hour_abs_13_amount: 0.02800
data_price_hour_rel_+00_amount: -0.09000
data_price_hour_abs_14_amount: -0.09000
data_price_hour_rel_+01_amount: 0.07500
data_price_hour_abs_15_amount: 0.07500
data_price_hour_rel_+02_amount: 0.60100
data_price_hour_abs_16_amount: 0.60100
data_price_hour_rel_+03_amount: 5.82200
data_price_hour_abs_17_amount: 5.82200
data_price_hour_rel_+04_amount: 7.46000
data_price_hour_abs_18_amount: 7.46000
data_price_hour_rel_+05_amount: 8.93600
data_price_hour_abs_19_amount: 8.93600
data_price_hour_rel_+06_amount: 9.52600
data_price_hour_abs_20_amount: 9.52600
data_price_hour_rel_+07_amount: 9.10700
data_price_hour_abs_21_amount: 9.10700
data_price_hour_rel_+08_amount: 8.94100
data_price_hour_abs_22_amount: 8.94100
data_price_hour_rel_+09_amount: 8.84600
data_price_hour_abs_23_amount: 8.84600