date_now: 2024-07-18 14:25:44
date_now_epoch: 1721305544621
date_now_day: 18
date_now_month: 7
date_now_year: 2024
date_start: 2024-07-18 00:00:00
date_end: 2024-07-18 23:59:59
price_low: 3.39600
price_high: 22.76000
price_median: 8.28850
price_average: 9.07417
price_current: 3.70100
price_unit: Cent/kWh
price_threshold_00: 3.39600
price_threshold_01: 3.50100
price_threshold_02: 3.70100
price_threshold_03: 4.71300
price_threshold_04: 4.87800
price_threshold_05: 6.38400
price_threshold_06: 6.75600
price_threshold_07: 7.85400
price_threshold_08: 7.90500
price_threshold_09: 7.92200
price_threshold_10: 7.92700
price_threshold_11: 8.02900
price_threshold_12: 8.54800
price_threshold_13: 8.99700
price_threshold_14: 9.20000
price_threshold_15: 9.21000
price_threshold_16: 9.67400
price_threshold_17: 10.19200
price_threshold_18: 10.72700
price_threshold_19: 11.95400
price_threshold_20: 12.08800
price_threshold_21: 13.01800
price_threshold_22: 18.44600
price_threshold_23: 22.76000
data_price_hour_rel_-14_amount: 8.99700
data_price_hour_abs_00_amount: 8.99700
data_price_hour_rel_-13_amount: 8.02900
data_price_hour_abs_01_amount: 8.02900
data_price_hour_rel_-12_amount: 7.90500
data_price_hour_abs_02_amount: 7.90500
data_price_hour_rel_-11_amount: 7.85400
data_price_hour_abs_03_amount: 7.85400
data_price_hour_rel_-10_amount: 7.92700
data_price_hour_abs_04_amount: 7.92700
data_price_hour_rel_-09_amount: 9.21000
data_price_hour_abs_05_amount: 9.21000
data_price_hour_rel_-08_amount: 12.08800
data_price_hour_abs_06_amount: 12.08800
data_price_hour_rel_-07_amount: 10.72700
data_price_hour_abs_07_amount: 10.72700
data_price_hour_rel_-06_amount: 9.67400
data_price_hour_abs_08_amount: 9.67400
data_price_hour_rel_-05_amount: 7.92200
data_price_hour_abs_09_amount: 7.92200
data_price_hour_rel_-04_amount: 6.38400
data_price_hour_abs_10_amount: 6.38400
data_price_hour_rel_-03_amount: 4.71300
data_price_hour_abs_11_amount: 4.71300
data_price_hour_rel_-02_amount: 3.50100
data_price_hour_abs_12_amount: 3.50100
data_price_hour_rel_-01_amount: 3.39600
data_price_hour_abs_13_amount: 3.39600
data_price_hour_rel_+00_amount: 3.70100
data_price_hour_abs_14_amount: 3.70100
data_price_hour_rel_+01_amount: 4.87800
data_price_hour_abs_15_amount: 4.87800
data_price_hour_rel_+02_amount: 6.75600
data_price_hour_abs_16_amount: 6.75600
data_price_hour_rel_+03_amount: 8.54800
data_price_hour_abs_17_amount: 8.54800
data_price_hour_rel_+04_amount: 9.20000
data_price_hour_abs_18_amount: 9.20000
data_price_hour_rel_+05_amount: 13.01800
data_price_hour_abs_19_amount: 13.01800
data_price_hour_rel_+06_amount: 22.76000
data_price_hour_abs_20_amount: 22.76000
data_price_hour_rel_+07_amount: 18.44600
data_price_hour_abs_21_amount: 18.44600
data_price_hour_rel_+08_amount: 11.95400
data_price_hour_abs_22_amount: 11.95400
data_price_hour_rel_+09_amount: 10.19200
data_price_hour_abs_23_amount: 10.19200