date_now: 2024-01-14 13:19:59
date_now_epoch: 1705234799189
date_now_day: 14
date_now_month: 1
date_now_year: 2024
date_start: 2024-01-14 00:00:00
date_end: 2024-01-14 23:59:59
price_low: 6.21100
price_high: 9.69700
price_median: 7.78200
price_average: 7.61542
price_current: 7.70400
price_unit: Cent/kWh
price_threshold_00: 6.21100
price_threshold_01: 6.29300
price_threshold_02: 6.40100
price_threshold_03: 6.40200
price_threshold_04: 6.46700
price_threshold_05: 6.52000
price_threshold_06: 6.71900
price_threshold_07: 6.73100
price_threshold_08: 7.16600
price_threshold_09: 7.53900
price_threshold_10: 7.67400
price_threshold_11: 7.70400
price_threshold_12: 7.86000
price_threshold_13: 7.91500
price_threshold_14: 8.03900
price_threshold_15: 8.06300
price_threshold_16: 8.10000
price_threshold_17: 8.11400
price_threshold_18: 8.18400
price_threshold_19: 8.23200
price_threshold_20: 8.66200
price_threshold_21: 8.89100
price_threshold_22: 9.18600
price_threshold_23: 9.69700
data_price_hour_rel_-13_amount: 6.40200
data_price_hour_abs_00_amount: 6.40200
data_price_hour_rel_-12_amount: 6.21100
data_price_hour_abs_01_amount: 6.21100
data_price_hour_rel_-11_amount: 6.29300
data_price_hour_abs_02_amount: 6.29300
data_price_hour_rel_-10_amount: 6.40100
data_price_hour_abs_03_amount: 6.40100
data_price_hour_rel_-09_amount: 6.46700
data_price_hour_abs_04_amount: 6.46700
data_price_hour_rel_-08_amount: 6.52000
data_price_hour_abs_05_amount: 6.52000
data_price_hour_rel_-07_amount: 6.73100
data_price_hour_abs_06_amount: 6.73100
data_price_hour_rel_-06_amount: 7.16600
data_price_hour_abs_07_amount: 7.16600
data_price_hour_rel_-05_amount: 7.67400
data_price_hour_abs_08_amount: 7.67400
data_price_hour_rel_-04_amount: 8.11400
data_price_hour_abs_09_amount: 8.11400
data_price_hour_rel_-03_amount: 8.06300
data_price_hour_abs_10_amount: 8.06300
data_price_hour_rel_-02_amount: 8.18400
data_price_hour_abs_11_amount: 8.18400
data_price_hour_rel_-01_amount: 8.03900
data_price_hour_abs_12_amount: 8.03900
data_price_hour_rel_+00_amount: 7.70400
data_price_hour_abs_13_amount: 7.70400
data_price_hour_rel_+01_amount: 7.91500
data_price_hour_abs_14_amount: 7.91500
data_price_hour_rel_+02_amount: 8.23200
data_price_hour_abs_15_amount: 8.23200
data_price_hour_rel_+03_amount: 8.66200
data_price_hour_abs_16_amount: 8.66200
data_price_hour_rel_+04_amount: 9.18600
data_price_hour_abs_17_amount: 9.18600
data_price_hour_rel_+05_amount: 9.69700
data_price_hour_abs_18_amount: 9.69700
data_price_hour_rel_+06_amount: 8.89100
data_price_hour_abs_19_amount: 8.89100
data_price_hour_rel_+07_amount: 8.10000
data_price_hour_abs_20_amount: 8.10000
data_price_hour_rel_+08_amount: 7.86000
data_price_hour_abs_21_amount: 7.86000
data_price_hour_rel_+09_amount: 7.53900
data_price_hour_abs_22_amount: 7.53900
data_price_hour_rel_+10_amount: 6.71900
data_price_hour_abs_23_amount: 6.71900