date_now: 2024-06-23 14:22:09
date_now_epoch: 1719145329998
date_now_day: 23
date_now_month: 6
date_now_year: 2024
date_start: 2024-06-23 00:00:00
date_end: 2024-06-23 23:59:59
price_low: -0.22100
price_high: 11.54400
price_median: 5.99950
price_average: 5.00475
price_current: -0.22100
price_unit: Cent/kWh
price_threshold_00: -0.22100
price_threshold_01: -0.20500
price_threshold_02: -0.10500
price_threshold_03: -0.02700
price_threshold_04: -0.01000
price_threshold_05: -0.00500
price_threshold_06: 0.00000
price_threshold_07: 0.42400
price_threshold_08: 1.97700
price_threshold_09: 2.26100
price_threshold_10: 4.63500
price_threshold_11: 5.79000
price_threshold_12: 6.20900
price_threshold_13: 6.69400
price_threshold_14: 7.06700
price_threshold_15: 7.11200
price_threshold_16: 7.12400
price_threshold_17: 7.92500
price_threshold_18: 9.04900
price_threshold_19: 9.95000
price_threshold_20: 9.97900
price_threshold_21: 11.43300
price_threshold_22: 11.51400
price_threshold_23: 11.54400
data_price_hour_rel_-14_amount: 9.04900
data_price_hour_abs_00_amount: 9.04900
data_price_hour_rel_-13_amount: 7.92500
data_price_hour_abs_01_amount: 7.92500
data_price_hour_rel_-12_amount: 7.12400
data_price_hour_abs_02_amount: 7.12400
data_price_hour_rel_-11_amount: 7.06700
data_price_hour_abs_03_amount: 7.06700
data_price_hour_rel_-10_amount: 6.69400
data_price_hour_abs_04_amount: 6.69400
data_price_hour_rel_-09_amount: 6.20900
data_price_hour_abs_05_amount: 6.20900
data_price_hour_rel_-08_amount: 5.79000
data_price_hour_abs_06_amount: 5.79000
data_price_hour_rel_-07_amount: 4.63500
data_price_hour_abs_07_amount: 4.63500
data_price_hour_rel_-06_amount: 1.97700
data_price_hour_abs_08_amount: 1.97700
data_price_hour_rel_-05_amount: 0.42400
data_price_hour_abs_09_amount: 0.42400
data_price_hour_rel_-04_amount: 0.00000
data_price_hour_abs_10_amount: 0.00000
data_price_hour_rel_-03_amount: -0.00500
data_price_hour_abs_11_amount: -0.00500
data_price_hour_rel_-02_amount: -0.01000
data_price_hour_abs_12_amount: -0.01000
data_price_hour_rel_-01_amount: -0.10500
data_price_hour_abs_13_amount: -0.10500
data_price_hour_rel_+00_amount: -0.22100
data_price_hour_abs_14_amount: -0.22100
data_price_hour_rel_+01_amount: -0.20500
data_price_hour_abs_15_amount: -0.20500
data_price_hour_rel_+02_amount: -0.02700
data_price_hour_abs_16_amount: -0.02700
data_price_hour_rel_+03_amount: 2.26100
data_price_hour_abs_17_amount: 2.26100
data_price_hour_rel_+04_amount: 7.11200
data_price_hour_abs_18_amount: 7.11200
data_price_hour_rel_+05_amount: 9.95000
data_price_hour_abs_19_amount: 9.95000
data_price_hour_rel_+06_amount: 11.51400
data_price_hour_abs_20_amount: 11.51400
data_price_hour_rel_+07_amount: 11.54400
data_price_hour_abs_21_amount: 11.54400
data_price_hour_rel_+08_amount: 11.43300
data_price_hour_abs_22_amount: 11.43300
data_price_hour_rel_+09_amount: 9.97900
data_price_hour_abs_23_amount: 9.97900