date_now: 2024-04-01 14:21:42
date_now_epoch: 1711974102794
date_now_day: 1
date_now_month: 4
date_now_year: 2024
date_start: 2024-04-01 00:00:00
date_end: 2024-04-01 23:59:59
price_low: -0.00100
price_high: 6.44900
price_median: 4.58750
price_average: 3.58838
price_current: -0.00100
price_unit: Cent/kWh
price_threshold_00: -0.00100
price_threshold_01: -0.00100
price_threshold_02: -0.00100
price_threshold_03: 0.00300
price_threshold_04: 0.57900
price_threshold_05: 0.74700
price_threshold_06: 1.30400
price_threshold_07: 2.59700
price_threshold_08: 3.53900
price_threshold_09: 4.19700
price_threshold_10: 4.35800
price_threshold_11: 4.56900
price_threshold_12: 4.60600
price_threshold_13: 4.85300
price_threshold_14: 4.89800
price_threshold_15: 4.94000
price_threshold_16: 4.98800
price_threshold_17: 4.99500
price_threshold_18: 5.23500
price_threshold_19: 5.43600
price_threshold_20: 5.87100
price_threshold_21: 5.87100
price_threshold_22: 6.08900
price_threshold_23: 6.44900
data_price_hour_rel_-14_amount: 4.99500
data_price_hour_abs_00_amount: 4.99500
data_price_hour_rel_-13_amount: 4.89800
data_price_hour_abs_01_amount: 4.89800
data_price_hour_rel_-12_amount: 4.60600
data_price_hour_abs_02_amount: 4.60600
data_price_hour_rel_-11_amount: 4.35800
data_price_hour_abs_03_amount: 4.35800
data_price_hour_rel_-10_amount: 4.94000
data_price_hour_abs_04_amount: 4.94000
data_price_hour_rel_-09_amount: 5.23500
data_price_hour_abs_05_amount: 5.23500
data_price_hour_rel_-08_amount: 5.87100
data_price_hour_abs_06_amount: 5.87100
data_price_hour_rel_-07_amount: 6.44900
data_price_hour_abs_07_amount: 6.44900
data_price_hour_rel_-06_amount: 5.87100
data_price_hour_abs_08_amount: 5.87100
data_price_hour_rel_-05_amount: 6.08900
data_price_hour_abs_09_amount: 6.08900
data_price_hour_rel_-04_amount: 5.43600
data_price_hour_abs_10_amount: 5.43600
data_price_hour_rel_-03_amount: 3.53900
data_price_hour_abs_11_amount: 3.53900
data_price_hour_rel_-02_amount: 1.30400
data_price_hour_abs_12_amount: 1.30400
data_price_hour_rel_-01_amount: 0.00300
data_price_hour_abs_13_amount: 0.00300
data_price_hour_rel_+00_amount: -0.00100
data_price_hour_abs_14_amount: -0.00100
data_price_hour_rel_+01_amount: -0.00100
data_price_hour_abs_15_amount: -0.00100
data_price_hour_rel_+02_amount: -0.00100
data_price_hour_abs_16_amount: -0.00100
data_price_hour_rel_+03_amount: 0.57900
data_price_hour_abs_17_amount: 0.57900
data_price_hour_rel_+04_amount: 4.19700
data_price_hour_abs_18_amount: 4.19700
data_price_hour_rel_+05_amount: 4.85300
data_price_hour_abs_19_amount: 4.85300
data_price_hour_rel_+06_amount: 4.98800
data_price_hour_abs_20_amount: 4.98800
data_price_hour_rel_+07_amount: 4.56900
data_price_hour_abs_21_amount: 4.56900
data_price_hour_rel_+08_amount: 2.59700
data_price_hour_abs_22_amount: 2.59700
data_price_hour_rel_+09_amount: 0.74700
data_price_hour_abs_23_amount: 0.74700