date_now: 2024-03-23 13:21:34
date_now_epoch: 1711196494166
date_now_day: 23
date_now_month: 3
date_now_year: 2024
date_start: 2024-03-23 00:00:00
date_end: 2024-03-23 23:59:59
price_low: -0.84500
price_high: 7.77700
price_median: 4.68200
price_average: 3.75779
price_current: -0.57100
price_unit: Cent/kWh
price_threshold_00: -0.84500
price_threshold_01: -0.57100
price_threshold_02: -0.19400
price_threshold_03: -0.14600
price_threshold_04: -0.00500
price_threshold_05: 0.00200
price_threshold_06: 0.00700
price_threshold_07: 1.32000
price_threshold_08: 2.83900
price_threshold_09: 3.91200
price_threshold_10: 4.02800
price_threshold_11: 4.58400
price_threshold_12: 4.78000
price_threshold_13: 5.28200
price_threshold_14: 5.29400
price_threshold_15: 5.83400
price_threshold_16: 5.98400
price_threshold_17: 6.14400
price_threshold_18: 6.39800
price_threshold_19: 6.59200
price_threshold_20: 6.91500
price_threshold_21: 7.00900
price_threshold_22: 7.24700
price_threshold_23: 7.77700
data_price_hour_rel_-13_amount: 7.77700
data_price_hour_abs_00_amount: 7.77700
data_price_hour_rel_-12_amount: 7.24700
data_price_hour_abs_01_amount: 7.24700
data_price_hour_rel_-11_amount: 6.59200
data_price_hour_abs_02_amount: 6.59200
data_price_hour_rel_-10_amount: 6.39800
data_price_hour_abs_03_amount: 6.39800
data_price_hour_rel_-09_amount: 5.98400
data_price_hour_abs_04_amount: 5.98400
data_price_hour_rel_-08_amount: 6.14400
data_price_hour_abs_05_amount: 6.14400
data_price_hour_rel_-07_amount: 5.83400
data_price_hour_abs_06_amount: 5.83400
data_price_hour_rel_-06_amount: 5.28200
data_price_hour_abs_07_amount: 5.28200
data_price_hour_rel_-05_amount: 3.91200
data_price_hour_abs_08_amount: 3.91200
data_price_hour_rel_-04_amount: 1.32000
data_price_hour_abs_09_amount: 1.32000
data_price_hour_rel_-03_amount: 0.00200
data_price_hour_abs_10_amount: 0.00200
data_price_hour_rel_-02_amount: -0.00500
data_price_hour_abs_11_amount: -0.00500
data_price_hour_rel_-01_amount: -0.19400
data_price_hour_abs_12_amount: -0.19400
data_price_hour_rel_+00_amount: -0.57100
data_price_hour_abs_13_amount: -0.57100
data_price_hour_rel_+01_amount: -0.84500
data_price_hour_abs_14_amount: -0.84500
data_price_hour_rel_+02_amount: -0.14600
data_price_hour_abs_15_amount: -0.14600
data_price_hour_rel_+03_amount: 0.00700
data_price_hour_abs_16_amount: 0.00700
data_price_hour_rel_+04_amount: 4.78000
data_price_hour_abs_17_amount: 4.78000
data_price_hour_rel_+05_amount: 7.00900
data_price_hour_abs_18_amount: 7.00900
data_price_hour_rel_+06_amount: 6.91500
data_price_hour_abs_19_amount: 6.91500
data_price_hour_rel_+07_amount: 5.29400
data_price_hour_abs_20_amount: 5.29400
data_price_hour_rel_+08_amount: 4.58400
data_price_hour_abs_21_amount: 4.58400
data_price_hour_rel_+09_amount: 4.02800
data_price_hour_abs_22_amount: 4.02800
data_price_hour_rel_+10_amount: 2.83900
data_price_hour_abs_23_amount: 2.83900