date_now: 2024-08-24 14:23:20
date_now_epoch: 1724502200084
date_now_day: 24
date_now_month: 8
date_now_year: 2024
date_start: 2024-08-24 00:00:00
date_end: 2024-08-24 23:59:59
price_low: -4.41800
price_high: 11.04500
price_median: 7.02950
price_average: 4.98092
price_current: -4.41800
price_unit: Cent/kWh
price_threshold_00: -4.41800
price_threshold_01: -4.00900
price_threshold_02: -2.76400
price_threshold_03: -1.86800
price_threshold_04: -0.81500
price_threshold_05: -0.68500
price_threshold_06: -0.09900
price_threshold_07: -0.00300
price_threshold_08: 1.50000
price_threshold_09: 5.00000
price_threshold_10: 6.41400
price_threshold_11: 6.89100
price_threshold_12: 7.16800
price_threshold_13: 7.62200
price_threshold_14: 8.00800
price_threshold_15: 9.15200
price_threshold_16: 10.02800
price_threshold_17: 10.04200
price_threshold_18: 10.09000
price_threshold_19: 10.10200
price_threshold_20: 10.22300
price_threshold_21: 10.37800
price_threshold_22: 10.54000
price_threshold_23: 11.04500
data_price_hour_rel_-14_amount: 11.04500
data_price_hour_abs_00_amount: 11.04500
data_price_hour_rel_-13_amount: 10.37800
data_price_hour_abs_01_amount: 10.37800
data_price_hour_rel_-12_amount: 10.04200
data_price_hour_abs_02_amount: 10.04200
data_price_hour_rel_-11_amount: 10.02800
data_price_hour_abs_03_amount: 10.02800
data_price_hour_rel_-10_amount: 10.09000
data_price_hour_abs_04_amount: 10.09000
data_price_hour_rel_-09_amount: 10.54000
data_price_hour_abs_05_amount: 10.54000
data_price_hour_rel_-08_amount: 10.10200
data_price_hour_abs_06_amount: 10.10200
data_price_hour_rel_-07_amount: 10.22300
data_price_hour_abs_07_amount: 10.22300
data_price_hour_rel_-06_amount: 7.62200
data_price_hour_abs_08_amount: 7.62200
data_price_hour_rel_-05_amount: 1.50000
data_price_hour_abs_09_amount: 1.50000
data_price_hour_rel_-04_amount: -0.00300
data_price_hour_abs_10_amount: -0.00300
data_price_hour_rel_-03_amount: -0.68500
data_price_hour_abs_11_amount: -0.68500
data_price_hour_rel_-02_amount: -1.86800
data_price_hour_abs_12_amount: -1.86800
data_price_hour_rel_-01_amount: -4.00900
data_price_hour_abs_13_amount: -4.00900
data_price_hour_rel_+00_amount: -4.41800
data_price_hour_abs_14_amount: -4.41800
data_price_hour_rel_+01_amount: -2.76400
data_price_hour_abs_15_amount: -2.76400
data_price_hour_rel_+02_amount: -0.81500
data_price_hour_abs_16_amount: -0.81500
data_price_hour_rel_+03_amount: -0.09900
data_price_hour_abs_17_amount: -0.09900
data_price_hour_rel_+04_amount: 7.16800
data_price_hour_abs_18_amount: 7.16800
data_price_hour_rel_+05_amount: 9.15200
data_price_hour_abs_19_amount: 9.15200
data_price_hour_rel_+06_amount: 8.00800
data_price_hour_abs_20_amount: 8.00800
data_price_hour_rel_+07_amount: 6.89100
data_price_hour_abs_21_amount: 6.89100
data_price_hour_rel_+08_amount: 6.41400
data_price_hour_abs_22_amount: 6.41400
data_price_hour_rel_+09_amount: 5.00000
data_price_hour_abs_23_amount: 5.00000