date_now: 2024-02-29 13:20:13
date_now_epoch: 1709209213427
date_now_day: 29
date_now_month: 2
date_now_year: 2024
date_start: 2024-02-29 00:00:00
date_end: 2024-02-29 23:59:59
price_low: 4.70300
price_high: 8.62600
price_median: 6.14650
price_average: 6.32038
price_current: 5.60200
price_unit: Cent/kWh
price_threshold_00: 4.70300
price_threshold_01: 4.71500
price_threshold_02: 5.00600
price_threshold_03: 5.33200
price_threshold_04: 5.33300
price_threshold_05: 5.39800
price_threshold_06: 5.50100
price_threshold_07: 5.50700
price_threshold_08: 5.51100
price_threshold_09: 5.60200
price_threshold_10: 6.04700
price_threshold_11: 6.09000
price_threshold_12: 6.20300
price_threshold_13: 6.49000
price_threshold_14: 6.49600
price_threshold_15: 6.72500
price_threshold_16: 7.03900
price_threshold_17: 7.09800
price_threshold_18: 7.27700
price_threshold_19: 7.37400
price_threshold_20: 7.38900
price_threshold_21: 8.09900
price_threshold_22: 8.12800
price_threshold_23: 8.62600
data_price_hour_rel_-13_amount: 5.51100
data_price_hour_abs_00_amount: 5.51100
data_price_hour_rel_-12_amount: 5.33300
data_price_hour_abs_01_amount: 5.33300
data_price_hour_rel_-11_amount: 5.00600
data_price_hour_abs_02_amount: 5.00600
data_price_hour_rel_-10_amount: 4.70300
data_price_hour_abs_03_amount: 4.70300
data_price_hour_rel_-09_amount: 4.71500
data_price_hour_abs_04_amount: 4.71500
data_price_hour_rel_-08_amount: 5.33200
data_price_hour_abs_05_amount: 5.33200
data_price_hour_rel_-07_amount: 6.20300
data_price_hour_abs_06_amount: 6.20300
data_price_hour_rel_-06_amount: 7.37400
data_price_hour_abs_07_amount: 7.37400
data_price_hour_rel_-05_amount: 7.38900
data_price_hour_abs_08_amount: 7.38900
data_price_hour_rel_-04_amount: 7.03900
data_price_hour_abs_09_amount: 7.03900
data_price_hour_rel_-03_amount: 6.04700
data_price_hour_abs_10_amount: 6.04700
data_price_hour_rel_-02_amount: 5.50100
data_price_hour_abs_11_amount: 5.50100
data_price_hour_rel_-01_amount: 5.39800
data_price_hour_abs_12_amount: 5.39800
data_price_hour_rel_+00_amount: 5.60200
data_price_hour_abs_13_amount: 5.60200
data_price_hour_rel_+01_amount: 5.50700
data_price_hour_abs_14_amount: 5.50700
data_price_hour_rel_+02_amount: 6.49600
data_price_hour_abs_15_amount: 6.49600
data_price_hour_rel_+03_amount: 7.09800
data_price_hour_abs_16_amount: 7.09800
data_price_hour_rel_+04_amount: 8.12800
data_price_hour_abs_17_amount: 8.12800
data_price_hour_rel_+05_amount: 8.62600
data_price_hour_abs_18_amount: 8.62600
data_price_hour_rel_+06_amount: 8.09900
data_price_hour_abs_19_amount: 8.09900
data_price_hour_rel_+07_amount: 7.27700
data_price_hour_abs_20_amount: 7.27700
data_price_hour_rel_+08_amount: 6.72500
data_price_hour_abs_21_amount: 6.72500
data_price_hour_rel_+09_amount: 6.49000
data_price_hour_abs_22_amount: 6.49000
data_price_hour_rel_+10_amount: 6.09000
data_price_hour_abs_23_amount: 6.09000