date_now: 2024-05-30 14:23:06
date_now_epoch: 1717071786727
date_now_day: 30
date_now_month: 5
date_now_year: 2024
date_start: 2024-05-30 00:00:00
date_end: 2024-05-30 23:59:59
price_low: 6.29700
price_high: 15.47300
price_median: 9.53800
price_average: 9.74500
price_current: 6.29700
price_unit: Cent/kWh
price_threshold_00: 6.29700
price_threshold_01: 6.29700
price_threshold_02: 6.76900
price_threshold_03: 7.09200
price_threshold_04: 8.00000
price_threshold_05: 8.37500
price_threshold_06: 8.50000
price_threshold_07: 9.01300
price_threshold_08: 9.12100
price_threshold_09: 9.36300
price_threshold_10: 9.39000
price_threshold_11: 9.45600
price_threshold_12: 9.62000
price_threshold_13: 9.77100
price_threshold_14: 10.04300
price_threshold_15: 10.07100
price_threshold_16: 10.07900
price_threshold_17: 10.33700
price_threshold_18: 10.66700
price_threshold_19: 11.06700
price_threshold_20: 11.21100
price_threshold_21: 13.52300
price_threshold_22: 14.34500
price_threshold_23: 15.47300
data_price_hour_rel_-14_amount: 10.04300
data_price_hour_abs_00_amount: 10.04300
data_price_hour_rel_-13_amount: 9.62000
data_price_hour_abs_01_amount: 9.62000
data_price_hour_rel_-12_amount: 9.12100
data_price_hour_abs_02_amount: 9.12100
data_price_hour_rel_-11_amount: 9.36300
data_price_hour_abs_03_amount: 9.36300
data_price_hour_rel_-10_amount: 9.45600
data_price_hour_abs_04_amount: 9.45600
data_price_hour_rel_-09_amount: 10.07900
data_price_hour_abs_05_amount: 10.07900
data_price_hour_rel_-08_amount: 10.33700
data_price_hour_abs_06_amount: 10.33700
data_price_hour_rel_-07_amount: 10.66700
data_price_hour_abs_07_amount: 10.66700
data_price_hour_rel_-06_amount: 9.77100
data_price_hour_abs_08_amount: 9.77100
data_price_hour_rel_-05_amount: 9.39000
data_price_hour_abs_09_amount: 9.39000
data_price_hour_rel_-04_amount: 8.50000
data_price_hour_abs_10_amount: 8.50000
data_price_hour_rel_-03_amount: 8.00000
data_price_hour_abs_11_amount: 8.00000
data_price_hour_rel_-02_amount: 7.09200
data_price_hour_abs_12_amount: 7.09200
data_price_hour_rel_-01_amount: 6.29700
data_price_hour_abs_13_amount: 6.29700
data_price_hour_rel_+00_amount: 6.29700
data_price_hour_abs_14_amount: 6.29700
data_price_hour_rel_+01_amount: 6.76900
data_price_hour_abs_15_amount: 6.76900
data_price_hour_rel_+02_amount: 8.37500
data_price_hour_abs_16_amount: 8.37500
data_price_hour_rel_+03_amount: 9.01300
data_price_hour_abs_17_amount: 9.01300
data_price_hour_rel_+04_amount: 11.06700
data_price_hour_abs_18_amount: 11.06700
data_price_hour_rel_+05_amount: 13.52300
data_price_hour_abs_19_amount: 13.52300
data_price_hour_rel_+06_amount: 15.47300
data_price_hour_abs_20_amount: 15.47300
data_price_hour_rel_+07_amount: 14.34500
data_price_hour_abs_21_amount: 14.34500
data_price_hour_rel_+08_amount: 11.21100
data_price_hour_abs_22_amount: 11.21100
data_price_hour_rel_+09_amount: 10.07100
data_price_hour_abs_23_amount: 10.07100