date_now: 2024-09-07 14:23:50
date_now_epoch: 1725711830050
date_now_day: 7
date_now_month: 9
date_now_year: 2024
date_start: 2024-09-07 00:00:00
date_end: 2024-09-07 23:59:59
price_low: 0.04400
price_high: 15.04000
price_median: 9.58700
price_average: 7.94167
price_current: 0.04400
price_unit: Cent/kWh
price_threshold_00: 0.04400
price_threshold_01: 0.10200
price_threshold_02: 0.54800
price_threshold_03: 0.84100
price_threshold_04: 1.41700
price_threshold_05: 4.96200
price_threshold_06: 5.15200
price_threshold_07: 8.41900
price_threshold_08: 8.92400
price_threshold_09: 9.23200
price_threshold_10: 9.53100
price_threshold_11: 9.54400
price_threshold_12: 9.63000
price_threshold_13: 9.69000
price_threshold_14: 9.82900
price_threshold_15: 10.10200
price_threshold_16: 10.14000
price_threshold_17: 10.19000
price_threshold_18: 10.24700
price_threshold_19: 10.38800
price_threshold_20: 10.47100
price_threshold_21: 12.85700
price_threshold_22: 13.30000
price_threshold_23: 15.04000
data_price_hour_rel_-14_amount: 10.24700
data_price_hour_abs_00_amount: 10.24700
data_price_hour_rel_-13_amount: 9.69000
data_price_hour_abs_01_amount: 9.69000
data_price_hour_rel_-12_amount: 9.63000
data_price_hour_abs_02_amount: 9.63000
data_price_hour_rel_-11_amount: 9.53100
data_price_hour_abs_03_amount: 9.53100
data_price_hour_rel_-10_amount: 9.82900
data_price_hour_abs_04_amount: 9.82900
data_price_hour_rel_-09_amount: 10.10200
data_price_hour_abs_05_amount: 10.10200
data_price_hour_rel_-08_amount: 10.38800
data_price_hour_abs_06_amount: 10.38800
data_price_hour_rel_-07_amount: 10.47100
data_price_hour_abs_07_amount: 10.47100
data_price_hour_rel_-06_amount: 9.54400
data_price_hour_abs_08_amount: 9.54400
data_price_hour_rel_-05_amount: 8.41900
data_price_hour_abs_09_amount: 8.41900
data_price_hour_rel_-04_amount: 5.15200
data_price_hour_abs_10_amount: 5.15200
data_price_hour_rel_-03_amount: 1.41700
data_price_hour_abs_11_amount: 1.41700
data_price_hour_rel_-02_amount: 0.54800
data_price_hour_abs_12_amount: 0.54800
data_price_hour_rel_-01_amount: 0.10200
data_price_hour_abs_13_amount: 0.10200
data_price_hour_rel_+00_amount: 0.04400
data_price_hour_abs_14_amount: 0.04400
data_price_hour_rel_+01_amount: 0.84100
data_price_hour_abs_15_amount: 0.84100
data_price_hour_rel_+02_amount: 4.96200
data_price_hour_abs_16_amount: 4.96200
data_price_hour_rel_+03_amount: 10.14000
data_price_hour_abs_17_amount: 10.14000
data_price_hour_rel_+04_amount: 12.85700
data_price_hour_abs_18_amount: 12.85700
data_price_hour_rel_+05_amount: 15.04000
data_price_hour_abs_19_amount: 15.04000
data_price_hour_rel_+06_amount: 13.30000
data_price_hour_abs_20_amount: 13.30000
data_price_hour_rel_+07_amount: 10.19000
data_price_hour_abs_21_amount: 10.19000
data_price_hour_rel_+08_amount: 9.23200
data_price_hour_abs_22_amount: 9.23200
data_price_hour_rel_+09_amount: 8.92400
data_price_hour_abs_23_amount: 8.92400