date_now: 2024-11-21 13:30:28
date_now_epoch: 1732192228900
date_now_day: 21
date_now_month: 11
date_now_year: 2024
date_start: 2024-11-21 00:00:00
date_end: 2024-11-21 23:59:59
price_low: 8.41500
price_high: 18.22600
price_median: 12.21700
price_average: 12.33179
price_current: 12.08300
price_unit: Cent/kWh
price_threshold_00: 8.41500
price_threshold_01: 8.42300
price_threshold_02: 8.68000
price_threshold_03: 9.04000
price_threshold_04: 9.24800
price_threshold_05: 9.39600
price_threshold_06: 10.71700
price_threshold_07: 10.74600
price_threshold_08: 11.35700
price_threshold_09: 11.54700
price_threshold_10: 12.08300
price_threshold_11: 12.14400
price_threshold_12: 12.29000
price_threshold_13: 12.30500
price_threshold_14: 12.73300
price_threshold_15: 13.13300
price_threshold_16: 13.29900
price_threshold_17: 13.49800
price_threshold_18: 14.16200
price_threshold_19: 15.40500
price_threshold_20: 15.48500
price_threshold_21: 16.13400
price_threshold_22: 17.49700
price_threshold_23: 18.22600
data_price_hour_rel_-13_amount: 9.39600
data_price_hour_abs_00_amount: 9.39600
data_price_hour_rel_-12_amount: 9.04000
data_price_hour_abs_01_amount: 9.04000
data_price_hour_rel_-11_amount: 8.68000
data_price_hour_abs_02_amount: 8.68000
data_price_hour_rel_-10_amount: 8.41500
data_price_hour_abs_03_amount: 8.41500
data_price_hour_rel_-09_amount: 8.42300
data_price_hour_abs_04_amount: 8.42300
data_price_hour_rel_-08_amount: 9.24800
data_price_hour_abs_05_amount: 9.24800
data_price_hour_rel_-07_amount: 10.71700
data_price_hour_abs_06_amount: 10.71700
data_price_hour_rel_-06_amount: 12.14400
data_price_hour_abs_07_amount: 12.14400
data_price_hour_rel_-05_amount: 13.29900
data_price_hour_abs_08_amount: 13.29900
data_price_hour_rel_-04_amount: 13.49800
data_price_hour_abs_09_amount: 13.49800
data_price_hour_rel_-03_amount: 12.73300
data_price_hour_abs_10_amount: 12.73300
data_price_hour_rel_-02_amount: 11.54700
data_price_hour_abs_11_amount: 11.54700
data_price_hour_rel_-01_amount: 11.35700
data_price_hour_abs_12_amount: 11.35700
data_price_hour_rel_+00_amount: 12.08300
data_price_hour_abs_13_amount: 12.08300
data_price_hour_rel_+01_amount: 14.16200
data_price_hour_abs_14_amount: 14.16200
data_price_hour_rel_+02_amount: 15.48500
data_price_hour_abs_15_amount: 15.48500
data_price_hour_rel_+03_amount: 17.49700
data_price_hour_abs_16_amount: 17.49700
data_price_hour_rel_+04_amount: 18.22600
data_price_hour_abs_17_amount: 18.22600
data_price_hour_rel_+05_amount: 16.13400
data_price_hour_abs_18_amount: 16.13400
data_price_hour_rel_+06_amount: 15.40500
data_price_hour_abs_19_amount: 15.40500
data_price_hour_rel_+07_amount: 13.13300
data_price_hour_abs_20_amount: 13.13300
data_price_hour_rel_+08_amount: 12.30500
data_price_hour_abs_21_amount: 12.30500
data_price_hour_rel_+09_amount: 12.29000
data_price_hour_abs_22_amount: 12.29000
data_price_hour_rel_+10_amount: 10.74600
data_price_hour_abs_23_amount: 10.74600