date_now: 2024-09-16 14:28:34
date_now_epoch: 1726489714497
date_now_day: 16
date_now_month: 9
date_now_year: 2024
date_start: 2024-09-16 00:00:00
date_end: 2024-09-16 23:59:59
price_low: 7.53700
price_high: 14.60600
price_median: 8.92050
price_average: 9.74733
price_current: 8.08600
price_unit: Cent/kWh
price_threshold_00: 7.53700
price_threshold_01: 7.63000
price_threshold_02: 7.88100
price_threshold_03: 8.08600
price_threshold_04: 8.15300
price_threshold_05: 8.43400
price_threshold_06: 8.49300
price_threshold_07: 8.68900
price_threshold_08: 8.69800
price_threshold_09: 8.72600
price_threshold_10: 8.81400
price_threshold_11: 8.83100
price_threshold_12: 9.01000
price_threshold_13: 9.29900
price_threshold_14: 9.60200
price_threshold_15: 10.50200
price_threshold_16: 10.78700
price_threshold_17: 10.90100
price_threshold_18: 11.09700
price_threshold_19: 11.25700
price_threshold_20: 11.26300
price_threshold_21: 12.64000
price_threshold_22: 13.00000
price_threshold_23: 14.60600
data_price_hour_rel_-14_amount: 9.29900
data_price_hour_abs_00_amount: 9.29900
data_price_hour_rel_-13_amount: 8.81400
data_price_hour_abs_01_amount: 8.81400
data_price_hour_rel_-12_amount: 8.72600
data_price_hour_abs_02_amount: 8.72600
data_price_hour_rel_-11_amount: 8.49300
data_price_hour_abs_03_amount: 8.49300
data_price_hour_rel_-10_amount: 8.43400
data_price_hour_abs_04_amount: 8.43400
data_price_hour_rel_-09_amount: 8.83100
data_price_hour_abs_05_amount: 8.83100
data_price_hour_rel_-08_amount: 11.09700
data_price_hour_abs_06_amount: 11.09700
data_price_hour_rel_-07_amount: 13.00000
data_price_hour_abs_07_amount: 13.00000
data_price_hour_rel_-06_amount: 14.60600
data_price_hour_abs_08_amount: 14.60600
data_price_hour_rel_-05_amount: 12.64000
data_price_hour_abs_09_amount: 12.64000
data_price_hour_rel_-04_amount: 11.26300
data_price_hour_abs_10_amount: 11.26300
data_price_hour_rel_-03_amount: 10.50200
data_price_hour_abs_11_amount: 10.50200
data_price_hour_rel_-02_amount: 9.60200
data_price_hour_abs_12_amount: 9.60200
data_price_hour_rel_-01_amount: 8.68900
data_price_hour_abs_13_amount: 8.68900
data_price_hour_rel_+00_amount: 8.08600
data_price_hour_abs_14_amount: 8.08600
data_price_hour_rel_+01_amount: 7.53700
data_price_hour_abs_15_amount: 7.53700
data_price_hour_rel_+02_amount: 7.63000
data_price_hour_abs_16_amount: 7.63000
data_price_hour_rel_+03_amount: 8.69800
data_price_hour_abs_17_amount: 8.69800
data_price_hour_rel_+04_amount: 10.78700
data_price_hour_abs_18_amount: 10.78700
data_price_hour_rel_+05_amount: 11.25700
data_price_hour_abs_19_amount: 11.25700
data_price_hour_rel_+06_amount: 10.90100
data_price_hour_abs_20_amount: 10.90100
data_price_hour_rel_+07_amount: 9.01000
data_price_hour_abs_21_amount: 9.01000
data_price_hour_rel_+08_amount: 7.88100
data_price_hour_abs_22_amount: 7.88100
data_price_hour_rel_+09_amount: 8.15300
data_price_hour_abs_23_amount: 8.15300