date_now: 2024-12-05 13:31:33
date_now_epoch: 1733401893524
date_now_day: 5
date_now_month: 12
date_now_year: 2024
date_start: 2024-12-05 00:00:00
date_end: 2024-12-05 23:59:59
price_low: 4.31400
price_high: 14.35400
price_median: 10.43100
price_average: 10.62008
price_current: 10.29300
price_unit: Cent/kWh
price_threshold_00: 4.31400
price_threshold_01: 7.41700
price_threshold_02: 7.73000
price_threshold_03: 8.71300
price_threshold_04: 10.08700
price_threshold_05: 10.15000
price_threshold_06: 10.26700
price_threshold_07: 10.28900
price_threshold_08: 10.29300
price_threshold_09: 10.32700
price_threshold_10: 10.32700
price_threshold_11: 10.41200
price_threshold_12: 10.45000
price_threshold_13: 10.53600
price_threshold_14: 10.57400
price_threshold_15: 10.73100
price_threshold_16: 11.21600
price_threshold_17: 11.47700
price_threshold_18: 11.83100
price_threshold_19: 12.49200
price_threshold_20: 13.17800
price_threshold_21: 13.58800
price_threshold_22: 14.12900
price_threshold_23: 14.35400
data_price_hour_rel_-13_amount: 11.47700
data_price_hour_abs_00_amount: 11.47700
data_price_hour_rel_-12_amount: 10.57400
data_price_hour_abs_01_amount: 10.57400
data_price_hour_rel_-11_amount: 10.32700
data_price_hour_abs_02_amount: 10.32700
data_price_hour_rel_-10_amount: 10.45000
data_price_hour_abs_03_amount: 10.45000
data_price_hour_rel_-09_amount: 10.32700
data_price_hour_abs_04_amount: 10.32700
data_price_hour_rel_-08_amount: 10.41200
data_price_hour_abs_05_amount: 10.41200
data_price_hour_rel_-07_amount: 13.58800
data_price_hour_abs_06_amount: 13.58800
data_price_hour_rel_-06_amount: 14.35400
data_price_hour_abs_07_amount: 14.35400
data_price_hour_rel_-05_amount: 14.12900
data_price_hour_abs_08_amount: 14.12900
data_price_hour_rel_-04_amount: 13.17800
data_price_hour_abs_09_amount: 13.17800
data_price_hour_rel_-03_amount: 12.49200
data_price_hour_abs_10_amount: 12.49200
data_price_hour_rel_-02_amount: 10.73100
data_price_hour_abs_11_amount: 10.73100
data_price_hour_rel_-01_amount: 10.26700
data_price_hour_abs_12_amount: 10.26700
data_price_hour_rel_+00_amount: 10.29300
data_price_hour_abs_13_amount: 10.29300
data_price_hour_rel_+01_amount: 10.28900
data_price_hour_abs_14_amount: 10.28900
data_price_hour_rel_+02_amount: 10.08700
data_price_hour_abs_15_amount: 10.08700
data_price_hour_rel_+03_amount: 10.15000
data_price_hour_abs_16_amount: 10.15000
data_price_hour_rel_+04_amount: 11.83100
data_price_hour_abs_17_amount: 11.83100
data_price_hour_rel_+05_amount: 11.21600
data_price_hour_abs_18_amount: 11.21600
data_price_hour_rel_+06_amount: 10.53600
data_price_hour_abs_19_amount: 10.53600
data_price_hour_rel_+07_amount: 8.71300
data_price_hour_abs_20_amount: 8.71300
data_price_hour_rel_+08_amount: 7.73000
data_price_hour_abs_21_amount: 7.73000
data_price_hour_rel_+09_amount: 7.41700
data_price_hour_abs_22_amount: 7.41700
data_price_hour_rel_+10_amount: 4.31400
data_price_hour_abs_23_amount: 4.31400