date_now: 2024-10-06 14:25:39
date_now_epoch: 1728217539528
date_now_day: 6
date_now_month: 10
date_now_year: 2024
date_start: 2024-10-06 00:00:00
date_end: 2024-10-06 23:59:59
price_low: -0.00100
price_high: 10.63000
price_median: 6.30900
price_average: 5.48979
price_current: -0.00100
price_unit: Cent/kWh
price_threshold_00: -0.00100
price_threshold_01: -0.00100
price_threshold_02: 0.02000
price_threshold_03: 0.52500
price_threshold_04: 1.66800
price_threshold_05: 3.52800
price_threshold_06: 5.17100
price_threshold_07: 5.86900
price_threshold_08: 5.93700
price_threshold_09: 5.96000
price_threshold_10: 6.27100
price_threshold_11: 6.28300
price_threshold_12: 6.33500
price_threshold_13: 6.34100
price_threshold_14: 6.39700
price_threshold_15: 6.39700
price_threshold_16: 6.60600
price_threshold_17: 6.70400
price_threshold_18: 7.28100
price_threshold_19: 7.29800
price_threshold_20: 7.72000
price_threshold_21: 9.09400
price_threshold_22: 9.72200
price_threshold_23: 10.63000
data_price_hour_rel_-14_amount: 6.70400
data_price_hour_abs_00_amount: 6.70400
data_price_hour_rel_-13_amount: 6.39700
data_price_hour_abs_01_amount: 6.39700
data_price_hour_rel_-12_amount: 6.28300
data_price_hour_abs_02_amount: 6.28300
data_price_hour_rel_-11_amount: 6.33500
data_price_hour_abs_03_amount: 6.33500
data_price_hour_rel_-10_amount: 6.27100
data_price_hour_abs_04_amount: 6.27100
data_price_hour_rel_-09_amount: 6.39700
data_price_hour_abs_05_amount: 6.39700
data_price_hour_rel_-08_amount: 6.34100
data_price_hour_abs_06_amount: 6.34100
data_price_hour_rel_-07_amount: 7.28100
data_price_hour_abs_07_amount: 7.28100
data_price_hour_rel_-06_amount: 7.72000
data_price_hour_abs_08_amount: 7.72000
data_price_hour_rel_-05_amount: 6.60600
data_price_hour_abs_09_amount: 6.60600
data_price_hour_rel_-04_amount: 3.52800
data_price_hour_abs_10_amount: 3.52800
data_price_hour_rel_-03_amount: 1.66800
data_price_hour_abs_11_amount: 1.66800
data_price_hour_rel_-02_amount: 0.52500
data_price_hour_abs_12_amount: 0.52500
data_price_hour_rel_-01_amount: -0.00100
data_price_hour_abs_13_amount: -0.00100
data_price_hour_rel_+00_amount: -0.00100
data_price_hour_abs_14_amount: -0.00100
data_price_hour_rel_+01_amount: 0.02000
data_price_hour_abs_15_amount: 0.02000
data_price_hour_rel_+02_amount: 5.96000
data_price_hour_abs_16_amount: 5.96000
data_price_hour_rel_+03_amount: 9.09400
data_price_hour_abs_17_amount: 9.09400
data_price_hour_rel_+04_amount: 10.63000
data_price_hour_abs_18_amount: 10.63000
data_price_hour_rel_+05_amount: 9.72200
data_price_hour_abs_19_amount: 9.72200
data_price_hour_rel_+06_amount: 7.29800
data_price_hour_abs_20_amount: 7.29800
data_price_hour_rel_+07_amount: 5.93700
data_price_hour_abs_21_amount: 5.93700
data_price_hour_rel_+08_amount: 5.86900
data_price_hour_abs_22_amount: 5.86900
data_price_hour_rel_+09_amount: 5.17100
data_price_hour_abs_23_amount: 5.17100