date_now: 2024-11-18 13:31:00
date_now_epoch: 1731933060606
date_now_day: 18
date_now_month: 11
date_now_year: 2024
date_start: 2024-11-18 00:00:00
date_end: 2024-11-18 23:59:59
price_low: 4.23900
price_high: 16.18200
price_median: 11.05150
price_average: 10.45904
price_current: 9.41300
price_unit: Cent/kWh
price_threshold_00: 4.23900
price_threshold_01: 5.81700
price_threshold_02: 5.98600
price_threshold_03: 6.43900
price_threshold_04: 6.54200
price_threshold_05: 7.42300
price_threshold_06: 7.95000
price_threshold_07: 9.29800
price_threshold_08: 9.41300
price_threshold_09: 9.55500
price_threshold_10: 10.87000
price_threshold_11: 10.95200
price_threshold_12: 11.15100
price_threshold_13: 11.69900
price_threshold_14: 11.76200
price_threshold_15: 11.95600
price_threshold_16: 11.99800
price_threshold_17: 12.16600
price_threshold_18: 12.19100
price_threshold_19: 12.89400
price_threshold_20: 13.24800
price_threshold_21: 15.29600
price_threshold_22: 15.99000
price_threshold_23: 16.18200
data_price_hour_rel_-13_amount: 6.54200
data_price_hour_abs_00_amount: 6.54200
data_price_hour_rel_-12_amount: 6.43900
data_price_hour_abs_01_amount: 6.43900
data_price_hour_rel_-11_amount: 5.98600
data_price_hour_abs_02_amount: 5.98600
data_price_hour_rel_-10_amount: 4.23900
data_price_hour_abs_03_amount: 4.23900
data_price_hour_rel_-09_amount: 5.81700
data_price_hour_abs_04_amount: 5.81700
data_price_hour_rel_-08_amount: 7.42300
data_price_hour_abs_05_amount: 7.42300
data_price_hour_rel_-07_amount: 9.55500
data_price_hour_abs_06_amount: 9.55500
data_price_hour_rel_-06_amount: 12.16600
data_price_hour_abs_07_amount: 12.16600
data_price_hour_rel_-05_amount: 12.19100
data_price_hour_abs_08_amount: 12.19100
data_price_hour_rel_-04_amount: 11.95600
data_price_hour_abs_09_amount: 11.95600
data_price_hour_rel_-03_amount: 11.15100
data_price_hour_abs_10_amount: 11.15100
data_price_hour_rel_-02_amount: 9.29800
data_price_hour_abs_11_amount: 9.29800
data_price_hour_rel_-01_amount: 7.95000
data_price_hour_abs_12_amount: 7.95000
data_price_hour_rel_+00_amount: 9.41300
data_price_hour_abs_13_amount: 9.41300
data_price_hour_rel_+01_amount: 10.95200
data_price_hour_abs_14_amount: 10.95200
data_price_hour_rel_+02_amount: 11.99800
data_price_hour_abs_15_amount: 11.99800
data_price_hour_rel_+03_amount: 13.24800
data_price_hour_abs_16_amount: 13.24800
data_price_hour_rel_+04_amount: 15.99000
data_price_hour_abs_17_amount: 15.99000
data_price_hour_rel_+05_amount: 16.18200
data_price_hour_abs_18_amount: 16.18200
data_price_hour_rel_+06_amount: 15.29600
data_price_hour_abs_19_amount: 15.29600
data_price_hour_rel_+07_amount: 12.89400
data_price_hour_abs_20_amount: 12.89400
data_price_hour_rel_+08_amount: 11.76200
data_price_hour_abs_21_amount: 11.76200
data_price_hour_rel_+09_amount: 11.69900
data_price_hour_abs_22_amount: 11.69900
data_price_hour_rel_+10_amount: 10.87000
data_price_hour_abs_23_amount: 10.87000