date_now: 2024-01-27 13:17:38
date_now_epoch: 1706357858529
date_now_day: 27
date_now_month: 1
date_now_year: 2024
date_start: 2024-01-27 00:00:00
date_end: 2024-01-27 23:59:59
price_low: 5.38800
price_high: 9.59500
price_median: 6.29850
price_average: 6.83488
price_current: 5.38800
price_unit: Cent/kWh
price_threshold_00: 5.38800
price_threshold_01: 5.50300
price_threshold_02: 5.50500
price_threshold_03: 5.55000
price_threshold_04: 5.57400
price_threshold_05: 5.58400
price_threshold_06: 5.62100
price_threshold_07: 5.66100
price_threshold_08: 5.68300
price_threshold_09: 5.90700
price_threshold_10: 5.97200
price_threshold_11: 6.00600
price_threshold_12: 6.59100
price_threshold_13: 7.24400
price_threshold_14: 7.25600
price_threshold_15: 7.27000
price_threshold_16: 7.52900
price_threshold_17: 7.59700
price_threshold_18: 7.60700
price_threshold_19: 8.36200
price_threshold_20: 8.44200
price_threshold_21: 9.25300
price_threshold_22: 9.33700
price_threshold_23: 9.59500
data_price_hour_rel_-13_amount: 5.55000
data_price_hour_abs_00_amount: 5.55000
data_price_hour_rel_-12_amount: 5.50300
data_price_hour_abs_01_amount: 5.50300
data_price_hour_rel_-11_amount: 5.62100
data_price_hour_abs_02_amount: 5.62100
data_price_hour_rel_-10_amount: 5.50500
data_price_hour_abs_03_amount: 5.50500
data_price_hour_rel_-09_amount: 5.57400
data_price_hour_abs_04_amount: 5.57400
data_price_hour_rel_-08_amount: 5.68300
data_price_hour_abs_05_amount: 5.68300
data_price_hour_rel_-07_amount: 5.90700
data_price_hour_abs_06_amount: 5.90700
data_price_hour_rel_-06_amount: 6.59100
data_price_hour_abs_07_amount: 6.59100
data_price_hour_rel_-05_amount: 7.52900
data_price_hour_abs_08_amount: 7.52900
data_price_hour_rel_-04_amount: 7.25600
data_price_hour_abs_09_amount: 7.25600
data_price_hour_rel_-03_amount: 6.00600
data_price_hour_abs_10_amount: 6.00600
data_price_hour_rel_-02_amount: 5.66100
data_price_hour_abs_11_amount: 5.66100
data_price_hour_rel_-01_amount: 5.58400
data_price_hour_abs_12_amount: 5.58400
data_price_hour_rel_+00_amount: 5.38800
data_price_hour_abs_13_amount: 5.38800
data_price_hour_rel_+01_amount: 5.97200
data_price_hour_abs_14_amount: 5.97200
data_price_hour_rel_+02_amount: 7.24400
data_price_hour_abs_15_amount: 7.24400
data_price_hour_rel_+03_amount: 8.36200
data_price_hour_abs_16_amount: 8.36200
data_price_hour_rel_+04_amount: 9.33700
data_price_hour_abs_17_amount: 9.33700
data_price_hour_rel_+05_amount: 9.59500
data_price_hour_abs_18_amount: 9.59500
data_price_hour_rel_+06_amount: 9.25300
data_price_hour_abs_19_amount: 9.25300
data_price_hour_rel_+07_amount: 8.44200
data_price_hour_abs_20_amount: 8.44200
data_price_hour_rel_+08_amount: 7.60700
data_price_hour_abs_21_amount: 7.60700
data_price_hour_rel_+09_amount: 7.59700
data_price_hour_abs_22_amount: 7.59700
data_price_hour_rel_+10_amount: 7.27000
data_price_hour_abs_23_amount: 7.27000