date_now: 2024-08-10 14:23:22
date_now_epoch: 1723292602036
date_now_day: 10
date_now_month: 8
date_now_year: 2024
date_start: 2024-08-10 00:00:00
date_end: 2024-08-10 23:59:59
price_low: -4.07700
price_high: 13.30000
price_median: 7.94700
price_average: 4.98471
price_current: -4.00900
price_unit: Cent/kWh
price_threshold_00: -4.07700
price_threshold_01: -4.00900
price_threshold_02: -2.96700
price_threshold_03: -2.24900
price_threshold_04: -1.22000
price_threshold_05: -0.82000
price_threshold_06: -0.30000
price_threshold_07: 0.00700
price_threshold_08: 0.02000
price_threshold_09: 3.18600
price_threshold_10: 4.88400
price_threshold_11: 7.60100
price_threshold_12: 8.29300
price_threshold_13: 8.46700
price_threshold_14: 8.50900
price_threshold_15: 8.55200
price_threshold_16: 8.72800
price_threshold_17: 8.86800
price_threshold_18: 9.21300
price_threshold_19: 10.65500
price_threshold_20: 10.66400
price_threshold_21: 11.78500
price_threshold_22: 12.54300
price_threshold_23: 13.30000
data_price_hour_rel_-14_amount: 8.50900
data_price_hour_abs_00_amount: 8.50900
data_price_hour_rel_-13_amount: 9.21300
data_price_hour_abs_01_amount: 9.21300
data_price_hour_rel_-12_amount: 8.72800
data_price_hour_abs_02_amount: 8.72800
data_price_hour_rel_-11_amount: 8.46700
data_price_hour_abs_03_amount: 8.46700
data_price_hour_rel_-10_amount: 8.29300
data_price_hour_abs_04_amount: 8.29300
data_price_hour_rel_-09_amount: 8.55200
data_price_hour_abs_05_amount: 8.55200
data_price_hour_rel_-08_amount: 8.86800
data_price_hour_abs_06_amount: 8.86800
data_price_hour_rel_-07_amount: 7.60100
data_price_hour_abs_07_amount: 7.60100
data_price_hour_rel_-06_amount: 3.18600
data_price_hour_abs_08_amount: 3.18600
data_price_hour_rel_-05_amount: 0.02000
data_price_hour_abs_09_amount: 0.02000
data_price_hour_rel_-04_amount: -0.30000
data_price_hour_abs_10_amount: -0.30000
data_price_hour_rel_-03_amount: -1.22000
data_price_hour_abs_11_amount: -1.22000
data_price_hour_rel_-02_amount: -2.24900
data_price_hour_abs_12_amount: -2.24900
data_price_hour_rel_-01_amount: -4.07700
data_price_hour_abs_13_amount: -4.07700
data_price_hour_rel_+00_amount: -4.00900
data_price_hour_abs_14_amount: -4.00900
data_price_hour_rel_+01_amount: -2.96700
data_price_hour_abs_15_amount: -2.96700
data_price_hour_rel_+02_amount: -0.82000
data_price_hour_abs_16_amount: -0.82000
data_price_hour_rel_+03_amount: 0.00700
data_price_hour_abs_17_amount: 0.00700
data_price_hour_rel_+04_amount: 4.88400
data_price_hour_abs_18_amount: 4.88400
data_price_hour_rel_+05_amount: 10.65500
data_price_hour_abs_19_amount: 10.65500
data_price_hour_rel_+06_amount: 12.54300
data_price_hour_abs_20_amount: 12.54300
data_price_hour_rel_+07_amount: 13.30000
data_price_hour_abs_21_amount: 13.30000
data_price_hour_rel_+08_amount: 11.78500
data_price_hour_abs_22_amount: 11.78500
data_price_hour_rel_+09_amount: 10.66400
data_price_hour_abs_23_amount: 10.66400