date_now: 2024-07-30 14:24:52
date_now_epoch: 1722342292074
date_now_day: 30
date_now_month: 7
date_now_year: 2024
date_start: 2024-07-30 00:00:00
date_end: 2024-07-30 23:59:59
price_low: -0.00600
price_high: 17.71300
price_median: 8.15000
price_average: 7.72421
price_current: -0.00600
price_unit: Cent/kWh
price_threshold_00: -0.00600
price_threshold_01: -0.00400
price_threshold_02: 0.10900
price_threshold_03: 0.78400
price_threshold_04: 1.32500
price_threshold_05: 3.75200
price_threshold_06: 4.06800
price_threshold_07: 6.77800
price_threshold_08: 7.57700
price_threshold_09: 7.80100
price_threshold_10: 7.81000
price_threshold_11: 7.92700
price_threshold_12: 8.37300
price_threshold_13: 8.85900
price_threshold_14: 9.90400
price_threshold_15: 9.96500
price_threshold_16: 10.18500
price_threshold_17: 10.34000
price_threshold_18: 11.34800
price_threshold_19: 11.49800
price_threshold_20: 11.56400
price_threshold_21: 12.94400
price_threshold_22: 14.76700
price_threshold_23: 17.71300
data_price_hour_rel_-14_amount: 7.80100
data_price_hour_abs_00_amount: 7.80100
data_price_hour_rel_-13_amount: 7.57700
data_price_hour_abs_01_amount: 7.57700
data_price_hour_rel_-12_amount: 7.92700
data_price_hour_abs_02_amount: 7.92700
data_price_hour_rel_-11_amount: 8.37300
data_price_hour_abs_03_amount: 8.37300
data_price_hour_rel_-10_amount: 8.85900
data_price_hour_abs_04_amount: 8.85900
data_price_hour_rel_-09_amount: 10.18500
data_price_hour_abs_05_amount: 10.18500
data_price_hour_rel_-08_amount: 11.56400
data_price_hour_abs_06_amount: 11.56400
data_price_hour_rel_-07_amount: 11.34800
data_price_hour_abs_07_amount: 11.34800
data_price_hour_rel_-06_amount: 9.96500
data_price_hour_abs_08_amount: 9.96500
data_price_hour_rel_-05_amount: 6.77800
data_price_hour_abs_09_amount: 6.77800
data_price_hour_rel_-04_amount: 3.75200
data_price_hour_abs_10_amount: 3.75200
data_price_hour_rel_-03_amount: 0.78400
data_price_hour_abs_11_amount: 0.78400
data_price_hour_rel_-02_amount: 0.10900
data_price_hour_abs_12_amount: 0.10900
data_price_hour_rel_-01_amount: -0.00400
data_price_hour_abs_13_amount: -0.00400
data_price_hour_rel_+00_amount: -0.00600
data_price_hour_abs_14_amount: -0.00600
data_price_hour_rel_+01_amount: 1.32500
data_price_hour_abs_15_amount: 1.32500
data_price_hour_rel_+02_amount: 4.06800
data_price_hour_abs_16_amount: 4.06800
data_price_hour_rel_+03_amount: 7.81000
data_price_hour_abs_17_amount: 7.81000
data_price_hour_rel_+04_amount: 10.34000
data_price_hour_abs_18_amount: 10.34000
data_price_hour_rel_+05_amount: 12.94400
data_price_hour_abs_19_amount: 12.94400
data_price_hour_rel_+06_amount: 17.71300
data_price_hour_abs_20_amount: 17.71300
data_price_hour_rel_+07_amount: 14.76700
data_price_hour_abs_21_amount: 14.76700
data_price_hour_rel_+08_amount: 11.49800
data_price_hour_abs_22_amount: 11.49800
data_price_hour_rel_+09_amount: 9.90400
data_price_hour_abs_23_amount: 9.90400