date_now: 2024-05-18 14:20:56
date_now_epoch: 1716034856767
date_now_day: 18
date_now_month: 5
date_now_year: 2024
date_start: 2024-05-18 00:00:00
date_end: 2024-05-18 23:59:59
price_low: -0.27900
price_high: 13.16600
price_median: 6.45200
price_average: 5.58038
price_current: -0.27900
price_unit: Cent/kWh
price_threshold_00: -0.27900
price_threshold_01: -0.19200
price_threshold_02: -0.13000
price_threshold_03: -0.00400
price_threshold_04: -0.00200
price_threshold_05: 0.07100
price_threshold_06: 0.94300
price_threshold_07: 4.73600
price_threshold_08: 5.06600
price_threshold_09: 6.36100
price_threshold_10: 6.38200
price_threshold_11: 6.38600
price_threshold_12: 6.51800
price_threshold_13: 6.75500
price_threshold_14: 6.90100
price_threshold_15: 7.03900
price_threshold_16: 7.18600
price_threshold_17: 7.25100
price_threshold_18: 8.19100
price_threshold_19: 8.66000
price_threshold_20: 9.65200
price_threshold_21: 10.99400
price_threshold_22: 12.27800
price_threshold_23: 13.16600
data_price_hour_rel_-14_amount: 6.75500
data_price_hour_abs_00_amount: 6.75500
data_price_hour_rel_-13_amount: 6.36100
data_price_hour_abs_01_amount: 6.36100
data_price_hour_rel_-12_amount: 6.38200
data_price_hour_abs_02_amount: 6.38200
data_price_hour_rel_-11_amount: 6.51800
data_price_hour_abs_03_amount: 6.51800
data_price_hour_rel_-10_amount: 6.90100
data_price_hour_abs_04_amount: 6.90100
data_price_hour_rel_-09_amount: 7.25100
data_price_hour_abs_05_amount: 7.25100
data_price_hour_rel_-08_amount: 7.18600
data_price_hour_abs_06_amount: 7.18600
data_price_hour_rel_-07_amount: 7.03900
data_price_hour_abs_07_amount: 7.03900
data_price_hour_rel_-06_amount: 6.38600
data_price_hour_abs_08_amount: 6.38600
data_price_hour_rel_-05_amount: 4.73600
data_price_hour_abs_09_amount: 4.73600
data_price_hour_rel_-04_amount: 0.94300
data_price_hour_abs_10_amount: 0.94300
data_price_hour_rel_-03_amount: 0.07100
data_price_hour_abs_11_amount: 0.07100
data_price_hour_rel_-02_amount: -0.00200
data_price_hour_abs_12_amount: -0.00200
data_price_hour_rel_-01_amount: -0.13000
data_price_hour_abs_13_amount: -0.13000
data_price_hour_rel_+00_amount: -0.27900
data_price_hour_abs_14_amount: -0.27900
data_price_hour_rel_+01_amount: -0.19200
data_price_hour_abs_15_amount: -0.19200
data_price_hour_rel_+02_amount: -0.00400
data_price_hour_abs_16_amount: -0.00400
data_price_hour_rel_+03_amount: 5.06600
data_price_hour_abs_17_amount: 5.06600
data_price_hour_rel_+04_amount: 8.19100
data_price_hour_abs_18_amount: 8.19100
data_price_hour_rel_+05_amount: 10.99400
data_price_hour_abs_19_amount: 10.99400
data_price_hour_rel_+06_amount: 13.16600
data_price_hour_abs_20_amount: 13.16600
data_price_hour_rel_+07_amount: 12.27800
data_price_hour_abs_21_amount: 12.27800
data_price_hour_rel_+08_amount: 9.65200
data_price_hour_abs_22_amount: 9.65200
data_price_hour_rel_+09_amount: 8.66000
data_price_hour_abs_23_amount: 8.66000