date_now: 2024-03-01 13:19:59
date_now_epoch: 1709295599165
date_now_day: 1
date_now_month: 3
date_now_year: 2024
date_start: 2024-03-01 00:00:00
date_end: 2024-03-01 23:59:59
price_low: 5.78300
price_high: 9.37300
price_median: 6.85850
price_average: 7.10133
price_current: 6.46300
price_unit: Cent/kWh
price_threshold_00: 5.78300
price_threshold_01: 5.81400
price_threshold_02: 5.83000
price_threshold_03: 6.14200
price_threshold_04: 6.20400
price_threshold_05: 6.24900
price_threshold_06: 6.30800
price_threshold_07: 6.46300
price_threshold_08: 6.47600
price_threshold_09: 6.63900
price_threshold_10: 6.65200
price_threshold_11: 6.71100
price_threshold_12: 7.00600
price_threshold_13: 7.15800
price_threshold_14: 7.16200
price_threshold_15: 7.25700
price_threshold_16: 7.58800
price_threshold_17: 7.74900
price_threshold_18: 7.89400
price_threshold_19: 7.93600
price_threshold_20: 8.37900
price_threshold_21: 8.71900
price_threshold_22: 8.94000
price_threshold_23: 9.37300
data_price_hour_rel_-13_amount: 6.20400
data_price_hour_abs_00_amount: 6.20400
data_price_hour_rel_-12_amount: 6.14200
data_price_hour_abs_01_amount: 6.14200
data_price_hour_rel_-11_amount: 5.81400
data_price_hour_abs_02_amount: 5.81400
data_price_hour_rel_-10_amount: 5.78300
data_price_hour_abs_03_amount: 5.78300
data_price_hour_rel_-09_amount: 5.83000
data_price_hour_abs_04_amount: 5.83000
data_price_hour_rel_-08_amount: 6.24900
data_price_hour_abs_05_amount: 6.24900
data_price_hour_rel_-07_amount: 7.15800
data_price_hour_abs_06_amount: 7.15800
data_price_hour_rel_-06_amount: 7.93600
data_price_hour_abs_07_amount: 7.93600
data_price_hour_rel_-05_amount: 8.37900
data_price_hour_abs_08_amount: 8.37900
data_price_hour_rel_-04_amount: 7.58800
data_price_hour_abs_09_amount: 7.58800
data_price_hour_rel_-03_amount: 6.65200
data_price_hour_abs_10_amount: 6.65200
data_price_hour_rel_-02_amount: 6.47600
data_price_hour_abs_11_amount: 6.47600
data_price_hour_rel_-01_amount: 6.30800
data_price_hour_abs_12_amount: 6.30800
data_price_hour_rel_+00_amount: 6.46300
data_price_hour_abs_13_amount: 6.46300
data_price_hour_rel_+01_amount: 6.71100
data_price_hour_abs_14_amount: 6.71100
data_price_hour_rel_+02_amount: 7.25700
data_price_hour_abs_15_amount: 7.25700
data_price_hour_rel_+03_amount: 7.89400
data_price_hour_abs_16_amount: 7.89400
data_price_hour_rel_+04_amount: 8.94000
data_price_hour_abs_17_amount: 8.94000
data_price_hour_rel_+05_amount: 9.37300
data_price_hour_abs_18_amount: 9.37300
data_price_hour_rel_+06_amount: 8.71900
data_price_hour_abs_19_amount: 8.71900
data_price_hour_rel_+07_amount: 7.74900
data_price_hour_abs_20_amount: 7.74900
data_price_hour_rel_+08_amount: 7.16200
data_price_hour_abs_21_amount: 7.16200
data_price_hour_rel_+09_amount: 7.00600
data_price_hour_abs_22_amount: 7.00600
data_price_hour_rel_+10_amount: 6.63900
data_price_hour_abs_23_amount: 6.63900