date_now: 2024-11-27 13:30:49
date_now_epoch: 1732710649285
date_now_day: 27
date_now_month: 11
date_now_year: 2024
date_start: 2024-11-27 00:00:00
date_end: 2024-11-27 23:59:59
price_low: 4.87800
price_high: 18.48400
price_median: 11.61100
price_average: 11.99854
price_current: 14.04900
price_unit: Cent/kWh
price_threshold_00: 4.87800
price_threshold_01: 6.70500
price_threshold_02: 7.18600
price_threshold_03: 7.81400
price_threshold_04: 10.18400
price_threshold_05: 10.47400
price_threshold_06: 10.62800
price_threshold_07: 11.00000
price_threshold_08: 11.02400
price_threshold_09: 11.14600
price_threshold_10: 11.22900
price_threshold_11: 11.46600
price_threshold_12: 11.75600
price_threshold_13: 12.39200
price_threshold_14: 13.00900
price_threshold_15: 13.17000
price_threshold_16: 14.04900
price_threshold_17: 14.05000
price_threshold_18: 14.56600
price_threshold_19: 15.00000
price_threshold_20: 15.31000
price_threshold_21: 16.00000
price_threshold_22: 16.44500
price_threshold_23: 18.48400
data_price_hour_rel_-13_amount: 10.47400
data_price_hour_abs_00_amount: 10.47400
data_price_hour_rel_-12_amount: 10.62800
data_price_hour_abs_01_amount: 10.62800
data_price_hour_rel_-11_amount: 11.00000
data_price_hour_abs_02_amount: 11.00000
data_price_hour_rel_-10_amount: 11.14600
data_price_hour_abs_03_amount: 11.14600
data_price_hour_rel_-09_amount: 11.46600
data_price_hour_abs_04_amount: 11.46600
data_price_hour_rel_-08_amount: 12.39200
data_price_hour_abs_05_amount: 12.39200
data_price_hour_rel_-07_amount: 14.05000
data_price_hour_abs_06_amount: 14.05000
data_price_hour_rel_-06_amount: 16.00000
data_price_hour_abs_07_amount: 16.00000
data_price_hour_rel_-05_amount: 18.48400
data_price_hour_abs_08_amount: 18.48400
data_price_hour_rel_-04_amount: 16.44500
data_price_hour_abs_09_amount: 16.44500
data_price_hour_rel_-03_amount: 15.31000
data_price_hour_abs_10_amount: 15.31000
data_price_hour_rel_-02_amount: 15.00000
data_price_hour_abs_11_amount: 15.00000
data_price_hour_rel_-01_amount: 14.56600
data_price_hour_abs_12_amount: 14.56600
data_price_hour_rel_+00_amount: 14.04900
data_price_hour_abs_13_amount: 14.04900
data_price_hour_rel_+01_amount: 13.00900
data_price_hour_abs_14_amount: 13.00900
data_price_hour_rel_+02_amount: 13.17000
data_price_hour_abs_15_amount: 13.17000
data_price_hour_rel_+03_amount: 11.75600
data_price_hour_abs_16_amount: 11.75600
data_price_hour_rel_+04_amount: 11.02400
data_price_hour_abs_17_amount: 11.02400
data_price_hour_rel_+05_amount: 11.22900
data_price_hour_abs_18_amount: 11.22900
data_price_hour_rel_+06_amount: 10.18400
data_price_hour_abs_19_amount: 10.18400
data_price_hour_rel_+07_amount: 7.81400
data_price_hour_abs_20_amount: 7.81400
data_price_hour_rel_+08_amount: 7.18600
data_price_hour_abs_21_amount: 7.18600
data_price_hour_rel_+09_amount: 6.70500
data_price_hour_abs_22_amount: 6.70500
data_price_hour_rel_+10_amount: 4.87800
data_price_hour_abs_23_amount: 4.87800