date_now: 2024-09-17 14:27:15
date_now_epoch: 1726576035837
date_now_day: 17
date_now_month: 9
date_now_year: 2024
date_start: 2024-09-17 00:00:00
date_end: 2024-09-17 23:59:59
price_low: 2.56400
price_high: 13.75200
price_median: 8.77400
price_average: 8.88942
price_current: 2.56400
price_unit: Cent/kWh
price_threshold_00: 2.56400
price_threshold_01: 4.17700
price_threshold_02: 4.44400
price_threshold_03: 5.98100
price_threshold_04: 7.42900
price_threshold_05: 7.98400
price_threshold_06: 8.00400
price_threshold_07: 8.05100
price_threshold_08: 8.23000
price_threshold_09: 8.23900
price_threshold_10: 8.38400
price_threshold_11: 8.55400
price_threshold_12: 8.99400
price_threshold_13: 9.15200
price_threshold_14: 9.35000
price_threshold_15: 9.61200
price_threshold_16: 9.65200
price_threshold_17: 10.83200
price_threshold_18: 10.89100
price_threshold_19: 11.12400
price_threshold_20: 11.29900
price_threshold_21: 13.25300
price_threshold_22: 13.39400
price_threshold_23: 13.75200
data_price_hour_rel_-14_amount: 8.55400
data_price_hour_abs_00_amount: 8.55400
data_price_hour_rel_-13_amount: 8.23000
data_price_hour_abs_01_amount: 8.23000
data_price_hour_rel_-12_amount: 8.05100
data_price_hour_abs_02_amount: 8.05100
data_price_hour_rel_-11_amount: 7.98400
data_price_hour_abs_03_amount: 7.98400
data_price_hour_rel_-10_amount: 8.00400
data_price_hour_abs_04_amount: 8.00400
data_price_hour_rel_-09_amount: 9.15200
data_price_hour_abs_05_amount: 9.15200
data_price_hour_rel_-08_amount: 10.83200
data_price_hour_abs_06_amount: 10.83200
data_price_hour_rel_-07_amount: 13.39400
data_price_hour_abs_07_amount: 13.39400
data_price_hour_rel_-06_amount: 13.75200
data_price_hour_abs_08_amount: 13.75200
data_price_hour_rel_-05_amount: 10.89100
data_price_hour_abs_09_amount: 10.89100
data_price_hour_rel_-04_amount: 9.65200
data_price_hour_abs_10_amount: 9.65200
data_price_hour_rel_-03_amount: 8.23900
data_price_hour_abs_11_amount: 8.23900
data_price_hour_rel_-02_amount: 5.98100
data_price_hour_abs_12_amount: 5.98100
data_price_hour_rel_-01_amount: 4.17700
data_price_hour_abs_13_amount: 4.17700
data_price_hour_rel_+00_amount: 2.56400
data_price_hour_abs_14_amount: 2.56400
data_price_hour_rel_+01_amount: 4.44400
data_price_hour_abs_15_amount: 4.44400
data_price_hour_rel_+02_amount: 7.42900
data_price_hour_abs_16_amount: 7.42900
data_price_hour_rel_+03_amount: 9.35000
data_price_hour_abs_17_amount: 9.35000
data_price_hour_rel_+04_amount: 11.29900
data_price_hour_abs_18_amount: 11.29900
data_price_hour_rel_+05_amount: 13.25300
data_price_hour_abs_19_amount: 13.25300
data_price_hour_rel_+06_amount: 11.12400
data_price_hour_abs_20_amount: 11.12400
data_price_hour_rel_+07_amount: 9.61200
data_price_hour_abs_21_amount: 9.61200
data_price_hour_rel_+08_amount: 8.99400
data_price_hour_abs_22_amount: 8.99400
data_price_hour_rel_+09_amount: 8.38400
data_price_hour_abs_23_amount: 8.38400