date_now: 2024-06-10 14:24:05
date_now_epoch: 1718022245576
date_now_day: 10
date_now_month: 6
date_now_year: 2024
date_start: 2024-06-10 00:00:00
date_end: 2024-06-10 23:59:59
price_low: 6.58800
price_high: 18.51800
price_median: 7.97600
price_average: 9.26463
price_current: 6.70700
price_unit: Cent/kWh
price_threshold_00: 6.58800
price_threshold_01: 6.70700
price_threshold_02: 6.82700
price_threshold_03: 6.87300
price_threshold_04: 6.90000
price_threshold_05: 7.00000
price_threshold_06: 7.15900
price_threshold_07: 7.35900
price_threshold_08: 7.39600
price_threshold_09: 7.43000
price_threshold_10: 7.77600
price_threshold_11: 7.83200
price_threshold_12: 8.12000
price_threshold_13: 8.50400
price_threshold_14: 8.94600
price_threshold_15: 9.84100
price_threshold_16: 9.85300
price_threshold_17: 10.72500
price_threshold_18: 11.33200
price_threshold_19: 11.74000
price_threshold_20: 11.85900
price_threshold_21: 12.44500
price_threshold_22: 14.62100
price_threshold_23: 18.51800
data_price_hour_rel_-14_amount: 7.39600
data_price_hour_abs_00_amount: 7.39600
data_price_hour_rel_-13_amount: 7.15900
data_price_hour_abs_01_amount: 7.15900
data_price_hour_rel_-12_amount: 6.87300
data_price_hour_abs_02_amount: 6.87300
data_price_hour_rel_-11_amount: 6.82700
data_price_hour_abs_03_amount: 6.82700
data_price_hour_rel_-10_amount: 6.90000
data_price_hour_abs_04_amount: 6.90000
data_price_hour_rel_-09_amount: 7.83200
data_price_hour_abs_05_amount: 7.83200
data_price_hour_rel_-08_amount: 11.74000
data_price_hour_abs_06_amount: 11.74000
data_price_hour_rel_-07_amount: 18.51800
data_price_hour_abs_07_amount: 18.51800
data_price_hour_rel_-06_amount: 14.62100
data_price_hour_abs_08_amount: 14.62100
data_price_hour_rel_-05_amount: 10.72500
data_price_hour_abs_09_amount: 10.72500
data_price_hour_rel_-04_amount: 8.94600
data_price_hour_abs_10_amount: 8.94600
data_price_hour_rel_-03_amount: 8.50400
data_price_hour_abs_11_amount: 8.50400
data_price_hour_rel_-02_amount: 7.43000
data_price_hour_abs_12_amount: 7.43000
data_price_hour_rel_-01_amount: 7.35900
data_price_hour_abs_13_amount: 7.35900
data_price_hour_rel_+00_amount: 6.70700
data_price_hour_abs_14_amount: 6.70700
data_price_hour_rel_+01_amount: 6.58800
data_price_hour_abs_15_amount: 6.58800
data_price_hour_rel_+02_amount: 7.00000
data_price_hour_abs_16_amount: 7.00000
data_price_hour_rel_+03_amount: 8.12000
data_price_hour_abs_17_amount: 8.12000
data_price_hour_rel_+04_amount: 9.85300
data_price_hour_abs_18_amount: 9.85300
data_price_hour_rel_+05_amount: 11.85900
data_price_hour_abs_19_amount: 11.85900
data_price_hour_rel_+06_amount: 12.44500
data_price_hour_abs_20_amount: 12.44500
data_price_hour_rel_+07_amount: 11.33200
data_price_hour_abs_21_amount: 11.33200
data_price_hour_rel_+08_amount: 9.84100
data_price_hour_abs_22_amount: 9.84100
data_price_hour_rel_+09_amount: 7.77600
data_price_hour_abs_23_amount: 7.77600