date_now: 2024-01-07 13:20:07
date_now_epoch: 1704630007980
date_now_day: 7
date_now_month: 1
date_now_year: 2024
date_start: 2024-01-07 00:00:00
date_end: 2024-01-07 23:59:59
price_low: 7.18600
price_high: 10.48500
price_median: 8.48350
price_average: 8.63267
price_current: 8.48100
price_unit: Cent/kWh
price_threshold_00: 7.18600
price_threshold_01: 7.20800
price_threshold_02: 7.34600
price_threshold_03: 7.49000
price_threshold_04: 7.67600
price_threshold_05: 7.76900
price_threshold_06: 7.98200
price_threshold_07: 8.17900
price_threshold_08: 8.38600
price_threshold_09: 8.40800
price_threshold_10: 8.43400
price_threshold_11: 8.48100
price_threshold_12: 8.48600
price_threshold_13: 8.71500
price_threshold_14: 8.80100
price_threshold_15: 8.86600
price_threshold_16: 8.91400
price_threshold_17: 9.11700
price_threshold_18: 9.33100
price_threshold_19: 9.34200
price_threshold_20: 10.05000
price_threshold_21: 10.17700
price_threshold_22: 10.35500
price_threshold_23: 10.48500
data_price_hour_rel_-13_amount: 8.40800
data_price_hour_abs_00_amount: 8.40800
data_price_hour_rel_-12_amount: 7.98200
data_price_hour_abs_01_amount: 7.98200
data_price_hour_rel_-11_amount: 7.67600
data_price_hour_abs_02_amount: 7.67600
data_price_hour_rel_-10_amount: 7.34600
data_price_hour_abs_03_amount: 7.34600
data_price_hour_rel_-09_amount: 7.18600
data_price_hour_abs_04_amount: 7.18600
data_price_hour_rel_-08_amount: 7.20800
data_price_hour_abs_05_amount: 7.20800
data_price_hour_rel_-07_amount: 7.49000
data_price_hour_abs_06_amount: 7.49000
data_price_hour_rel_-06_amount: 7.76900
data_price_hour_abs_07_amount: 7.76900
data_price_hour_rel_-05_amount: 8.17900
data_price_hour_abs_08_amount: 8.17900
data_price_hour_rel_-04_amount: 8.48600
data_price_hour_abs_09_amount: 8.48600
data_price_hour_rel_-03_amount: 8.71500
data_price_hour_abs_10_amount: 8.71500
data_price_hour_rel_-02_amount: 8.91400
data_price_hour_abs_11_amount: 8.91400
data_price_hour_rel_-01_amount: 8.86600
data_price_hour_abs_12_amount: 8.86600
data_price_hour_rel_+00_amount: 8.48100
data_price_hour_abs_13_amount: 8.48100
data_price_hour_rel_+01_amount: 8.43400
data_price_hour_abs_14_amount: 8.43400
data_price_hour_rel_+02_amount: 8.80100
data_price_hour_abs_15_amount: 8.80100
data_price_hour_rel_+03_amount: 9.34200
data_price_hour_abs_16_amount: 9.34200
data_price_hour_rel_+04_amount: 10.17700
data_price_hour_abs_17_amount: 10.17700
data_price_hour_rel_+05_amount: 10.48500
data_price_hour_abs_18_amount: 10.48500
data_price_hour_rel_+06_amount: 10.35500
data_price_hour_abs_19_amount: 10.35500
data_price_hour_rel_+07_amount: 10.05000
data_price_hour_abs_20_amount: 10.05000
data_price_hour_rel_+08_amount: 9.33100
data_price_hour_abs_21_amount: 9.33100
data_price_hour_rel_+09_amount: 9.11700
data_price_hour_abs_22_amount: 9.11700
data_price_hour_rel_+10_amount: 8.38600
data_price_hour_abs_23_amount: 8.38600