date_now: 2024-02-25 13:18:13
date_now_epoch: 1708863493979
date_now_day: 25
date_now_month: 2
date_now_year: 2024
date_start: 2024-02-25 00:00:00
date_end: 2024-02-25 23:59:59
price_low: 4.60300
price_high: 9.36900
price_median: 5.66400
price_average: 6.10938
price_current: 4.60300
price_unit: Cent/kWh
price_threshold_00: 4.60300
price_threshold_01: 4.98400
price_threshold_02: 5.00000
price_threshold_03: 5.41200
price_threshold_04: 5.48900
price_threshold_05: 5.50000
price_threshold_06: 5.50700
price_threshold_07: 5.51900
price_threshold_08: 5.53800
price_threshold_09: 5.54400
price_threshold_10: 5.63100
price_threshold_11: 5.65700
price_threshold_12: 5.67100
price_threshold_13: 5.83800
price_threshold_14: 5.99200
price_threshold_15: 6.15800
price_threshold_16: 6.18200
price_threshold_17: 6.52300
price_threshold_18: 6.59200
price_threshold_19: 6.78000
price_threshold_20: 6.99900
price_threshold_21: 7.91800
price_threshold_22: 8.21900
price_threshold_23: 9.36900
data_price_hour_rel_-13_amount: 5.65700
data_price_hour_abs_00_amount: 5.65700
data_price_hour_rel_-12_amount: 5.54400
data_price_hour_abs_01_amount: 5.54400
data_price_hour_rel_-11_amount: 5.53800
data_price_hour_abs_02_amount: 5.53800
data_price_hour_rel_-10_amount: 5.48900
data_price_hour_abs_03_amount: 5.48900
data_price_hour_rel_-09_amount: 5.51900
data_price_hour_abs_04_amount: 5.51900
data_price_hour_rel_-08_amount: 5.50700
data_price_hour_abs_05_amount: 5.50700
data_price_hour_rel_-07_amount: 5.67100
data_price_hour_abs_06_amount: 5.67100
data_price_hour_rel_-06_amount: 5.99200
data_price_hour_abs_07_amount: 5.99200
data_price_hour_rel_-05_amount: 6.15800
data_price_hour_abs_08_amount: 6.15800
data_price_hour_rel_-04_amount: 6.18200
data_price_hour_abs_09_amount: 6.18200
data_price_hour_rel_-03_amount: 5.63100
data_price_hour_abs_10_amount: 5.63100
data_price_hour_rel_-02_amount: 5.41200
data_price_hour_abs_11_amount: 5.41200
data_price_hour_rel_-01_amount: 5.00000
data_price_hour_abs_12_amount: 5.00000
data_price_hour_rel_+00_amount: 4.60300
data_price_hour_abs_13_amount: 4.60300
data_price_hour_rel_+01_amount: 4.98400
data_price_hour_abs_14_amount: 4.98400
data_price_hour_rel_+02_amount: 5.50000
data_price_hour_abs_15_amount: 5.50000
data_price_hour_rel_+03_amount: 6.78000
data_price_hour_abs_16_amount: 6.78000
data_price_hour_rel_+04_amount: 8.21900
data_price_hour_abs_17_amount: 8.21900
data_price_hour_rel_+05_amount: 9.36900
data_price_hour_abs_18_amount: 9.36900
data_price_hour_rel_+06_amount: 7.91800
data_price_hour_abs_19_amount: 7.91800
data_price_hour_rel_+07_amount: 6.99900
data_price_hour_abs_20_amount: 6.99900
data_price_hour_rel_+08_amount: 6.59200
data_price_hour_abs_21_amount: 6.59200
data_price_hour_rel_+09_amount: 6.52300
data_price_hour_abs_22_amount: 6.52300
data_price_hour_rel_+10_amount: 5.83800
data_price_hour_abs_23_amount: 5.83800