date_now: 2024-10-09 14:28:09
date_now_epoch: 1728476889531
date_now_day: 9
date_now_month: 10
date_now_year: 2024
date_start: 2024-10-09 00:00:00
date_end: 2024-10-09 23:59:59
price_low: 5.43200
price_high: 12.71200
price_median: 7.97550
price_average: 8.30675
price_current: 6.76300
price_unit: Cent/kWh
price_threshold_00: 5.43200
price_threshold_01: 5.73200
price_threshold_02: 5.74800
price_threshold_03: 5.98000
price_threshold_04: 5.98500
price_threshold_05: 5.99000
price_threshold_06: 6.00000
price_threshold_07: 6.19300
price_threshold_08: 6.38700
price_threshold_09: 6.76300
price_threshold_10: 7.20900
price_threshold_11: 7.71700
price_threshold_12: 8.23400
price_threshold_13: 8.67000
price_threshold_14: 8.70000
price_threshold_15: 9.50000
price_threshold_16: 9.51000
price_threshold_17: 9.58000
price_threshold_18: 11.09800
price_threshold_19: 11.10500
price_threshold_20: 11.11900
price_threshold_21: 11.74500
price_threshold_22: 12.25300
price_threshold_23: 12.71200
data_price_hour_rel_-14_amount: 6.19300
data_price_hour_abs_00_amount: 6.19300
data_price_hour_rel_-13_amount: 6.00000
data_price_hour_abs_01_amount: 6.00000
data_price_hour_rel_-12_amount: 5.74800
data_price_hour_abs_02_amount: 5.74800
data_price_hour_rel_-11_amount: 5.43200
data_price_hour_abs_03_amount: 5.43200
data_price_hour_rel_-10_amount: 5.73200
data_price_hour_abs_04_amount: 5.73200
data_price_hour_rel_-09_amount: 6.38700
data_price_hour_abs_05_amount: 6.38700
data_price_hour_rel_-08_amount: 8.67000
data_price_hour_abs_06_amount: 8.67000
data_price_hour_rel_-07_amount: 11.11900
data_price_hour_abs_07_amount: 11.11900
data_price_hour_rel_-06_amount: 11.09800
data_price_hour_abs_08_amount: 11.09800
data_price_hour_rel_-05_amount: 8.70000
data_price_hour_abs_09_amount: 8.70000
data_price_hour_rel_-04_amount: 7.20900
data_price_hour_abs_10_amount: 7.20900
data_price_hour_rel_-03_amount: 5.99000
data_price_hour_abs_11_amount: 5.99000
data_price_hour_rel_-02_amount: 5.98000
data_price_hour_abs_12_amount: 5.98000
data_price_hour_rel_-01_amount: 5.98500
data_price_hour_abs_13_amount: 5.98500
data_price_hour_rel_+00_amount: 6.76300
data_price_hour_abs_14_amount: 6.76300
data_price_hour_rel_+01_amount: 7.71700
data_price_hour_abs_15_amount: 7.71700
data_price_hour_rel_+02_amount: 9.50000
data_price_hour_abs_16_amount: 9.50000
data_price_hour_rel_+03_amount: 11.74500
data_price_hour_abs_17_amount: 11.74500
data_price_hour_rel_+04_amount: 12.25300
data_price_hour_abs_18_amount: 12.25300
data_price_hour_rel_+05_amount: 12.71200
data_price_hour_abs_19_amount: 12.71200
data_price_hour_rel_+06_amount: 11.10500
data_price_hour_abs_20_amount: 11.10500
data_price_hour_rel_+07_amount: 9.58000
data_price_hour_abs_21_amount: 9.58000
data_price_hour_rel_+08_amount: 9.51000
data_price_hour_abs_22_amount: 9.51000
data_price_hour_rel_+09_amount: 8.23400
data_price_hour_abs_23_amount: 8.23400