date_now: 2024-09-22 14:25:14
date_now_epoch: 1727007914126
date_now_day: 22
date_now_month: 9
date_now_year: 2024
date_start: 2024-09-22 00:00:00
date_end: 2024-09-22 23:59:59
price_low: -0.00800
price_high: 15.71800
price_median: 9.03500
price_average: 7.61817
price_current: 0.00100
price_unit: Cent/kWh
price_threshold_00: -0.00800
price_threshold_01: 0.00100
price_threshold_02: 0.76900
price_threshold_03: 0.96600
price_threshold_04: 1.11300
price_threshold_05: 2.61700
price_threshold_06: 6.16000
price_threshold_07: 6.27900
price_threshold_08: 8.64800
price_threshold_09: 8.95000
price_threshold_10: 8.99900
price_threshold_11: 9.00500
price_threshold_12: 9.06500
price_threshold_13: 9.07500
price_threshold_14: 9.20000
price_threshold_15: 9.48800
price_threshold_16: 9.73100
price_threshold_17: 9.77300
price_threshold_18: 9.87200
price_threshold_19: 10.62700
price_threshold_20: 10.95400
price_threshold_21: 12.61100
price_threshold_22: 13.22300
price_threshold_23: 15.71800
data_price_hour_rel_-14_amount: 9.77300
data_price_hour_abs_00_amount: 9.77300
data_price_hour_rel_-13_amount: 9.00500
data_price_hour_abs_01_amount: 9.00500
data_price_hour_rel_-12_amount: 8.99900
data_price_hour_abs_02_amount: 8.99900
data_price_hour_rel_-11_amount: 8.95000
data_price_hour_abs_03_amount: 8.95000
data_price_hour_rel_-10_amount: 9.07500
data_price_hour_abs_04_amount: 9.07500
data_price_hour_rel_-09_amount: 9.06500
data_price_hour_abs_05_amount: 9.06500
data_price_hour_rel_-08_amount: 9.48800
data_price_hour_abs_06_amount: 9.48800
data_price_hour_rel_-07_amount: 9.73100
data_price_hour_abs_07_amount: 9.73100
data_price_hour_rel_-06_amount: 8.64800
data_price_hour_abs_08_amount: 8.64800
data_price_hour_rel_-05_amount: 6.27900
data_price_hour_abs_09_amount: 6.27900
data_price_hour_rel_-04_amount: 2.61700
data_price_hour_abs_10_amount: 2.61700
data_price_hour_rel_-03_amount: 1.11300
data_price_hour_abs_11_amount: 1.11300
data_price_hour_rel_-02_amount: 0.76900
data_price_hour_abs_12_amount: 0.76900
data_price_hour_rel_-01_amount: -0.00800
data_price_hour_abs_13_amount: -0.00800
data_price_hour_rel_+00_amount: 0.00100
data_price_hour_abs_14_amount: 0.00100
data_price_hour_rel_+01_amount: 0.96600
data_price_hour_abs_15_amount: 0.96600
data_price_hour_rel_+02_amount: 6.16000
data_price_hour_abs_16_amount: 6.16000
data_price_hour_rel_+03_amount: 10.62700
data_price_hour_abs_17_amount: 10.62700
data_price_hour_rel_+04_amount: 13.22300
data_price_hour_abs_18_amount: 13.22300
data_price_hour_rel_+05_amount: 15.71800
data_price_hour_abs_19_amount: 15.71800
data_price_hour_rel_+06_amount: 12.61100
data_price_hour_abs_20_amount: 12.61100
data_price_hour_rel_+07_amount: 10.95400
data_price_hour_abs_21_amount: 10.95400
data_price_hour_rel_+08_amount: 9.87200
data_price_hour_abs_22_amount: 9.87200
data_price_hour_rel_+09_amount: 9.20000
data_price_hour_abs_23_amount: 9.20000