date_now: 2024-12-21 13:25:49
date_now_epoch: 1734783949858
date_now_day: 21
date_now_month: 12
date_now_year: 2024
date_start: 2024-12-21 00:00:00
date_end: 2024-12-21 23:59:59
price_low: 0.10000
price_high: 3.14300
price_median: 2.28100
price_average: 2.21358
price_current: 2.99000
price_unit: Cent/kWh
price_threshold_00: 0.10000
price_threshold_01: 0.30000
price_threshold_02: 0.49000
price_threshold_03: 1.53000
price_threshold_04: 1.81100
price_threshold_05: 1.94100
price_threshold_06: 2.00000
price_threshold_07: 2.00400
price_threshold_08: 2.07300
price_threshold_09: 2.12100
price_threshold_10: 2.15600
price_threshold_11: 2.27500
price_threshold_12: 2.28700
price_threshold_13: 2.59200
price_threshold_14: 2.72800
price_threshold_15: 2.77500
price_threshold_16: 2.79500
price_threshold_17: 2.92700
price_threshold_18: 2.93100
price_threshold_19: 2.93300
price_threshold_20: 2.99000
price_threshold_21: 3.10100
price_threshold_22: 3.12300
price_threshold_23: 3.14300
data_price_hour_rel_-13_amount: 2.77500
data_price_hour_abs_00_amount: 2.77500
data_price_hour_rel_-12_amount: 2.27500
data_price_hour_abs_01_amount: 2.27500
data_price_hour_rel_-11_amount: 2.15600
data_price_hour_abs_02_amount: 2.15600
data_price_hour_rel_-10_amount: 1.94100
data_price_hour_abs_03_amount: 1.94100
data_price_hour_rel_-09_amount: 1.81100
data_price_hour_abs_04_amount: 1.81100
data_price_hour_rel_-08_amount: 2.00400
data_price_hour_abs_05_amount: 2.00400
data_price_hour_rel_-07_amount: 2.00000
data_price_hour_abs_06_amount: 2.00000
data_price_hour_rel_-06_amount: 2.12100
data_price_hour_abs_07_amount: 2.12100
data_price_hour_rel_-05_amount: 2.28700
data_price_hour_abs_08_amount: 2.28700
data_price_hour_rel_-04_amount: 2.93300
data_price_hour_abs_09_amount: 2.93300
data_price_hour_rel_-03_amount: 3.14300
data_price_hour_abs_10_amount: 3.14300
data_price_hour_rel_-02_amount: 3.10100
data_price_hour_abs_11_amount: 3.10100
data_price_hour_rel_-01_amount: 3.12300
data_price_hour_abs_12_amount: 3.12300
data_price_hour_rel_+00_amount: 2.99000
data_price_hour_abs_13_amount: 2.99000
data_price_hour_rel_+01_amount: 2.59200
data_price_hour_abs_14_amount: 2.59200
data_price_hour_rel_+02_amount: 2.72800
data_price_hour_abs_15_amount: 2.72800
data_price_hour_rel_+03_amount: 2.93100
data_price_hour_abs_16_amount: 2.93100
data_price_hour_rel_+04_amount: 2.92700
data_price_hour_abs_17_amount: 2.92700
data_price_hour_rel_+05_amount: 2.79500
data_price_hour_abs_18_amount: 2.79500
data_price_hour_rel_+06_amount: 2.07300
data_price_hour_abs_19_amount: 2.07300
data_price_hour_rel_+07_amount: 1.53000
data_price_hour_abs_20_amount: 1.53000
data_price_hour_rel_+08_amount: 0.49000
data_price_hour_abs_21_amount: 0.49000
data_price_hour_rel_+09_amount: 0.30000
data_price_hour_abs_22_amount: 0.30000
data_price_hour_rel_+10_amount: 0.10000
data_price_hour_abs_23_amount: 0.10000