date_now: 2024-09-14 14:24:42
date_now_epoch: 1726316682053
date_now_day: 14
date_now_month: 9
date_now_year: 2024
date_start: 2024-09-14 00:00:00
date_end: 2024-09-14 23:59:59
price_low: -0.04600
price_high: 12.65800
price_median: 5.26800
price_average: 5.38337
price_current: -0.04600
price_unit: Cent/kWh
price_threshold_00: -0.04600
price_threshold_01: -0.00700
price_threshold_02: -0.00600
price_threshold_03: 0.08600
price_threshold_04: 0.80800
price_threshold_05: 0.95400
price_threshold_06: 4.10200
price_threshold_07: 4.33300
price_threshold_08: 4.42700
price_threshold_09: 4.51800
price_threshold_10: 4.67000
price_threshold_11: 5.00100
price_threshold_12: 5.53500
price_threshold_13: 5.56100
price_threshold_14: 6.50000
price_threshold_15: 6.50900
price_threshold_16: 6.66000
price_threshold_17: 7.55400
price_threshold_18: 8.47600
price_threshold_19: 9.37500
price_threshold_20: 9.43900
price_threshold_21: 10.30900
price_threshold_22: 11.78500
price_threshold_23: 12.65800
data_price_hour_rel_-14_amount: 5.56100
data_price_hour_abs_00_amount: 5.56100
data_price_hour_rel_-13_amount: 5.00100
data_price_hour_abs_01_amount: 5.00100
data_price_hour_rel_-12_amount: 4.33300
data_price_hour_abs_02_amount: 4.33300
data_price_hour_rel_-11_amount: 4.51800
data_price_hour_abs_03_amount: 4.51800
data_price_hour_rel_-10_amount: 4.67000
data_price_hour_abs_04_amount: 4.67000
data_price_hour_rel_-09_amount: 4.42700
data_price_hour_abs_05_amount: 4.42700
data_price_hour_rel_-08_amount: 5.53500
data_price_hour_abs_06_amount: 5.53500
data_price_hour_rel_-07_amount: 6.50000
data_price_hour_abs_07_amount: 6.50000
data_price_hour_rel_-06_amount: 7.55400
data_price_hour_abs_08_amount: 7.55400
data_price_hour_rel_-05_amount: 6.66000
data_price_hour_abs_09_amount: 6.66000
data_price_hour_rel_-04_amount: 4.10200
data_price_hour_abs_10_amount: 4.10200
data_price_hour_rel_-03_amount: 0.80800
data_price_hour_abs_11_amount: 0.80800
data_price_hour_rel_-02_amount: 0.08600
data_price_hour_abs_12_amount: 0.08600
data_price_hour_rel_-01_amount: -0.00600
data_price_hour_abs_13_amount: -0.00600
data_price_hour_rel_+00_amount: -0.04600
data_price_hour_abs_14_amount: -0.04600
data_price_hour_rel_+01_amount: -0.00700
data_price_hour_abs_15_amount: -0.00700
data_price_hour_rel_+02_amount: 0.95400
data_price_hour_abs_16_amount: 0.95400
data_price_hour_rel_+03_amount: 6.50900
data_price_hour_abs_17_amount: 6.50900
data_price_hour_rel_+04_amount: 9.43900
data_price_hour_abs_18_amount: 9.43900
data_price_hour_rel_+05_amount: 12.65800
data_price_hour_abs_19_amount: 12.65800
data_price_hour_rel_+06_amount: 11.78500
data_price_hour_abs_20_amount: 11.78500
data_price_hour_rel_+07_amount: 10.30900
data_price_hour_abs_21_amount: 10.30900
data_price_hour_rel_+08_amount: 9.37500
data_price_hour_abs_22_amount: 9.37500
data_price_hour_rel_+09_amount: 8.47600
data_price_hour_abs_23_amount: 8.47600