date_now: 2024-12-08 13:28:28
date_now_epoch: 1733660908132
date_now_day: 8
date_now_month: 12
date_now_year: 2024
date_start: 2024-12-08 00:00:00
date_end: 2024-12-08 23:59:59
price_low: 7.50100
price_high: 12.13800
price_median: 9.58000
price_average: 9.90683
price_current: 11.67400
price_unit: Cent/kWh
price_threshold_00: 7.50100
price_threshold_01: 8.39500
price_threshold_02: 8.44400
price_threshold_03: 8.67300
price_threshold_04: 8.68300
price_threshold_05: 8.86000
price_threshold_06: 9.05600
price_threshold_07: 9.11300
price_threshold_08: 9.12500
price_threshold_09: 9.12900
price_threshold_10: 9.12900
price_threshold_11: 9.39100
price_threshold_12: 9.76900
price_threshold_13: 9.85500
price_threshold_14: 10.08400
price_threshold_15: 10.59400
price_threshold_16: 10.94000
price_threshold_17: 11.08400
price_threshold_18: 11.19100
price_threshold_19: 11.36100
price_threshold_20: 11.67400
price_threshold_21: 11.73900
price_threshold_22: 11.83600
price_threshold_23: 12.13800
data_price_hour_rel_-13_amount: 9.39100
data_price_hour_abs_00_amount: 9.39100
data_price_hour_rel_-12_amount: 8.68300
data_price_hour_abs_01_amount: 8.68300
data_price_hour_rel_-11_amount: 8.67300
data_price_hour_abs_02_amount: 8.67300
data_price_hour_rel_-10_amount: 8.39500
data_price_hour_abs_03_amount: 8.39500
data_price_hour_rel_-09_amount: 8.44400
data_price_hour_abs_04_amount: 8.44400
data_price_hour_rel_-08_amount: 9.11300
data_price_hour_abs_05_amount: 9.11300
data_price_hour_rel_-07_amount: 9.12500
data_price_hour_abs_06_amount: 9.12500
data_price_hour_rel_-06_amount: 9.12900
data_price_hour_abs_07_amount: 9.12900
data_price_hour_rel_-05_amount: 10.08400
data_price_hour_abs_08_amount: 10.08400
data_price_hour_rel_-04_amount: 10.94000
data_price_hour_abs_09_amount: 10.94000
data_price_hour_rel_-03_amount: 11.08400
data_price_hour_abs_10_amount: 11.08400
data_price_hour_rel_-02_amount: 11.73900
data_price_hour_abs_11_amount: 11.73900
data_price_hour_rel_-01_amount: 11.83600
data_price_hour_abs_12_amount: 11.83600
data_price_hour_rel_+00_amount: 11.67400
data_price_hour_abs_13_amount: 11.67400
data_price_hour_rel_+01_amount: 11.19100
data_price_hour_abs_14_amount: 11.19100
data_price_hour_rel_+02_amount: 12.13800
data_price_hour_abs_15_amount: 12.13800
data_price_hour_rel_+03_amount: 10.59400
data_price_hour_abs_16_amount: 10.59400
data_price_hour_rel_+04_amount: 11.36100
data_price_hour_abs_17_amount: 11.36100
data_price_hour_rel_+05_amount: 9.85500
data_price_hour_abs_18_amount: 9.85500
data_price_hour_rel_+06_amount: 9.76900
data_price_hour_abs_19_amount: 9.76900
data_price_hour_rel_+07_amount: 9.12900
data_price_hour_abs_20_amount: 9.12900
data_price_hour_rel_+08_amount: 9.05600
data_price_hour_abs_21_amount: 9.05600
data_price_hour_rel_+09_amount: 8.86000
data_price_hour_abs_22_amount: 8.86000
data_price_hour_rel_+10_amount: 7.50100
data_price_hour_abs_23_amount: 7.50100