date_now: 2024-06-12 14:23:42
date_now_epoch: 1718195022384
date_now_day: 12
date_now_month: 6
date_now_year: 2024
date_start: 2024-06-12 00:00:00
date_end: 2024-06-12 23:59:59
price_low: 3.96800
price_high: 15.46600
price_median: 8.57300
price_average: 9.11913
price_current: 3.96800
price_unit: Cent/kWh
price_threshold_00: 3.96800
price_threshold_01: 4.07200
price_threshold_02: 4.20900
price_threshold_03: 4.53400
price_threshold_04: 5.80000
price_threshold_05: 6.30000
price_threshold_06: 6.41900
price_threshold_07: 7.86500
price_threshold_08: 8.02900
price_threshold_09: 8.12000
price_threshold_10: 8.21100
price_threshold_11: 8.53500
price_threshold_12: 8.61100
price_threshold_13: 8.88500
price_threshold_14: 9.46500
price_threshold_15: 9.99500
price_threshold_16: 10.70700
price_threshold_17: 11.46200
price_threshold_18: 12.47400
price_threshold_19: 13.08800
price_threshold_20: 13.57000
price_threshold_21: 13.64000
price_threshold_22: 15.43400
price_threshold_23: 15.46600
data_price_hour_rel_-14_amount: 8.88500
data_price_hour_abs_00_amount: 8.88500
data_price_hour_rel_-13_amount: 8.53500
data_price_hour_abs_01_amount: 8.53500
data_price_hour_rel_-12_amount: 8.02900
data_price_hour_abs_02_amount: 8.02900
data_price_hour_rel_-11_amount: 8.21100
data_price_hour_abs_03_amount: 8.21100
data_price_hour_rel_-10_amount: 8.61100
data_price_hour_abs_04_amount: 8.61100
data_price_hour_rel_-09_amount: 9.46500
data_price_hour_abs_05_amount: 9.46500
data_price_hour_rel_-08_amount: 12.47400
data_price_hour_abs_06_amount: 12.47400
data_price_hour_rel_-07_amount: 13.64000
data_price_hour_abs_07_amount: 13.64000
data_price_hour_rel_-06_amount: 11.46200
data_price_hour_abs_08_amount: 11.46200
data_price_hour_rel_-05_amount: 7.86500
data_price_hour_abs_09_amount: 7.86500
data_price_hour_rel_-04_amount: 6.41900
data_price_hour_abs_10_amount: 6.41900
data_price_hour_rel_-03_amount: 5.80000
data_price_hour_abs_11_amount: 5.80000
data_price_hour_rel_-02_amount: 4.20900
data_price_hour_abs_12_amount: 4.20900
data_price_hour_rel_-01_amount: 4.07200
data_price_hour_abs_13_amount: 4.07200
data_price_hour_rel_+00_amount: 3.96800
data_price_hour_abs_14_amount: 3.96800
data_price_hour_rel_+01_amount: 4.53400
data_price_hour_abs_15_amount: 4.53400
data_price_hour_rel_+02_amount: 6.30000
data_price_hour_abs_16_amount: 6.30000
data_price_hour_rel_+03_amount: 8.12000
data_price_hour_abs_17_amount: 8.12000
data_price_hour_rel_+04_amount: 9.99500
data_price_hour_abs_18_amount: 9.99500
data_price_hour_rel_+05_amount: 13.57000
data_price_hour_abs_19_amount: 13.57000
data_price_hour_rel_+06_amount: 15.43400
data_price_hour_abs_20_amount: 15.43400
data_price_hour_rel_+07_amount: 15.46600
data_price_hour_abs_21_amount: 15.46600
data_price_hour_rel_+08_amount: 13.08800
data_price_hour_abs_22_amount: 13.08800
data_price_hour_rel_+09_amount: 10.70700
data_price_hour_abs_23_amount: 10.70700