date_now: 2024-07-22 14:25:13
date_now_epoch: 1721651113736
date_now_day: 22
date_now_month: 7
date_now_year: 2024
date_start: 2024-07-22 00:00:00
date_end: 2024-07-22 23:59:59
price_low: 1.94100
price_high: 18.62400
price_median: 8.69050
price_average: 9.12263
price_current: 1.94100
price_unit: Cent/kWh
price_threshold_00: 1.94100
price_threshold_01: 2.03800
price_threshold_02: 4.32500
price_threshold_03: 4.84600
price_threshold_04: 6.36900
price_threshold_05: 6.62200
price_threshold_06: 7.28800
price_threshold_07: 7.51400
price_threshold_08: 8.11500
price_threshold_09: 8.22600
price_threshold_10: 8.61400
price_threshold_11: 8.68800
price_threshold_12: 8.69300
price_threshold_13: 9.43400
price_threshold_14: 9.66300
price_threshold_15: 9.80000
price_threshold_16: 9.90400
price_threshold_17: 11.10400
price_threshold_18: 11.94800
price_threshold_19: 12.21000
price_threshold_20: 12.60500
price_threshold_21: 13.16800
price_threshold_22: 17.20400
price_threshold_23: 18.62400
data_price_hour_rel_-14_amount: 12.21000
data_price_hour_abs_00_amount: 12.21000
data_price_hour_rel_-13_amount: 9.66300
data_price_hour_abs_01_amount: 9.66300
data_price_hour_rel_-12_amount: 8.68800
data_price_hour_abs_02_amount: 8.68800
data_price_hour_rel_-11_amount: 8.69300
data_price_hour_abs_03_amount: 8.69300
data_price_hour_rel_-10_amount: 8.61400
data_price_hour_abs_04_amount: 8.61400
data_price_hour_rel_-09_amount: 8.22600
data_price_hour_abs_05_amount: 8.22600
data_price_hour_rel_-08_amount: 11.94800
data_price_hour_abs_06_amount: 11.94800
data_price_hour_rel_-07_amount: 13.16800
data_price_hour_abs_07_amount: 13.16800
data_price_hour_rel_-06_amount: 12.60500
data_price_hour_abs_08_amount: 12.60500
data_price_hour_rel_-05_amount: 9.43400
data_price_hour_abs_09_amount: 9.43400
data_price_hour_rel_-04_amount: 7.51400
data_price_hour_abs_10_amount: 7.51400
data_price_hour_rel_-03_amount: 7.28800
data_price_hour_abs_11_amount: 7.28800
data_price_hour_rel_-02_amount: 6.62200
data_price_hour_abs_12_amount: 6.62200
data_price_hour_rel_-01_amount: 4.32500
data_price_hour_abs_13_amount: 4.32500
data_price_hour_rel_+00_amount: 1.94100
data_price_hour_abs_14_amount: 1.94100
data_price_hour_rel_+01_amount: 2.03800
data_price_hour_abs_15_amount: 2.03800
data_price_hour_rel_+02_amount: 4.84600
data_price_hour_abs_16_amount: 4.84600
data_price_hour_rel_+03_amount: 6.36900
data_price_hour_abs_17_amount: 6.36900
data_price_hour_rel_+04_amount: 8.11500
data_price_hour_abs_18_amount: 8.11500
data_price_hour_rel_+05_amount: 9.90400
data_price_hour_abs_19_amount: 9.90400
data_price_hour_rel_+06_amount: 18.62400
data_price_hour_abs_20_amount: 18.62400
data_price_hour_rel_+07_amount: 17.20400
data_price_hour_abs_21_amount: 17.20400
data_price_hour_rel_+08_amount: 11.10400
data_price_hour_abs_22_amount: 11.10400
data_price_hour_rel_+09_amount: 9.80000
data_price_hour_abs_23_amount: 9.80000