date_now: 2024-06-01 14:21:41
date_now_epoch: 1717244501158
date_now_day: 1
date_now_month: 6
date_now_year: 2024
date_start: 2024-06-01 00:00:00
date_end: 2024-06-01 23:59:59
price_low: 0.29200
price_high: 8.88200
price_median: 7.18500
price_average: 5.89458
price_current: 0.29200
price_unit: Cent/kWh
price_threshold_00: 0.29200
price_threshold_01: 0.58000
price_threshold_02: 0.74400
price_threshold_03: 1.30000
price_threshold_04: 2.12100
price_threshold_05: 4.18600
price_threshold_06: 4.71600
price_threshold_07: 5.20800
price_threshold_08: 6.13500
price_threshold_09: 6.53900
price_threshold_10: 6.75000
price_threshold_11: 7.18300
price_threshold_12: 7.18700
price_threshold_13: 7.21400
price_threshold_14: 7.24900
price_threshold_15: 7.44000
price_threshold_16: 7.52000
price_threshold_17: 7.96600
price_threshold_18: 8.17600
price_threshold_19: 8.19000
price_threshold_20: 8.44800
price_threshold_21: 8.58600
price_threshold_22: 8.85800
price_threshold_23: 8.88200
data_price_hour_rel_-14_amount: 8.85800
data_price_hour_abs_00_amount: 8.85800
data_price_hour_rel_-13_amount: 8.88200
data_price_hour_abs_01_amount: 8.88200
data_price_hour_rel_-12_amount: 7.96600
data_price_hour_abs_02_amount: 7.96600
data_price_hour_rel_-11_amount: 7.21400
data_price_hour_abs_03_amount: 7.21400
data_price_hour_rel_-10_amount: 7.18700
data_price_hour_abs_04_amount: 7.18700
data_price_hour_rel_-09_amount: 7.18300
data_price_hour_abs_05_amount: 7.18300
data_price_hour_rel_-08_amount: 7.52000
data_price_hour_abs_06_amount: 7.52000
data_price_hour_rel_-07_amount: 7.44000
data_price_hour_abs_07_amount: 7.44000
data_price_hour_rel_-06_amount: 7.24900
data_price_hour_abs_08_amount: 7.24900
data_price_hour_rel_-05_amount: 6.13500
data_price_hour_abs_09_amount: 6.13500
data_price_hour_rel_-04_amount: 4.71600
data_price_hour_abs_10_amount: 4.71600
data_price_hour_rel_-03_amount: 4.18600
data_price_hour_abs_11_amount: 4.18600
data_price_hour_rel_-02_amount: 2.12100
data_price_hour_abs_12_amount: 2.12100
data_price_hour_rel_-01_amount: 0.74400
data_price_hour_abs_13_amount: 0.74400
data_price_hour_rel_+00_amount: 0.29200
data_price_hour_abs_14_amount: 0.29200
data_price_hour_rel_+01_amount: 0.58000
data_price_hour_abs_15_amount: 0.58000
data_price_hour_rel_+02_amount: 1.30000
data_price_hour_abs_16_amount: 1.30000
data_price_hour_rel_+03_amount: 5.20800
data_price_hour_abs_17_amount: 5.20800
data_price_hour_rel_+04_amount: 6.75000
data_price_hour_abs_18_amount: 6.75000
data_price_hour_rel_+05_amount: 8.19000
data_price_hour_abs_19_amount: 8.19000
data_price_hour_rel_+06_amount: 8.58600
data_price_hour_abs_20_amount: 8.58600
data_price_hour_rel_+07_amount: 8.17600
data_price_hour_abs_21_amount: 8.17600
data_price_hour_rel_+08_amount: 8.44800
data_price_hour_abs_22_amount: 8.44800
data_price_hour_rel_+09_amount: 6.53900
data_price_hour_abs_23_amount: 6.53900