date_now: 2024-02-20 13:19:40
date_now_epoch: 1708431580183
date_now_day: 20
date_now_month: 2
date_now_year: 2024
date_start: 2024-02-20 00:00:00
date_end: 2024-02-20 23:59:59
price_low: 5.14200
price_high: 9.08900
price_median: 5.94700
price_average: 6.32233
price_current: 5.14200
price_unit: Cent/kWh
price_threshold_00: 5.14200
price_threshold_01: 5.17900
price_threshold_02: 5.27700
price_threshold_03: 5.29900
price_threshold_04: 5.34800
price_threshold_05: 5.35200
price_threshold_06: 5.39600
price_threshold_07: 5.43200
price_threshold_08: 5.47900
price_threshold_09: 5.61600
price_threshold_10: 5.68600
price_threshold_11: 5.80600
price_threshold_12: 6.08800
price_threshold_13: 6.13300
price_threshold_14: 6.30800
price_threshold_15: 6.84800
price_threshold_16: 6.98400
price_threshold_17: 7.05300
price_threshold_18: 7.05400
price_threshold_19: 7.12500
price_threshold_20: 7.34700
price_threshold_21: 7.85500
price_threshold_22: 8.84000
price_threshold_23: 9.08900
data_price_hour_rel_-13_amount: 5.80600
data_price_hour_abs_00_amount: 5.80600
data_price_hour_rel_-12_amount: 5.43200
data_price_hour_abs_01_amount: 5.43200
data_price_hour_rel_-11_amount: 5.39600
data_price_hour_abs_02_amount: 5.39600
data_price_hour_rel_-10_amount: 5.34800
data_price_hour_abs_03_amount: 5.34800
data_price_hour_rel_-09_amount: 5.29900
data_price_hour_abs_04_amount: 5.29900
data_price_hour_rel_-08_amount: 5.47900
data_price_hour_abs_05_amount: 5.47900
data_price_hour_rel_-07_amount: 7.05300
data_price_hour_abs_06_amount: 7.05300
data_price_hour_rel_-06_amount: 8.84000
data_price_hour_abs_07_amount: 8.84000
data_price_hour_rel_-05_amount: 9.08900
data_price_hour_abs_08_amount: 9.08900
data_price_hour_rel_-04_amount: 7.85500
data_price_hour_abs_09_amount: 7.85500
data_price_hour_rel_-03_amount: 6.98400
data_price_hour_abs_10_amount: 6.98400
data_price_hour_rel_-02_amount: 6.08800
data_price_hour_abs_11_amount: 6.08800
data_price_hour_rel_-01_amount: 5.35200
data_price_hour_abs_12_amount: 5.35200
data_price_hour_rel_+00_amount: 5.14200
data_price_hour_abs_13_amount: 5.14200
data_price_hour_rel_+01_amount: 5.17900
data_price_hour_abs_14_amount: 5.17900
data_price_hour_rel_+02_amount: 5.61600
data_price_hour_abs_15_amount: 5.61600
data_price_hour_rel_+03_amount: 6.30800
data_price_hour_abs_16_amount: 6.30800
data_price_hour_rel_+04_amount: 7.05400
data_price_hour_abs_17_amount: 7.05400
data_price_hour_rel_+05_amount: 7.12500
data_price_hour_abs_18_amount: 7.12500
data_price_hour_rel_+06_amount: 7.34700
data_price_hour_abs_19_amount: 7.34700
data_price_hour_rel_+07_amount: 6.84800
data_price_hour_abs_20_amount: 6.84800
data_price_hour_rel_+08_amount: 6.13300
data_price_hour_abs_21_amount: 6.13300
data_price_hour_rel_+09_amount: 5.68600
data_price_hour_abs_22_amount: 5.68600
data_price_hour_rel_+10_amount: 5.27700
data_price_hour_abs_23_amount: 5.27700