date_now: 2024-06-05 14:23:29
date_now_epoch: 1717590209102
date_now_day: 5
date_now_month: 6
date_now_year: 2024
date_start: 2024-06-05 00:00:00
date_end: 2024-06-05 23:59:59
price_low: 2.63000
price_high: 15.80200
price_median: 7.05600
price_average: 8.17242
price_current: 2.63000
price_unit: Cent/kWh
price_threshold_00: 2.63000
price_threshold_01: 3.00600
price_threshold_02: 3.01700
price_threshold_03: 4.39300
price_threshold_04: 4.45500
price_threshold_05: 4.80900
price_threshold_06: 4.84000
price_threshold_07: 5.00500
price_threshold_08: 5.68500
price_threshold_09: 6.20300
price_threshold_10: 6.25700
price_threshold_11: 6.99300
price_threshold_12: 7.11900
price_threshold_13: 8.04300
price_threshold_14: 8.41600
price_threshold_15: 10.35500
price_threshold_16: 10.50900
price_threshold_17: 10.59900
price_threshold_18: 11.29200
price_threshold_19: 12.69700
price_threshold_20: 14.14700
price_threshold_21: 14.27600
price_threshold_22: 15.59000
price_threshold_23: 15.80200
data_price_hour_rel_-14_amount: 5.68500
data_price_hour_abs_00_amount: 5.68500
data_price_hour_rel_-13_amount: 4.39300
data_price_hour_abs_01_amount: 4.39300
data_price_hour_rel_-12_amount: 4.45500
data_price_hour_abs_02_amount: 4.45500
data_price_hour_rel_-11_amount: 5.00500
data_price_hour_abs_03_amount: 5.00500
data_price_hour_rel_-10_amount: 4.80900
data_price_hour_abs_04_amount: 4.80900
data_price_hour_rel_-09_amount: 7.11900
data_price_hour_abs_05_amount: 7.11900
data_price_hour_rel_-08_amount: 10.35500
data_price_hour_abs_06_amount: 10.35500
data_price_hour_rel_-07_amount: 14.27600
data_price_hour_abs_07_amount: 14.27600
data_price_hour_rel_-06_amount: 11.29200
data_price_hour_abs_08_amount: 11.29200
data_price_hour_rel_-05_amount: 8.41600
data_price_hour_abs_09_amount: 8.41600
data_price_hour_rel_-04_amount: 6.99300
data_price_hour_abs_10_amount: 6.99300
data_price_hour_rel_-03_amount: 6.20300
data_price_hour_abs_11_amount: 6.20300
data_price_hour_rel_-02_amount: 4.84000
data_price_hour_abs_12_amount: 4.84000
data_price_hour_rel_-01_amount: 3.01700
data_price_hour_abs_13_amount: 3.01700
data_price_hour_rel_+00_amount: 2.63000
data_price_hour_abs_14_amount: 2.63000
data_price_hour_rel_+01_amount: 3.00600
data_price_hour_abs_15_amount: 3.00600
data_price_hour_rel_+02_amount: 6.25700
data_price_hour_abs_16_amount: 6.25700
data_price_hour_rel_+03_amount: 8.04300
data_price_hour_abs_17_amount: 8.04300
data_price_hour_rel_+04_amount: 10.50900
data_price_hour_abs_18_amount: 10.50900
data_price_hour_rel_+05_amount: 12.69700
data_price_hour_abs_19_amount: 12.69700
data_price_hour_rel_+06_amount: 15.59000
data_price_hour_abs_20_amount: 15.59000
data_price_hour_rel_+07_amount: 15.80200
data_price_hour_abs_21_amount: 15.80200
data_price_hour_rel_+08_amount: 14.14700
data_price_hour_abs_22_amount: 14.14700
data_price_hour_rel_+09_amount: 10.59900
data_price_hour_abs_23_amount: 10.59900