date_now: 2024-06-03 14:24:11
date_now_epoch: 1717417451905
date_now_day: 3
date_now_month: 6
date_now_year: 2024
date_start: 2024-06-03 00:00:00
date_end: 2024-06-03 23:59:59
price_low: 6.73000
price_high: 21.52800
price_median: 9.86550
price_average: 11.71417
price_current: 6.73000
price_unit: Cent/kWh
price_threshold_00: 6.73000
price_threshold_01: 7.20200
price_threshold_02: 7.49000
price_threshold_03: 7.80000
price_threshold_04: 8.10900
price_threshold_05: 8.21700
price_threshold_06: 8.36700
price_threshold_07: 8.38100
price_threshold_08: 8.45800
price_threshold_09: 9.59000
price_threshold_10: 9.61700
price_threshold_11: 9.82600
price_threshold_12: 9.90500
price_threshold_13: 10.59500
price_threshold_14: 11.60400
price_threshold_15: 12.73200
price_threshold_16: 12.80800
price_threshold_17: 13.32800
price_threshold_18: 14.92900
price_threshold_19: 16.44800
price_threshold_20: 18.29100
price_threshold_21: 19.30600
price_threshold_22: 19.87900
price_threshold_23: 21.52800
data_price_hour_rel_-14_amount: 9.82600
data_price_hour_abs_00_amount: 9.82600
data_price_hour_rel_-13_amount: 8.45800
data_price_hour_abs_01_amount: 8.45800
data_price_hour_rel_-12_amount: 8.36700
data_price_hour_abs_02_amount: 8.36700
data_price_hour_rel_-11_amount: 8.38100
data_price_hour_abs_03_amount: 8.38100
data_price_hour_rel_-10_amount: 8.21700
data_price_hour_abs_04_amount: 8.21700
data_price_hour_rel_-09_amount: 9.61700
data_price_hour_abs_05_amount: 9.61700
data_price_hour_rel_-08_amount: 13.32800
data_price_hour_abs_06_amount: 13.32800
data_price_hour_rel_-07_amount: 19.30600
data_price_hour_abs_07_amount: 19.30600
data_price_hour_rel_-06_amount: 16.44800
data_price_hour_abs_08_amount: 16.44800
data_price_hour_rel_-05_amount: 12.80800
data_price_hour_abs_09_amount: 12.80800
data_price_hour_rel_-04_amount: 9.90500
data_price_hour_abs_10_amount: 9.90500
data_price_hour_rel_-03_amount: 9.59000
data_price_hour_abs_11_amount: 9.59000
data_price_hour_rel_-02_amount: 8.10900
data_price_hour_abs_12_amount: 8.10900
data_price_hour_rel_-01_amount: 7.49000
data_price_hour_abs_13_amount: 7.49000
data_price_hour_rel_+00_amount: 6.73000
data_price_hour_abs_14_amount: 6.73000
data_price_hour_rel_+01_amount: 7.20200
data_price_hour_abs_15_amount: 7.20200
data_price_hour_rel_+02_amount: 7.80000
data_price_hour_abs_16_amount: 7.80000
data_price_hour_rel_+03_amount: 10.59500
data_price_hour_abs_17_amount: 10.59500
data_price_hour_rel_+04_amount: 12.73200
data_price_hour_abs_18_amount: 12.73200
data_price_hour_rel_+05_amount: 18.29100
data_price_hour_abs_19_amount: 18.29100
data_price_hour_rel_+06_amount: 21.52800
data_price_hour_abs_20_amount: 21.52800
data_price_hour_rel_+07_amount: 19.87900
data_price_hour_abs_21_amount: 19.87900
data_price_hour_rel_+08_amount: 14.92900
data_price_hour_abs_22_amount: 14.92900
data_price_hour_rel_+09_amount: 11.60400
data_price_hour_abs_23_amount: 11.60400