date_now: 2024-12-20 13:28:03
date_now_epoch: 1734697683051
date_now_day: 20
date_now_month: 12
date_now_year: 2024
date_start: 2024-12-20 00:00:00
date_end: 2024-12-20 23:59:59
price_low: 1.63100
price_high: 10.98900
price_median: 8.77950
price_average: 7.63733
price_current: 8.38400
price_unit: Cent/kWh
price_threshold_00: 1.63100
price_threshold_01: 1.74300
price_threshold_02: 2.28200
price_threshold_03: 3.14800
price_threshold_04: 4.77200
price_threshold_05: 4.84900
price_threshold_06: 5.82600
price_threshold_07: 6.61500
price_threshold_08: 7.03400
price_threshold_09: 7.18200
price_threshold_10: 8.38400
price_threshold_11: 8.75600
price_threshold_12: 8.80300
price_threshold_13: 8.97300
price_threshold_14: 9.74400
price_threshold_15: 9.86500
price_threshold_16: 9.86700
price_threshold_17: 10.11800
price_threshold_18: 10.24000
price_threshold_19: 10.31400
price_threshold_20: 10.52400
price_threshold_21: 10.66500
price_threshold_22: 10.97200
price_threshold_23: 10.98900
data_price_hour_rel_-13_amount: 4.77200
data_price_hour_abs_00_amount: 4.77200
data_price_hour_rel_-12_amount: 3.14800
data_price_hour_abs_01_amount: 3.14800
data_price_hour_rel_-11_amount: 1.63100
data_price_hour_abs_02_amount: 1.63100
data_price_hour_rel_-10_amount: 1.74300
data_price_hour_abs_03_amount: 1.74300
data_price_hour_rel_-09_amount: 2.28200
data_price_hour_abs_04_amount: 2.28200
data_price_hour_rel_-08_amount: 4.84900
data_price_hour_abs_05_amount: 4.84900
data_price_hour_rel_-07_amount: 6.61500
data_price_hour_abs_06_amount: 6.61500
data_price_hour_rel_-06_amount: 10.24000
data_price_hour_abs_07_amount: 10.24000
data_price_hour_rel_-05_amount: 10.97200
data_price_hour_abs_08_amount: 10.97200
data_price_hour_rel_-04_amount: 10.66500
data_price_hour_abs_09_amount: 10.66500
data_price_hour_rel_-03_amount: 10.31400
data_price_hour_abs_10_amount: 10.31400
data_price_hour_rel_-02_amount: 9.74400
data_price_hour_abs_11_amount: 9.74400
data_price_hour_rel_-01_amount: 8.75600
data_price_hour_abs_12_amount: 8.75600
data_price_hour_rel_+00_amount: 8.38400
data_price_hour_abs_13_amount: 8.38400
data_price_hour_rel_+01_amount: 8.80300
data_price_hour_abs_14_amount: 8.80300
data_price_hour_rel_+02_amount: 9.86700
data_price_hour_abs_15_amount: 9.86700
data_price_hour_rel_+03_amount: 10.52400
data_price_hour_abs_16_amount: 10.52400
data_price_hour_rel_+04_amount: 10.98900
data_price_hour_abs_17_amount: 10.98900
data_price_hour_rel_+05_amount: 10.11800
data_price_hour_abs_18_amount: 10.11800
data_price_hour_rel_+06_amount: 9.86500
data_price_hour_abs_19_amount: 9.86500
data_price_hour_rel_+07_amount: 8.97300
data_price_hour_abs_20_amount: 8.97300
data_price_hour_rel_+08_amount: 7.18200
data_price_hour_abs_21_amount: 7.18200
data_price_hour_rel_+09_amount: 7.03400
data_price_hour_abs_22_amount: 7.03400
data_price_hour_rel_+10_amount: 5.82600
data_price_hour_abs_23_amount: 5.82600