date_now: 2024-01-31 13:19:41
date_now_epoch: 1706703581059
date_now_day: 31
date_now_month: 1
date_now_year: 2024
date_start: 2024-01-31 00:00:00
date_end: 2024-01-31 23:59:59
price_low: 3.97300
price_high: 11.99300
price_median: 7.37350
price_average: 7.60046
price_current: 6.76600
price_unit: Cent/kWh
price_threshold_00: 3.97300
price_threshold_01: 5.40800
price_threshold_02: 5.69600
price_threshold_03: 6.60300
price_threshold_04: 6.66900
price_threshold_05: 6.76600
price_threshold_06: 6.91400
price_threshold_07: 6.98200
price_threshold_08: 7.01900
price_threshold_09: 7.08900
price_threshold_10: 7.17300
price_threshold_11: 7.36500
price_threshold_12: 7.38200
price_threshold_13: 7.49100
price_threshold_14: 7.58700
price_threshold_15: 7.70900
price_threshold_16: 8.16200
price_threshold_17: 8.29800
price_threshold_18: 8.48500
price_threshold_19: 8.67800
price_threshold_20: 8.79100
price_threshold_21: 9.36100
price_threshold_22: 10.81700
price_threshold_23: 11.99300
data_price_hour_rel_-13_amount: 7.17300
data_price_hour_abs_00_amount: 7.17300
data_price_hour_rel_-12_amount: 7.01900
data_price_hour_abs_01_amount: 7.01900
data_price_hour_rel_-11_amount: 7.08900
data_price_hour_abs_02_amount: 7.08900
data_price_hour_rel_-10_amount: 6.98200
data_price_hour_abs_03_amount: 6.98200
data_price_hour_rel_-09_amount: 6.91400
data_price_hour_abs_04_amount: 6.91400
data_price_hour_rel_-08_amount: 7.38200
data_price_hour_abs_05_amount: 7.38200
data_price_hour_rel_-07_amount: 8.48500
data_price_hour_abs_06_amount: 8.48500
data_price_hour_rel_-06_amount: 10.81700
data_price_hour_abs_07_amount: 10.81700
data_price_hour_rel_-05_amount: 11.99300
data_price_hour_abs_08_amount: 11.99300
data_price_hour_rel_-04_amount: 9.36100
data_price_hour_abs_09_amount: 9.36100
data_price_hour_rel_-03_amount: 8.29800
data_price_hour_abs_10_amount: 8.29800
data_price_hour_rel_-02_amount: 7.70900
data_price_hour_abs_11_amount: 7.70900
data_price_hour_rel_-01_amount: 7.49100
data_price_hour_abs_12_amount: 7.49100
data_price_hour_rel_+00_amount: 6.76600
data_price_hour_abs_13_amount: 6.76600
data_price_hour_rel_+01_amount: 6.66900
data_price_hour_abs_14_amount: 6.66900
data_price_hour_rel_+02_amount: 7.58700
data_price_hour_abs_15_amount: 7.58700
data_price_hour_rel_+03_amount: 8.16200
data_price_hour_abs_16_amount: 8.16200
data_price_hour_rel_+04_amount: 8.79100
data_price_hour_abs_17_amount: 8.79100
data_price_hour_rel_+05_amount: 8.67800
data_price_hour_abs_18_amount: 8.67800
data_price_hour_rel_+06_amount: 7.36500
data_price_hour_abs_19_amount: 7.36500
data_price_hour_rel_+07_amount: 6.60300
data_price_hour_abs_20_amount: 6.60300
data_price_hour_rel_+08_amount: 5.69600
data_price_hour_abs_21_amount: 5.69600
data_price_hour_rel_+09_amount: 5.40800
data_price_hour_abs_22_amount: 5.40800
data_price_hour_rel_+10_amount: 3.97300
data_price_hour_abs_23_amount: 3.97300