date_now: 2024-05-13 14:22:53
date_now_epoch: 1715602973876
date_now_day: 13
date_now_month: 5
date_now_year: 2024
date_start: 2024-05-13 00:00:00
date_end: 2024-05-13 23:59:59
price_low: -0.26900
price_high: 14.61800
price_median: 3.33400
price_average: 4.64146
price_current: -0.24600
price_unit: Cent/kWh
price_threshold_00: -0.26900
price_threshold_01: -0.24600
price_threshold_02: -0.22700
price_threshold_03: -0.09700
price_threshold_04: -0.07300
price_threshold_05: 0.00700
price_threshold_06: 1.03800
price_threshold_07: 2.47000
price_threshold_08: 2.57100
price_threshold_09: 2.58800
price_threshold_10: 2.68400
price_threshold_11: 2.70000
price_threshold_12: 3.96800
price_threshold_13: 4.35100
price_threshold_14: 5.27000
price_threshold_15: 5.50100
price_threshold_16: 6.95500
price_threshold_17: 7.84700
price_threshold_18: 7.99700
price_threshold_19: 8.31200
price_threshold_20: 8.87000
price_threshold_21: 10.66000
price_threshold_22: 13.90000
price_threshold_23: 14.61800
data_price_hour_rel_-14_amount: 2.68400
data_price_hour_abs_00_amount: 2.68400
data_price_hour_rel_-13_amount: 2.58800
data_price_hour_abs_01_amount: 2.58800
data_price_hour_rel_-12_amount: 2.57100
data_price_hour_abs_02_amount: 2.57100
data_price_hour_rel_-11_amount: 2.47000
data_price_hour_abs_03_amount: 2.47000
data_price_hour_rel_-10_amount: 2.70000
data_price_hour_abs_04_amount: 2.70000
data_price_hour_rel_-09_amount: 3.96800
data_price_hour_abs_05_amount: 3.96800
data_price_hour_rel_-08_amount: 7.99700
data_price_hour_abs_06_amount: 7.99700
data_price_hour_rel_-07_amount: 10.66000
data_price_hour_abs_07_amount: 10.66000
data_price_hour_rel_-06_amount: 7.84700
data_price_hour_abs_08_amount: 7.84700
data_price_hour_rel_-05_amount: 4.35100
data_price_hour_abs_09_amount: 4.35100
data_price_hour_rel_-04_amount: 1.03800
data_price_hour_abs_10_amount: 1.03800
data_price_hour_rel_-03_amount: -0.09700
data_price_hour_abs_11_amount: -0.09700
data_price_hour_rel_-02_amount: -0.26900
data_price_hour_abs_12_amount: -0.26900
data_price_hour_rel_-01_amount: -0.22700
data_price_hour_abs_13_amount: -0.22700
data_price_hour_rel_+00_amount: -0.24600
data_price_hour_abs_14_amount: -0.24600
data_price_hour_rel_+01_amount: -0.07300
data_price_hour_abs_15_amount: -0.07300
data_price_hour_rel_+02_amount: 0.00700
data_price_hour_abs_16_amount: 0.00700
data_price_hour_rel_+03_amount: 5.50100
data_price_hour_abs_17_amount: 5.50100
data_price_hour_rel_+04_amount: 8.31200
data_price_hour_abs_18_amount: 8.31200
data_price_hour_rel_+05_amount: 14.61800
data_price_hour_abs_19_amount: 14.61800
data_price_hour_rel_+06_amount: 13.90000
data_price_hour_abs_20_amount: 13.90000
data_price_hour_rel_+07_amount: 8.87000
data_price_hour_abs_21_amount: 8.87000
data_price_hour_rel_+08_amount: 6.95500
data_price_hour_abs_22_amount: 6.95500
data_price_hour_rel_+09_amount: 5.27000
data_price_hour_abs_23_amount: 5.27000