date_now: 2024-01-19 13:21:47
date_now_epoch: 1705666907850
date_now_day: 19
date_now_month: 1
date_now_year: 2024
date_start: 2024-01-19 00:00:00
date_end: 2024-01-19 23:59:59
price_low: 6.27600
price_high: 10.42700
price_median: 7.60200
price_average: 7.85096
price_current: 7.33500
price_unit: Cent/kWh
price_threshold_00: 6.27600
price_threshold_01: 6.33200
price_threshold_02: 6.47500
price_threshold_03: 6.56300
price_threshold_04: 6.69500
price_threshold_05: 6.74700
price_threshold_06: 6.86400
price_threshold_07: 7.05800
price_threshold_08: 7.11200
price_threshold_09: 7.33500
price_threshold_10: 7.40000
price_threshold_11: 7.52100
price_threshold_12: 7.68300
price_threshold_13: 7.74500
price_threshold_14: 7.79400
price_threshold_15: 8.22300
price_threshold_16: 8.46900
price_threshold_17: 8.63600
price_threshold_18: 8.71700
price_threshold_19: 9.17000
price_threshold_20: 9.36000
price_threshold_21: 9.51500
price_threshold_22: 10.30600
price_threshold_23: 10.42700
data_price_hour_rel_-13_amount: 7.05800
data_price_hour_abs_00_amount: 7.05800
data_price_hour_rel_-12_amount: 6.69500
data_price_hour_abs_01_amount: 6.69500
data_price_hour_rel_-11_amount: 6.56300
data_price_hour_abs_02_amount: 6.56300
data_price_hour_rel_-10_amount: 6.27600
data_price_hour_abs_03_amount: 6.27600
data_price_hour_rel_-09_amount: 6.33200
data_price_hour_abs_04_amount: 6.33200
data_price_hour_rel_-08_amount: 6.74700
data_price_hour_abs_05_amount: 6.74700
data_price_hour_rel_-07_amount: 7.79400
data_price_hour_abs_06_amount: 7.79400
data_price_hour_rel_-06_amount: 8.71700
data_price_hour_abs_07_amount: 8.71700
data_price_hour_rel_-05_amount: 10.42700
data_price_hour_abs_08_amount: 10.42700
data_price_hour_rel_-04_amount: 10.30600
data_price_hour_abs_09_amount: 10.30600
data_price_hour_rel_-03_amount: 9.51500
data_price_hour_abs_10_amount: 9.51500
data_price_hour_rel_-02_amount: 8.63600
data_price_hour_abs_11_amount: 8.63600
data_price_hour_rel_-01_amount: 7.68300
data_price_hour_abs_12_amount: 7.68300
data_price_hour_rel_+00_amount: 7.33500
data_price_hour_abs_13_amount: 7.33500
data_price_hour_rel_+01_amount: 7.52100
data_price_hour_abs_14_amount: 7.52100
data_price_hour_rel_+02_amount: 7.74500
data_price_hour_abs_15_amount: 7.74500
data_price_hour_rel_+03_amount: 8.46900
data_price_hour_abs_16_amount: 8.46900
data_price_hour_rel_+04_amount: 9.36000
data_price_hour_abs_17_amount: 9.36000
data_price_hour_rel_+05_amount: 9.17000
data_price_hour_abs_18_amount: 9.17000
data_price_hour_rel_+06_amount: 8.22300
data_price_hour_abs_19_amount: 8.22300
data_price_hour_rel_+07_amount: 7.40000
data_price_hour_abs_20_amount: 7.40000
data_price_hour_rel_+08_amount: 7.11200
data_price_hour_abs_21_amount: 7.11200
data_price_hour_rel_+09_amount: 6.86400
data_price_hour_abs_22_amount: 6.86400
data_price_hour_rel_+10_amount: 6.47500
data_price_hour_abs_23_amount: 6.47500