date_now: 2024-07-27 14:24:33
date_now_epoch: 1722083073633
date_now_day: 27
date_now_month: 7
date_now_year: 2024
date_start: 2024-07-27 00:00:00
date_end: 2024-07-27 23:59:59
price_low: 1.78000
price_high: 12.31000
price_median: 9.14850
price_average: 8.08325
price_current: 1.79200
price_unit: Cent/kWh
price_threshold_00: 1.78000
price_threshold_01: 1.79200
price_threshold_02: 2.80000
price_threshold_03: 3.50200
price_threshold_04: 3.99000
price_threshold_05: 6.07800
price_threshold_06: 6.76700
price_threshold_07: 6.77200
price_threshold_08: 8.27500
price_threshold_09: 8.46900
price_threshold_10: 8.74000
price_threshold_11: 9.05100
price_threshold_12: 9.24600
price_threshold_13: 9.47300
price_threshold_14: 9.52500
price_threshold_15: 9.73900
price_threshold_16: 9.79400
price_threshold_17: 10.34100
price_threshold_18: 10.39600
price_threshold_19: 10.49700
price_threshold_20: 10.81000
price_threshold_21: 11.66900
price_threshold_22: 12.18200
price_threshold_23: 12.31000
data_price_hour_rel_-14_amount: 10.39600
data_price_hour_abs_00_amount: 10.39600
data_price_hour_rel_-13_amount: 10.34100
data_price_hour_abs_01_amount: 10.34100
data_price_hour_rel_-12_amount: 9.73900
data_price_hour_abs_02_amount: 9.73900
data_price_hour_rel_-11_amount: 9.52500
data_price_hour_abs_03_amount: 9.52500
data_price_hour_rel_-10_amount: 9.24600
data_price_hour_abs_04_amount: 9.24600
data_price_hour_rel_-09_amount: 9.05100
data_price_hour_abs_05_amount: 9.05100
data_price_hour_rel_-08_amount: 8.74000
data_price_hour_abs_06_amount: 8.74000
data_price_hour_rel_-07_amount: 8.27500
data_price_hour_abs_07_amount: 8.27500
data_price_hour_rel_-06_amount: 8.46900
data_price_hour_abs_08_amount: 8.46900
data_price_hour_rel_-05_amount: 6.76700
data_price_hour_abs_09_amount: 6.76700
data_price_hour_rel_-04_amount: 6.07800
data_price_hour_abs_10_amount: 6.07800
data_price_hour_rel_-03_amount: 3.99000
data_price_hour_abs_11_amount: 3.99000
data_price_hour_rel_-02_amount: 2.80000
data_price_hour_abs_12_amount: 2.80000
data_price_hour_rel_-01_amount: 1.78000
data_price_hour_abs_13_amount: 1.78000
data_price_hour_rel_+00_amount: 1.79200
data_price_hour_abs_14_amount: 1.79200
data_price_hour_rel_+01_amount: 3.50200
data_price_hour_abs_15_amount: 3.50200
data_price_hour_rel_+02_amount: 6.77200
data_price_hour_abs_16_amount: 6.77200
data_price_hour_rel_+03_amount: 9.47300
data_price_hour_abs_17_amount: 9.47300
data_price_hour_rel_+04_amount: 10.49700
data_price_hour_abs_18_amount: 10.49700
data_price_hour_rel_+05_amount: 11.66900
data_price_hour_abs_19_amount: 11.66900
data_price_hour_rel_+06_amount: 12.31000
data_price_hour_abs_20_amount: 12.31000
data_price_hour_rel_+07_amount: 12.18200
data_price_hour_abs_21_amount: 12.18200
data_price_hour_rel_+08_amount: 10.81000
data_price_hour_abs_22_amount: 10.81000
data_price_hour_rel_+09_amount: 9.79400
data_price_hour_abs_23_amount: 9.79400