date_now: 2024-03-21 13:19:48
date_now_epoch: 1711023588342
date_now_day: 21
date_now_month: 3
date_now_year: 2024
date_start: 2024-03-21 00:00:00
date_end: 2024-03-21 23:59:59
price_low: 5.99600
price_high: 12.71300
price_median: 7.43900
price_average: 8.13900
price_current: 5.99600
price_unit: Cent/kWh
price_threshold_00: 5.99600
price_threshold_01: 6.46400
price_threshold_02: 6.62800
price_threshold_03: 6.68500
price_threshold_04: 6.80300
price_threshold_05: 7.10000
price_threshold_06: 7.12300
price_threshold_07: 7.13200
price_threshold_08: 7.15500
price_threshold_09: 7.24100
price_threshold_10: 7.33700
price_threshold_11: 7.35100
price_threshold_12: 7.52700
price_threshold_13: 7.61800
price_threshold_14: 7.74800
price_threshold_15: 7.96000
price_threshold_16: 8.00000
price_threshold_17: 8.92600
price_threshold_18: 9.40400
price_threshold_19: 9.82100
price_threshold_20: 10.09000
price_threshold_21: 10.22900
price_threshold_22: 12.28500
price_threshold_23: 12.71300
data_price_hour_rel_-13_amount: 7.61800
data_price_hour_abs_00_amount: 7.61800
data_price_hour_rel_-12_amount: 7.33700
data_price_hour_abs_01_amount: 7.33700
data_price_hour_rel_-11_amount: 7.15500
data_price_hour_abs_02_amount: 7.15500
data_price_hour_rel_-10_amount: 7.13200
data_price_hour_abs_03_amount: 7.13200
data_price_hour_rel_-09_amount: 7.10000
data_price_hour_abs_04_amount: 7.10000
data_price_hour_rel_-08_amount: 7.35100
data_price_hour_abs_05_amount: 7.35100
data_price_hour_rel_-07_amount: 8.92600
data_price_hour_abs_06_amount: 8.92600
data_price_hour_rel_-06_amount: 9.82100
data_price_hour_abs_07_amount: 9.82100
data_price_hour_rel_-05_amount: 10.22900
data_price_hour_abs_08_amount: 10.22900
data_price_hour_rel_-04_amount: 8.00000
data_price_hour_abs_09_amount: 8.00000
data_price_hour_rel_-03_amount: 7.24100
data_price_hour_abs_10_amount: 7.24100
data_price_hour_rel_-02_amount: 6.80300
data_price_hour_abs_11_amount: 6.80300
data_price_hour_rel_-01_amount: 6.46400
data_price_hour_abs_12_amount: 6.46400
data_price_hour_rel_+00_amount: 5.99600
data_price_hour_abs_13_amount: 5.99600
data_price_hour_rel_+01_amount: 6.68500
data_price_hour_abs_14_amount: 6.68500
data_price_hour_rel_+02_amount: 6.62800
data_price_hour_abs_15_amount: 6.62800
data_price_hour_rel_+03_amount: 7.52700
data_price_hour_abs_16_amount: 7.52700
data_price_hour_rel_+04_amount: 10.09000
data_price_hour_abs_17_amount: 10.09000
data_price_hour_rel_+05_amount: 12.71300
data_price_hour_abs_18_amount: 12.71300
data_price_hour_rel_+06_amount: 12.28500
data_price_hour_abs_19_amount: 12.28500
data_price_hour_rel_+07_amount: 9.40400
data_price_hour_abs_20_amount: 9.40400
data_price_hour_rel_+08_amount: 7.96000
data_price_hour_abs_21_amount: 7.96000
data_price_hour_rel_+09_amount: 7.74800
data_price_hour_abs_22_amount: 7.74800
data_price_hour_rel_+10_amount: 7.12300
data_price_hour_abs_23_amount: 7.12300