date_now: 2024-02-06 13:20:19
date_now_epoch: 1707222019982
date_now_day: 6
date_now_month: 2
date_now_year: 2024
date_start: 2024-02-06 00:00:00
date_end: 2024-02-06 23:59:59
price_low: 0.19400
price_high: 6.81600
price_median: 5.20300
price_average: 4.52929
price_current: 4.25400
price_unit: Cent/kWh
price_threshold_00: 0.19400
price_threshold_01: 0.30700
price_threshold_02: 0.70800
price_threshold_03: 1.93800
price_threshold_04: 2.76500
price_threshold_05: 3.50400
price_threshold_06: 4.01100
price_threshold_07: 4.25400
price_threshold_08: 4.34700
price_threshold_09: 4.99100
price_threshold_10: 5.00000
price_threshold_11: 5.17000
price_threshold_12: 5.23600
price_threshold_13: 5.64400
price_threshold_14: 5.65200
price_threshold_15: 5.65200
price_threshold_16: 5.65600
price_threshold_17: 5.91400
price_threshold_18: 6.11600
price_threshold_19: 6.13500
price_threshold_20: 6.19600
price_threshold_21: 6.20000
price_threshold_22: 6.29700
price_threshold_23: 6.81600
data_price_hour_rel_-13_amount: 3.50400
data_price_hour_abs_00_amount: 3.50400
data_price_hour_rel_-12_amount: 2.76500
data_price_hour_abs_01_amount: 2.76500
data_price_hour_rel_-11_amount: 0.70800
data_price_hour_abs_02_amount: 0.70800
data_price_hour_rel_-10_amount: 0.30700
data_price_hour_abs_03_amount: 0.30700
data_price_hour_rel_-09_amount: 0.19400
data_price_hour_abs_04_amount: 0.19400
data_price_hour_rel_-08_amount: 1.93800
data_price_hour_abs_05_amount: 1.93800
data_price_hour_rel_-07_amount: 5.00000
data_price_hour_abs_06_amount: 5.00000
data_price_hour_rel_-06_amount: 6.81600
data_price_hour_abs_07_amount: 6.81600
data_price_hour_rel_-05_amount: 6.20000
data_price_hour_abs_08_amount: 6.20000
data_price_hour_rel_-04_amount: 6.13500
data_price_hour_abs_09_amount: 6.13500
data_price_hour_rel_-03_amount: 5.65600
data_price_hour_abs_10_amount: 5.65600
data_price_hour_rel_-02_amount: 5.17000
data_price_hour_abs_11_amount: 5.17000
data_price_hour_rel_-01_amount: 4.34700
data_price_hour_abs_12_amount: 4.34700
data_price_hour_rel_+00_amount: 4.25400
data_price_hour_abs_13_amount: 4.25400
data_price_hour_rel_+01_amount: 4.01100
data_price_hour_abs_14_amount: 4.01100
data_price_hour_rel_+02_amount: 4.99100
data_price_hour_abs_15_amount: 4.99100
data_price_hour_rel_+03_amount: 5.65200
data_price_hour_abs_16_amount: 5.65200
data_price_hour_rel_+04_amount: 6.29700
data_price_hour_abs_17_amount: 6.29700
data_price_hour_rel_+05_amount: 6.19600
data_price_hour_abs_18_amount: 6.19600
data_price_hour_rel_+06_amount: 6.11600
data_price_hour_abs_19_amount: 6.11600
data_price_hour_rel_+07_amount: 5.91400
data_price_hour_abs_20_amount: 5.91400
data_price_hour_rel_+08_amount: 5.64400
data_price_hour_abs_21_amount: 5.64400
data_price_hour_rel_+09_amount: 5.65200
data_price_hour_abs_22_amount: 5.65200
data_price_hour_rel_+10_amount: 5.23600
data_price_hour_abs_23_amount: 5.23600