date_now: 2024-12-03 13:30:56
date_now_epoch: 1733229056548
date_now_day: 3
date_now_month: 12
date_now_year: 2024
date_start: 2024-12-03 00:00:00
date_end: 2024-12-03 23:59:59
price_low: 9.32200
price_high: 21.00000
price_median: 14.22350
price_average: 14.40721
price_current: 14.24100
price_unit: Cent/kWh
price_threshold_00: 9.32200
price_threshold_01: 9.62800
price_threshold_02: 10.04800
price_threshold_03: 10.30500
price_threshold_04: 10.80900
price_threshold_05: 11.07300
price_threshold_06: 12.17600
price_threshold_07: 13.08100
price_threshold_08: 13.56200
price_threshold_09: 13.92300
price_threshold_10: 14.13700
price_threshold_11: 14.20800
price_threshold_12: 14.23900
price_threshold_13: 14.24100
price_threshold_14: 15.00200
price_threshold_15: 15.00900
price_threshold_16: 15.36100
price_threshold_17: 15.46200
price_threshold_18: 16.89400
price_threshold_19: 17.00400
price_threshold_20: 18.98300
price_threshold_21: 19.78800
price_threshold_22: 20.51800
price_threshold_23: 21.00000
data_price_hour_rel_-13_amount: 11.07300
data_price_hour_abs_00_amount: 11.07300
data_price_hour_rel_-12_amount: 10.30500
data_price_hour_abs_01_amount: 10.30500
data_price_hour_rel_-11_amount: 9.62800
data_price_hour_abs_02_amount: 9.62800
data_price_hour_rel_-10_amount: 9.32200
data_price_hour_abs_03_amount: 9.32200
data_price_hour_rel_-09_amount: 10.04800
data_price_hour_abs_04_amount: 10.04800
data_price_hour_rel_-08_amount: 10.80900
data_price_hour_abs_05_amount: 10.80900
data_price_hour_rel_-07_amount: 12.17600
data_price_hour_abs_06_amount: 12.17600
data_price_hour_rel_-06_amount: 14.23900
data_price_hour_abs_07_amount: 14.23900
data_price_hour_rel_-05_amount: 15.46200
data_price_hour_abs_08_amount: 15.46200
data_price_hour_rel_-04_amount: 15.00900
data_price_hour_abs_09_amount: 15.00900
data_price_hour_rel_-03_amount: 14.13700
data_price_hour_abs_10_amount: 14.13700
data_price_hour_rel_-02_amount: 13.92300
data_price_hour_abs_11_amount: 13.92300
data_price_hour_rel_-01_amount: 13.56200
data_price_hour_abs_12_amount: 13.56200
data_price_hour_rel_+00_amount: 14.24100
data_price_hour_abs_13_amount: 14.24100
data_price_hour_rel_+01_amount: 15.00200
data_price_hour_abs_14_amount: 15.00200
data_price_hour_rel_+02_amount: 16.89400
data_price_hour_abs_15_amount: 16.89400
data_price_hour_rel_+03_amount: 20.51800
data_price_hour_abs_16_amount: 20.51800
data_price_hour_rel_+04_amount: 21.00000
data_price_hour_abs_17_amount: 21.00000
data_price_hour_rel_+05_amount: 19.78800
data_price_hour_abs_18_amount: 19.78800
data_price_hour_rel_+06_amount: 18.98300
data_price_hour_abs_19_amount: 18.98300
data_price_hour_rel_+07_amount: 17.00400
data_price_hour_abs_20_amount: 17.00400
data_price_hour_rel_+08_amount: 15.36100
data_price_hour_abs_21_amount: 15.36100
data_price_hour_rel_+09_amount: 14.20800
data_price_hour_abs_22_amount: 14.20800
data_price_hour_rel_+10_amount: 13.08100
data_price_hour_abs_23_amount: 13.08100