date_now: 2024-04-06 14:19:22
date_now_epoch: 1712405962515
date_now_day: 6
date_now_month: 4
date_now_year: 2024
date_start: 2024-04-06 00:00:00
date_end: 2024-04-06 23:59:59
price_low: -5.99200
price_high: 7.39900
price_median: 4.57650
price_average: 2.97408
price_current: -5.75900
price_unit: Cent/kWh
price_threshold_00: -5.99200
price_threshold_01: -5.75900
price_threshold_02: -3.46100
price_threshold_03: -1.64000
price_threshold_04: -0.46600
price_threshold_05: -0.07300
price_threshold_06: 1.58100
price_threshold_07: 2.58800
price_threshold_08: 2.94200
price_threshold_09: 4.30800
price_threshold_10: 4.50100
price_threshold_11: 4.50700
price_threshold_12: 4.64600
price_threshold_13: 4.68900
price_threshold_14: 4.75600
price_threshold_15: 4.89400
price_threshold_16: 5.06500
price_threshold_17: 5.48800
price_threshold_18: 5.87300
price_threshold_19: 5.92400
price_threshold_20: 5.98700
price_threshold_21: 6.75600
price_threshold_22: 6.86500
price_threshold_23: 7.39900
data_price_hour_rel_-14_amount: 4.30800
data_price_hour_abs_00_amount: 4.30800
data_price_hour_rel_-13_amount: 4.50100
data_price_hour_abs_01_amount: 4.50100
data_price_hour_rel_-12_amount: 4.68900
data_price_hour_abs_02_amount: 4.68900
data_price_hour_rel_-11_amount: 4.75600
data_price_hour_abs_03_amount: 4.75600
data_price_hour_rel_-10_amount: 5.06500
data_price_hour_abs_04_amount: 5.06500
data_price_hour_rel_-09_amount: 5.48800
data_price_hour_abs_05_amount: 5.48800
data_price_hour_rel_-08_amount: 5.87300
data_price_hour_abs_06_amount: 5.87300
data_price_hour_rel_-07_amount: 5.98700
data_price_hour_abs_07_amount: 5.98700
data_price_hour_rel_-06_amount: 5.92400
data_price_hour_abs_08_amount: 5.92400
data_price_hour_rel_-05_amount: 4.89400
data_price_hour_abs_09_amount: 4.89400
data_price_hour_rel_-04_amount: 2.94200
data_price_hour_abs_10_amount: 2.94200
data_price_hour_rel_-03_amount: -0.07300
data_price_hour_abs_11_amount: -0.07300
data_price_hour_rel_-02_amount: -1.64000
data_price_hour_abs_12_amount: -1.64000
data_price_hour_rel_-01_amount: -5.99200
data_price_hour_abs_13_amount: -5.99200
data_price_hour_rel_+00_amount: -5.75900
data_price_hour_abs_14_amount: -5.75900
data_price_hour_rel_+01_amount: -3.46100
data_price_hour_abs_15_amount: -3.46100
data_price_hour_rel_+02_amount: -0.46600
data_price_hour_abs_16_amount: -0.46600
data_price_hour_rel_+03_amount: 1.58100
data_price_hour_abs_17_amount: 1.58100
data_price_hour_rel_+04_amount: 6.75600
data_price_hour_abs_18_amount: 6.75600
data_price_hour_rel_+05_amount: 7.39900
data_price_hour_abs_19_amount: 7.39900
data_price_hour_rel_+06_amount: 6.86500
data_price_hour_abs_20_amount: 6.86500
data_price_hour_rel_+07_amount: 4.64600
data_price_hour_abs_21_amount: 4.64600
data_price_hour_rel_+08_amount: 4.50700
data_price_hour_abs_22_amount: 4.50700
data_price_hour_rel_+09_amount: 2.58800
data_price_hour_abs_23_amount: 2.58800