date_now: 2024-04-05 14:19:52
date_now_epoch: 1712319592283
date_now_day: 5
date_now_month: 4
date_now_year: 2024
date_start: 2024-04-05 00:00:00
date_end: 2024-04-05 23:59:59
price_low: -0.01000
price_high: 8.42400
price_median: 5.53550
price_average: 4.65892
price_current: -0.01000
price_unit: Cent/kWh
price_threshold_00: -0.01000
price_threshold_01: 0.00000
price_threshold_02: 0.00500
price_threshold_03: 0.80900
price_threshold_04: 0.91600
price_threshold_05: 2.59700
price_threshold_06: 3.74600
price_threshold_07: 4.96500
price_threshold_08: 5.05000
price_threshold_09: 5.39000
price_threshold_10: 5.47100
price_threshold_11: 5.50700
price_threshold_12: 5.56400
price_threshold_13: 5.59400
price_threshold_14: 5.59600
price_threshold_15: 5.61300
price_threshold_16: 5.65900
price_threshold_17: 5.90800
price_threshold_18: 6.25000
price_threshold_19: 6.27200
price_threshold_20: 6.75900
price_threshold_21: 7.62900
price_threshold_22: 8.10000
price_threshold_23: 8.42400
data_price_hour_rel_-14_amount: 6.27200
data_price_hour_abs_00_amount: 6.27200
data_price_hour_rel_-13_amount: 5.90800
data_price_hour_abs_01_amount: 5.90800
data_price_hour_rel_-12_amount: 5.59600
data_price_hour_abs_02_amount: 5.59600
data_price_hour_rel_-11_amount: 5.65900
data_price_hour_abs_03_amount: 5.65900
data_price_hour_rel_-10_amount: 5.39000
data_price_hour_abs_04_amount: 5.39000
data_price_hour_rel_-09_amount: 6.25000
data_price_hour_abs_05_amount: 6.25000
data_price_hour_rel_-08_amount: 7.62900
data_price_hour_abs_06_amount: 7.62900
data_price_hour_rel_-07_amount: 8.42400
data_price_hour_abs_07_amount: 8.42400
data_price_hour_rel_-06_amount: 8.10000
data_price_hour_abs_08_amount: 8.10000
data_price_hour_rel_-05_amount: 6.75900
data_price_hour_abs_09_amount: 6.75900
data_price_hour_rel_-04_amount: 5.05000
data_price_hour_abs_10_amount: 5.05000
data_price_hour_rel_-03_amount: 2.59700
data_price_hour_abs_11_amount: 2.59700
data_price_hour_rel_-02_amount: 0.91600
data_price_hour_abs_12_amount: 0.91600
data_price_hour_rel_-01_amount: 0.00000
data_price_hour_abs_13_amount: 0.00000
data_price_hour_rel_+00_amount: -0.01000
data_price_hour_abs_14_amount: -0.01000
data_price_hour_rel_+01_amount: 0.00500
data_price_hour_abs_15_amount: 0.00500
data_price_hour_rel_+02_amount: 0.80900
data_price_hour_abs_16_amount: 0.80900
data_price_hour_rel_+03_amount: 3.74600
data_price_hour_abs_17_amount: 3.74600
data_price_hour_rel_+04_amount: 4.96500
data_price_hour_abs_18_amount: 4.96500
data_price_hour_rel_+05_amount: 5.59400
data_price_hour_abs_19_amount: 5.59400
data_price_hour_rel_+06_amount: 5.56400
data_price_hour_abs_20_amount: 5.56400
data_price_hour_rel_+07_amount: 5.47100
data_price_hour_abs_21_amount: 5.47100
data_price_hour_rel_+08_amount: 5.61300
data_price_hour_abs_22_amount: 5.61300
data_price_hour_rel_+09_amount: 5.50700
data_price_hour_abs_23_amount: 5.50700