date_now: 2024-07-19 14:23:55
date_now_epoch: 1721391835508
date_now_day: 19
date_now_month: 7
date_now_year: 2024
date_start: 2024-07-19 00:00:00
date_end: 2024-07-19 23:59:59
price_low: 3.62000
price_high: 19.04600
price_median: 8.24050
price_average: 8.59013
price_current: 3.62000
price_unit: Cent/kWh
price_threshold_00: 3.62000
price_threshold_01: 3.65000
price_threshold_02: 4.25400
price_threshold_03: 4.43400
price_threshold_04: 5.87500
price_threshold_05: 6.37900
price_threshold_06: 7.00000
price_threshold_07: 7.73400
price_threshold_08: 7.92900
price_threshold_09: 7.99100
price_threshold_10: 8.04500
price_threshold_11: 8.14300
price_threshold_12: 8.33800
price_threshold_13: 9.01100
price_threshold_14: 9.13800
price_threshold_15: 9.15500
price_threshold_16: 9.16100
price_threshold_17: 9.84000
price_threshold_18: 10.68600
price_threshold_19: 11.07200
price_threshold_20: 11.56000
price_threshold_21: 12.00000
price_threshold_22: 12.10200
price_threshold_23: 19.04600
data_price_hour_rel_-14_amount: 9.01100
data_price_hour_abs_00_amount: 9.01100
data_price_hour_rel_-13_amount: 8.04500
data_price_hour_abs_01_amount: 8.04500
data_price_hour_rel_-12_amount: 7.99100
data_price_hour_abs_02_amount: 7.99100
data_price_hour_rel_-11_amount: 7.92900
data_price_hour_abs_03_amount: 7.92900
data_price_hour_rel_-10_amount: 8.33800
data_price_hour_abs_04_amount: 8.33800
data_price_hour_rel_-09_amount: 9.13800
data_price_hour_abs_05_amount: 9.13800
data_price_hour_rel_-08_amount: 11.56000
data_price_hour_abs_06_amount: 11.56000
data_price_hour_rel_-07_amount: 11.07200
data_price_hour_abs_07_amount: 11.07200
data_price_hour_rel_-06_amount: 9.84000
data_price_hour_abs_08_amount: 9.84000
data_price_hour_rel_-05_amount: 8.14300
data_price_hour_abs_09_amount: 8.14300
data_price_hour_rel_-04_amount: 7.00000
data_price_hour_abs_10_amount: 7.00000
data_price_hour_rel_-03_amount: 5.87500
data_price_hour_abs_11_amount: 5.87500
data_price_hour_rel_-02_amount: 4.43400
data_price_hour_abs_12_amount: 4.43400
data_price_hour_rel_-01_amount: 3.65000
data_price_hour_abs_13_amount: 3.65000
data_price_hour_rel_+00_amount: 3.62000
data_price_hour_abs_14_amount: 3.62000
data_price_hour_rel_+01_amount: 4.25400
data_price_hour_abs_15_amount: 4.25400
data_price_hour_rel_+02_amount: 6.37900
data_price_hour_abs_16_amount: 6.37900
data_price_hour_rel_+03_amount: 7.73400
data_price_hour_abs_17_amount: 7.73400
data_price_hour_rel_+04_amount: 9.16100
data_price_hour_abs_18_amount: 9.16100
data_price_hour_rel_+05_amount: 12.10200
data_price_hour_abs_19_amount: 12.10200
data_price_hour_rel_+06_amount: 19.04600
data_price_hour_abs_20_amount: 19.04600
data_price_hour_rel_+07_amount: 12.00000
data_price_hour_abs_21_amount: 12.00000
data_price_hour_rel_+08_amount: 10.68600
data_price_hour_abs_22_amount: 10.68600
data_price_hour_rel_+09_amount: 9.15500
data_price_hour_abs_23_amount: 9.15500