date_now: 2024-01-28 13:17:57
date_now_epoch: 1706444277636
date_now_day: 28
date_now_month: 1
date_now_year: 2024
date_start: 2024-01-28 00:00:00
date_end: 2024-01-28 23:59:59
price_low: 4.00900
price_high: 7.78400
price_median: 5.96450
price_average: 5.92783
price_current: 4.00900
price_unit: Cent/kWh
price_threshold_00: 4.00900
price_threshold_01: 4.15800
price_threshold_02: 4.57500
price_threshold_03: 5.06500
price_threshold_04: 5.11600
price_threshold_05: 5.50800
price_threshold_06: 5.60000
price_threshold_07: 5.64100
price_threshold_08: 5.71700
price_threshold_09: 5.94300
price_threshold_10: 5.96300
price_threshold_11: 5.96400
price_threshold_12: 5.96500
price_threshold_13: 5.99400
price_threshold_14: 6.05300
price_threshold_15: 6.09200
price_threshold_16: 6.14000
price_threshold_17: 6.41100
price_threshold_18: 6.67700
price_threshold_19: 6.82500
price_threshold_20: 6.88700
price_threshold_21: 6.98800
price_threshold_22: 7.19300
price_threshold_23: 7.78400
data_price_hour_rel_-13_amount: 6.67700
data_price_hour_abs_00_amount: 6.67700
data_price_hour_rel_-12_amount: 6.09200
data_price_hour_abs_01_amount: 6.09200
data_price_hour_rel_-11_amount: 5.96500
data_price_hour_abs_02_amount: 5.96500
data_price_hour_rel_-10_amount: 5.99400
data_price_hour_abs_03_amount: 5.99400
data_price_hour_rel_-09_amount: 6.14000
data_price_hour_abs_04_amount: 6.14000
data_price_hour_rel_-08_amount: 6.41100
data_price_hour_abs_05_amount: 6.41100
data_price_hour_rel_-07_amount: 6.05300
data_price_hour_abs_06_amount: 6.05300
data_price_hour_rel_-06_amount: 5.96400
data_price_hour_abs_07_amount: 5.96400
data_price_hour_rel_-05_amount: 5.96300
data_price_hour_abs_08_amount: 5.96300
data_price_hour_rel_-04_amount: 5.50800
data_price_hour_abs_09_amount: 5.50800
data_price_hour_rel_-03_amount: 5.11600
data_price_hour_abs_10_amount: 5.11600
data_price_hour_rel_-02_amount: 4.57500
data_price_hour_abs_11_amount: 4.57500
data_price_hour_rel_-01_amount: 4.15800
data_price_hour_abs_12_amount: 4.15800
data_price_hour_rel_+00_amount: 4.00900
data_price_hour_abs_13_amount: 4.00900
data_price_hour_rel_+01_amount: 5.06500
data_price_hour_abs_14_amount: 5.06500
data_price_hour_rel_+02_amount: 5.64100
data_price_hour_abs_15_amount: 5.64100
data_price_hour_rel_+03_amount: 6.88700
data_price_hour_abs_16_amount: 6.88700
data_price_hour_rel_+04_amount: 7.78400
data_price_hour_abs_17_amount: 7.78400
data_price_hour_rel_+05_amount: 7.19300
data_price_hour_abs_18_amount: 7.19300
data_price_hour_rel_+06_amount: 6.98800
data_price_hour_abs_19_amount: 6.98800
data_price_hour_rel_+07_amount: 6.82500
data_price_hour_abs_20_amount: 6.82500
data_price_hour_rel_+08_amount: 5.71700
data_price_hour_abs_21_amount: 5.71700
data_price_hour_rel_+09_amount: 5.94300
data_price_hour_abs_22_amount: 5.94300
data_price_hour_rel_+10_amount: 5.60000
data_price_hour_abs_23_amount: 5.60000