date_now: 2024-12-01 13:28:21
date_now_epoch: 1733056101687
date_now_day: 1
date_now_month: 12
date_now_year: 2024
date_start: 2024-12-01 00:00:00
date_end: 2024-12-01 23:59:59
price_low: 8.23800
price_high: 12.15300
price_median: 8.99900
price_average: 9.45929
price_current: 8.30800
price_unit: Cent/kWh
price_threshold_00: 8.23800
price_threshold_01: 8.30800
price_threshold_02: 8.43600
price_threshold_03: 8.44300
price_threshold_04: 8.48000
price_threshold_05: 8.50000
price_threshold_06: 8.52500
price_threshold_07: 8.53100
price_threshold_08: 8.57000
price_threshold_09: 8.81400
price_threshold_10: 8.93000
price_threshold_11: 8.99700
price_threshold_12: 9.00100
price_threshold_13: 9.06100
price_threshold_14: 9.13500
price_threshold_15: 9.46000
price_threshold_16: 9.69800
price_threshold_17: 9.96400
price_threshold_18: 9.96600
price_threshold_19: 10.86200
price_threshold_20: 11.02300
price_threshold_21: 11.77700
price_threshold_22: 12.15100
price_threshold_23: 12.15300
data_price_hour_rel_-13_amount: 9.96600
data_price_hour_abs_00_amount: 9.96600
data_price_hour_rel_-12_amount: 9.00100
data_price_hour_abs_01_amount: 9.00100
data_price_hour_rel_-11_amount: 8.81400
data_price_hour_abs_02_amount: 8.81400
data_price_hour_rel_-10_amount: 8.57000
data_price_hour_abs_03_amount: 8.57000
data_price_hour_rel_-09_amount: 8.48000
data_price_hour_abs_04_amount: 8.48000
data_price_hour_rel_-08_amount: 8.53100
data_price_hour_abs_05_amount: 8.53100
data_price_hour_rel_-07_amount: 8.44300
data_price_hour_abs_06_amount: 8.44300
data_price_hour_rel_-06_amount: 8.99700
data_price_hour_abs_07_amount: 8.99700
data_price_hour_rel_-05_amount: 9.96400
data_price_hour_abs_08_amount: 9.96400
data_price_hour_rel_-04_amount: 9.46000
data_price_hour_abs_09_amount: 9.46000
data_price_hour_rel_-03_amount: 8.93000
data_price_hour_abs_10_amount: 8.93000
data_price_hour_rel_-02_amount: 8.23800
data_price_hour_abs_11_amount: 8.23800
data_price_hour_rel_-01_amount: 8.52500
data_price_hour_abs_12_amount: 8.52500
data_price_hour_rel_+00_amount: 8.30800
data_price_hour_abs_13_amount: 8.30800
data_price_hour_rel_+01_amount: 9.06100
data_price_hour_abs_14_amount: 9.06100
data_price_hour_rel_+02_amount: 10.86200
data_price_hour_abs_15_amount: 10.86200
data_price_hour_rel_+03_amount: 12.15300
data_price_hour_abs_16_amount: 12.15300
data_price_hour_rel_+04_amount: 11.77700
data_price_hour_abs_17_amount: 11.77700
data_price_hour_rel_+05_amount: 12.15100
data_price_hour_abs_18_amount: 12.15100
data_price_hour_rel_+06_amount: 11.02300
data_price_hour_abs_19_amount: 11.02300
data_price_hour_rel_+07_amount: 9.13500
data_price_hour_abs_20_amount: 9.13500
data_price_hour_rel_+08_amount: 8.43600
data_price_hour_abs_21_amount: 8.43600
data_price_hour_rel_+09_amount: 9.69800
data_price_hour_abs_22_amount: 9.69800
data_price_hour_rel_+10_amount: 8.50000
data_price_hour_abs_23_amount: 8.50000