date_now: 2024-06-19 14:24:14
date_now_epoch: 1718799854668
date_now_day: 19
date_now_month: 6
date_now_year: 2024
date_start: 2024-06-19 00:00:00
date_end: 2024-06-19 23:59:59
price_low: 2.24100
price_high: 14.36600
price_median: 8.66300
price_average: 8.43138
price_current: 2.24100
price_unit: Cent/kWh
price_threshold_00: 2.24100
price_threshold_01: 2.35600
price_threshold_02: 3.98400
price_threshold_03: 5.80300
price_threshold_04: 5.99000
price_threshold_05: 6.62300
price_threshold_06: 7.00000
price_threshold_07: 7.51000
price_threshold_08: 8.34700
price_threshold_09: 8.57800
price_threshold_10: 8.63100
price_threshold_11: 8.64100
price_threshold_12: 8.68500
price_threshold_13: 8.84400
price_threshold_14: 9.14300
price_threshold_15: 9.32100
price_threshold_16: 9.99500
price_threshold_17: 10.29000
price_threshold_18: 10.73300
price_threshold_19: 10.82600
price_threshold_20: 11.25500
price_threshold_21: 11.50800
price_threshold_22: 11.68300
price_threshold_23: 14.36600
data_price_hour_rel_-14_amount: 9.99500
data_price_hour_abs_00_amount: 9.99500
data_price_hour_rel_-13_amount: 9.14300
data_price_hour_abs_01_amount: 9.14300
data_price_hour_rel_-12_amount: 8.68500
data_price_hour_abs_02_amount: 8.68500
data_price_hour_rel_-11_amount: 8.57800
data_price_hour_abs_03_amount: 8.57800
data_price_hour_rel_-10_amount: 8.34700
data_price_hour_abs_04_amount: 8.34700
data_price_hour_rel_-09_amount: 8.64100
data_price_hour_abs_05_amount: 8.64100
data_price_hour_rel_-08_amount: 11.25500
data_price_hour_abs_06_amount: 11.25500
data_price_hour_rel_-07_amount: 11.68300
data_price_hour_abs_07_amount: 11.68300
data_price_hour_rel_-06_amount: 10.73300
data_price_hour_abs_08_amount: 10.73300
data_price_hour_rel_-05_amount: 8.63100
data_price_hour_abs_09_amount: 8.63100
data_price_hour_rel_-04_amount: 7.51000
data_price_hour_abs_10_amount: 7.51000
data_price_hour_rel_-03_amount: 6.62300
data_price_hour_abs_11_amount: 6.62300
data_price_hour_rel_-02_amount: 5.80300
data_price_hour_abs_12_amount: 5.80300
data_price_hour_rel_-01_amount: 3.98400
data_price_hour_abs_13_amount: 3.98400
data_price_hour_rel_+00_amount: 2.24100
data_price_hour_abs_14_amount: 2.24100
data_price_hour_rel_+01_amount: 2.35600
data_price_hour_abs_15_amount: 2.35600
data_price_hour_rel_+02_amount: 5.99000
data_price_hour_abs_16_amount: 5.99000
data_price_hour_rel_+03_amount: 7.00000
data_price_hour_abs_17_amount: 7.00000
data_price_hour_rel_+04_amount: 8.84400
data_price_hour_abs_18_amount: 8.84400
data_price_hour_rel_+05_amount: 10.29000
data_price_hour_abs_19_amount: 10.29000
data_price_hour_rel_+06_amount: 14.36600
data_price_hour_abs_20_amount: 14.36600
data_price_hour_rel_+07_amount: 11.50800
data_price_hour_abs_21_amount: 11.50800
data_price_hour_rel_+08_amount: 10.82600
data_price_hour_abs_22_amount: 10.82600
data_price_hour_rel_+09_amount: 9.32100
data_price_hour_abs_23_amount: 9.32100