date_now: 2024-07-04 14:23:52
date_now_epoch: 1720095832485
date_now_day: 4
date_now_month: 7
date_now_year: 2024
date_start: 2024-07-04 00:00:00
date_end: 2024-07-04 23:59:59
price_low: -1.90900
price_high: 11.53000
price_median: 2.03300
price_average: 2.80987
price_current: -1.90900
price_unit: Cent/kWh
price_threshold_00: -1.90900
price_threshold_01: -1.80300
price_threshold_02: -0.87000
price_threshold_03: -0.50300
price_threshold_04: -0.00400
price_threshold_05: -0.00300
price_threshold_06: 0.00000
price_threshold_07: 0.19000
price_threshold_08: 0.67700
price_threshold_09: 1.00800
price_threshold_10: 1.02700
price_threshold_11: 1.80100
price_threshold_12: 2.26500
price_threshold_13: 2.64600
price_threshold_14: 3.35600
price_threshold_15: 3.64300
price_threshold_16: 4.00000
price_threshold_17: 4.98500
price_threshold_18: 5.19400
price_threshold_19: 6.40100
price_threshold_20: 6.42400
price_threshold_21: 8.69100
price_threshold_22: 8.69100
price_threshold_23: 11.53000
data_price_hour_rel_-14_amount: 6.42400
data_price_hour_abs_00_amount: 6.42400
data_price_hour_rel_-13_amount: 5.19400
data_price_hour_abs_01_amount: 5.19400
data_price_hour_rel_-12_amount: 2.64600
data_price_hour_abs_02_amount: 2.64600
data_price_hour_rel_-11_amount: 1.80100
data_price_hour_abs_03_amount: 1.80100
data_price_hour_rel_-10_amount: 1.00800
data_price_hour_abs_04_amount: 1.00800
data_price_hour_rel_-09_amount: 1.02700
data_price_hour_abs_05_amount: 1.02700
data_price_hour_rel_-08_amount: 3.64300
data_price_hour_abs_06_amount: 3.64300
data_price_hour_rel_-07_amount: 4.00000
data_price_hour_abs_07_amount: 4.00000
data_price_hour_rel_-06_amount: 3.35600
data_price_hour_abs_08_amount: 3.35600
data_price_hour_rel_-05_amount: 2.26500
data_price_hour_abs_09_amount: 2.26500
data_price_hour_rel_-04_amount: 0.19000
data_price_hour_abs_10_amount: 0.19000
data_price_hour_rel_-03_amount: 0.00000
data_price_hour_abs_11_amount: 0.00000
data_price_hour_rel_-02_amount: -0.00400
data_price_hour_abs_12_amount: -0.00400
data_price_hour_rel_-01_amount: -0.50300
data_price_hour_abs_13_amount: -0.50300
data_price_hour_rel_+00_amount: -1.90900
data_price_hour_abs_14_amount: -1.90900
data_price_hour_rel_+01_amount: -1.80300
data_price_hour_abs_15_amount: -1.80300
data_price_hour_rel_+02_amount: -0.87000
data_price_hour_abs_16_amount: -0.87000
data_price_hour_rel_+03_amount: -0.00300
data_price_hour_abs_17_amount: -0.00300
data_price_hour_rel_+04_amount: 0.67700
data_price_hour_abs_18_amount: 0.67700
data_price_hour_rel_+05_amount: 4.98500
data_price_hour_abs_19_amount: 4.98500
data_price_hour_rel_+06_amount: 8.69100
data_price_hour_abs_20_amount: 8.69100
data_price_hour_rel_+07_amount: 11.53000
data_price_hour_abs_21_amount: 11.53000
data_price_hour_rel_+08_amount: 8.69100
data_price_hour_abs_22_amount: 8.69100
data_price_hour_rel_+09_amount: 6.40100
data_price_hour_abs_23_amount: 6.40100