date_now: 2024-10-02 14:28:38
date_now_epoch: 1727872118454
date_now_day: 2
date_now_month: 10
date_now_year: 2024
date_start: 2024-10-02 00:00:00
date_end: 2024-10-02 23:59:59
price_low: 7.49300
price_high: 13.57000
price_median: 9.18750
price_average: 9.58621
price_current: 7.88700
price_unit: Cent/kWh
price_threshold_00: 7.49300
price_threshold_01: 7.70900
price_threshold_02: 7.71400
price_threshold_03: 7.88700
price_threshold_04: 8.08800
price_threshold_05: 8.11000
price_threshold_06: 8.15100
price_threshold_07: 8.20700
price_threshold_08: 8.50000
price_threshold_09: 8.54400
price_threshold_10: 8.64400
price_threshold_11: 9.04500
price_threshold_12: 9.33000
price_threshold_13: 9.65200
price_threshold_14: 9.65300
price_threshold_15: 9.65400
price_threshold_16: 10.01000
price_threshold_17: 10.32100
price_threshold_18: 11.43700
price_threshold_19: 11.70100
price_threshold_20: 11.75900
price_threshold_21: 11.88300
price_threshold_22: 13.00700
price_threshold_23: 13.57000
data_price_hour_rel_-14_amount: 8.54400
data_price_hour_abs_00_amount: 8.54400
data_price_hour_rel_-13_amount: 8.08800
data_price_hour_abs_01_amount: 8.08800
data_price_hour_rel_-12_amount: 7.70900
data_price_hour_abs_02_amount: 7.70900
data_price_hour_rel_-11_amount: 7.49300
data_price_hour_abs_03_amount: 7.49300
data_price_hour_rel_-10_amount: 7.71400
data_price_hour_abs_04_amount: 7.71400
data_price_hour_rel_-09_amount: 8.11000
data_price_hour_abs_05_amount: 8.11000
data_price_hour_rel_-08_amount: 9.65300
data_price_hour_abs_06_amount: 9.65300
data_price_hour_rel_-07_amount: 11.88300
data_price_hour_abs_07_amount: 11.88300
data_price_hour_rel_-06_amount: 13.57000
data_price_hour_abs_08_amount: 13.57000
data_price_hour_rel_-05_amount: 11.75900
data_price_hour_abs_09_amount: 11.75900
data_price_hour_rel_-04_amount: 10.32100
data_price_hour_abs_10_amount: 10.32100
data_price_hour_rel_-03_amount: 9.65200
data_price_hour_abs_11_amount: 9.65200
data_price_hour_rel_-02_amount: 9.04500
data_price_hour_abs_12_amount: 9.04500
data_price_hour_rel_-01_amount: 8.64400
data_price_hour_abs_13_amount: 8.64400
data_price_hour_rel_+00_amount: 7.88700
data_price_hour_abs_14_amount: 7.88700
data_price_hour_rel_+01_amount: 8.20700
data_price_hour_abs_15_amount: 8.20700
data_price_hour_rel_+02_amount: 8.15100
data_price_hour_abs_16_amount: 8.15100
data_price_hour_rel_+03_amount: 10.01000
data_price_hour_abs_17_amount: 10.01000
data_price_hour_rel_+04_amount: 11.70100
data_price_hour_abs_18_amount: 11.70100
data_price_hour_rel_+05_amount: 13.00700
data_price_hour_abs_19_amount: 13.00700
data_price_hour_rel_+06_amount: 11.43700
data_price_hour_abs_20_amount: 11.43700
data_price_hour_rel_+07_amount: 9.65400
data_price_hour_abs_21_amount: 9.65400
data_price_hour_rel_+08_amount: 9.33000
data_price_hour_abs_22_amount: 9.33000
data_price_hour_rel_+09_amount: 8.50000
data_price_hour_abs_23_amount: 8.50000