date_now: 2024-08-31 14:24:09
date_now_epoch: 1725107049489
date_now_day: 31
date_now_month: 8
date_now_year: 2024
date_start: 2024-08-31 00:00:00
date_end: 2024-08-31 23:59:59
price_low: -0.08000
price_high: 14.82900
price_median: 9.85550
price_average: 7.90463
price_current: -0.08000
price_unit: Cent/kWh
price_threshold_00: -0.08000
price_threshold_01: -0.05900
price_threshold_02: 0.04700
price_threshold_03: 0.25500
price_threshold_04: 1.83400
price_threshold_05: 2.37100
price_threshold_06: 6.01300
price_threshold_07: 8.00200
price_threshold_08: 8.49200
price_threshold_09: 8.92300
price_threshold_10: 9.66500
price_threshold_11: 9.80700
price_threshold_12: 9.90400
price_threshold_13: 9.98500
price_threshold_14: 10.20600
price_threshold_15: 10.54400
price_threshold_16: 10.72900
price_threshold_17: 10.76700
price_threshold_18: 10.99700
price_threshold_19: 10.99700
price_threshold_20: 11.07500
price_threshold_21: 11.73000
price_threshold_22: 12.67800
price_threshold_23: 14.82900
data_price_hour_rel_-14_amount: 10.76700
data_price_hour_abs_00_amount: 10.76700
data_price_hour_rel_-13_amount: 10.54400
data_price_hour_abs_01_amount: 10.54400
data_price_hour_rel_-12_amount: 10.20600
data_price_hour_abs_02_amount: 10.20600
data_price_hour_rel_-11_amount: 9.90400
data_price_hour_abs_03_amount: 9.90400
data_price_hour_rel_-10_amount: 9.66500
data_price_hour_abs_04_amount: 9.66500
data_price_hour_rel_-09_amount: 9.80700
data_price_hour_abs_05_amount: 9.80700
data_price_hour_rel_-08_amount: 10.99700
data_price_hour_abs_06_amount: 10.99700
data_price_hour_rel_-07_amount: 11.07500
data_price_hour_abs_07_amount: 11.07500
data_price_hour_rel_-06_amount: 10.99700
data_price_hour_abs_08_amount: 10.99700
data_price_hour_rel_-05_amount: 8.49200
data_price_hour_abs_09_amount: 8.49200
data_price_hour_rel_-04_amount: 6.01300
data_price_hour_abs_10_amount: 6.01300
data_price_hour_rel_-03_amount: 1.83400
data_price_hour_abs_11_amount: 1.83400
data_price_hour_rel_-02_amount: 0.04700
data_price_hour_abs_12_amount: 0.04700
data_price_hour_rel_-01_amount: -0.05900
data_price_hour_abs_13_amount: -0.05900
data_price_hour_rel_+00_amount: -0.08000
data_price_hour_abs_14_amount: -0.08000
data_price_hour_rel_+01_amount: 0.25500
data_price_hour_abs_15_amount: 0.25500
data_price_hour_rel_+02_amount: 2.37100
data_price_hour_abs_16_amount: 2.37100
data_price_hour_rel_+03_amount: 8.00200
data_price_hour_abs_17_amount: 8.00200
data_price_hour_rel_+04_amount: 11.73000
data_price_hour_abs_18_amount: 11.73000
data_price_hour_rel_+05_amount: 14.82900
data_price_hour_abs_19_amount: 14.82900
data_price_hour_rel_+06_amount: 12.67800
data_price_hour_abs_20_amount: 12.67800
data_price_hour_rel_+07_amount: 10.72900
data_price_hour_abs_21_amount: 10.72900
data_price_hour_rel_+08_amount: 9.98500
data_price_hour_abs_22_amount: 9.98500
data_price_hour_rel_+09_amount: 8.92300
data_price_hour_abs_23_amount: 8.92300