date_now: 2024-12-18 13:30:19
date_now_epoch: 1734525019289
date_now_day: 18
date_now_month: 12
date_now_year: 2024
date_start: 2024-12-18 00:00:00
date_end: 2024-12-18 23:59:59
price_low: 2.14400
price_high: 7.75800
price_median: 5.79000
price_average: 5.49721
price_current: 6.30800
price_unit: Cent/kWh
price_threshold_00: 2.14400
price_threshold_01: 3.02500
price_threshold_02: 3.80000
price_threshold_03: 4.31400
price_threshold_04: 4.50000
price_threshold_05: 4.68100
price_threshold_06: 4.84100
price_threshold_07: 4.99100
price_threshold_08: 5.06900
price_threshold_09: 5.23100
price_threshold_10: 5.56300
price_threshold_11: 5.79000
price_threshold_12: 5.79000
price_threshold_13: 5.79000
price_threshold_14: 6.30700
price_threshold_15: 6.30800
price_threshold_16: 6.30800
price_threshold_17: 6.30800
price_threshold_18: 6.30800
price_threshold_19: 6.30800
price_threshold_20: 6.59900
price_threshold_21: 6.91800
price_threshold_22: 7.28200
price_threshold_23: 7.75800
data_price_hour_rel_-13_amount: 6.91800
data_price_hour_abs_00_amount: 6.91800
data_price_hour_rel_-12_amount: 5.23100
data_price_hour_abs_01_amount: 5.23100
data_price_hour_rel_-11_amount: 4.84100
data_price_hour_abs_02_amount: 4.84100
data_price_hour_rel_-10_amount: 4.50000
data_price_hour_abs_03_amount: 4.50000
data_price_hour_rel_-09_amount: 3.02500
data_price_hour_abs_04_amount: 3.02500
data_price_hour_rel_-08_amount: 3.80000
data_price_hour_abs_05_amount: 3.80000
data_price_hour_rel_-07_amount: 4.99100
data_price_hour_abs_06_amount: 4.99100
data_price_hour_rel_-06_amount: 5.79000
data_price_hour_abs_07_amount: 5.79000
data_price_hour_rel_-05_amount: 7.75800
data_price_hour_abs_08_amount: 7.75800
data_price_hour_rel_-04_amount: 7.28200
data_price_hour_abs_09_amount: 7.28200
data_price_hour_rel_-03_amount: 6.59900
data_price_hour_abs_10_amount: 6.59900
data_price_hour_rel_-02_amount: 6.30800
data_price_hour_abs_11_amount: 6.30800
data_price_hour_rel_-01_amount: 6.30700
data_price_hour_abs_12_amount: 6.30700
data_price_hour_rel_+00_amount: 6.30800
data_price_hour_abs_13_amount: 6.30800
data_price_hour_rel_+01_amount: 6.30800
data_price_hour_abs_14_amount: 6.30800
data_price_hour_rel_+02_amount: 5.56300
data_price_hour_abs_15_amount: 5.56300
data_price_hour_rel_+03_amount: 4.68100
data_price_hour_abs_16_amount: 4.68100
data_price_hour_rel_+04_amount: 5.79000
data_price_hour_abs_17_amount: 5.79000
data_price_hour_rel_+05_amount: 6.30800
data_price_hour_abs_18_amount: 6.30800
data_price_hour_rel_+06_amount: 6.30800
data_price_hour_abs_19_amount: 6.30800
data_price_hour_rel_+07_amount: 5.79000
data_price_hour_abs_20_amount: 5.79000
data_price_hour_rel_+08_amount: 5.06900
data_price_hour_abs_21_amount: 5.06900
data_price_hour_rel_+09_amount: 4.31400
data_price_hour_abs_22_amount: 4.31400
data_price_hour_rel_+10_amount: 2.14400
data_price_hour_abs_23_amount: 2.14400