date_now: 2024-08-30 14:25:42
date_now_epoch: 1725020742156
date_now_day: 30
date_now_month: 8
date_now_year: 2024
date_start: 2024-08-30 00:00:00
date_end: 2024-08-30 23:59:59
price_low: 7.90800
price_high: 15.61100
price_median: 9.92700
price_average: 10.66375
price_current: 7.90800
price_unit: Cent/kWh
price_threshold_00: 7.90800
price_threshold_01: 8.02000
price_threshold_02: 8.19800
price_threshold_03: 8.61300
price_threshold_04: 8.63500
price_threshold_05: 8.99500
price_threshold_06: 9.32800
price_threshold_07: 9.35300
price_threshold_08: 9.53600
price_threshold_09: 9.68300
price_threshold_10: 9.76200
price_threshold_11: 9.82400
price_threshold_12: 10.03000
price_threshold_13: 10.19600
price_threshold_14: 10.73700
price_threshold_15: 10.98800
price_threshold_16: 11.27100
price_threshold_17: 11.37000
price_threshold_18: 11.99900
price_threshold_19: 13.35500
price_threshold_20: 13.68300
price_threshold_21: 13.72900
price_threshold_22: 15.10600
price_threshold_23: 15.61100
data_price_hour_rel_-14_amount: 10.98800
data_price_hour_abs_00_amount: 10.98800
data_price_hour_rel_-13_amount: 10.03000
data_price_hour_abs_01_amount: 10.03000
data_price_hour_rel_-12_amount: 9.35300
data_price_hour_abs_02_amount: 9.35300
data_price_hour_rel_-11_amount: 9.32800
data_price_hour_abs_03_amount: 9.32800
data_price_hour_rel_-10_amount: 9.76200
data_price_hour_abs_04_amount: 9.76200
data_price_hour_rel_-09_amount: 10.73700
data_price_hour_abs_05_amount: 10.73700
data_price_hour_rel_-08_amount: 13.68300
data_price_hour_abs_06_amount: 13.68300
data_price_hour_rel_-07_amount: 15.10600
data_price_hour_abs_07_amount: 15.10600
data_price_hour_rel_-06_amount: 13.35500
data_price_hour_abs_08_amount: 13.35500
data_price_hour_rel_-05_amount: 11.37000
data_price_hour_abs_09_amount: 11.37000
data_price_hour_rel_-04_amount: 9.82400
data_price_hour_abs_10_amount: 9.82400
data_price_hour_rel_-03_amount: 8.99500
data_price_hour_abs_11_amount: 8.99500
data_price_hour_rel_-02_amount: 8.61300
data_price_hour_abs_12_amount: 8.61300
data_price_hour_rel_-01_amount: 8.02000
data_price_hour_abs_13_amount: 8.02000
data_price_hour_rel_+00_amount: 7.90800
data_price_hour_abs_14_amount: 7.90800
data_price_hour_rel_+01_amount: 8.19800
data_price_hour_abs_15_amount: 8.19800
data_price_hour_rel_+02_amount: 8.63500
data_price_hour_abs_16_amount: 8.63500
data_price_hour_rel_+03_amount: 10.19600
data_price_hour_abs_17_amount: 10.19600
data_price_hour_rel_+04_amount: 11.99900
data_price_hour_abs_18_amount: 11.99900
data_price_hour_rel_+05_amount: 15.61100
data_price_hour_abs_19_amount: 15.61100
data_price_hour_rel_+06_amount: 13.72900
data_price_hour_abs_20_amount: 13.72900
data_price_hour_rel_+07_amount: 11.27100
data_price_hour_abs_21_amount: 11.27100
data_price_hour_rel_+08_amount: 9.68300
data_price_hour_abs_22_amount: 9.68300
data_price_hour_rel_+09_amount: 9.53600
data_price_hour_abs_23_amount: 9.53600