date_now: 2024-04-25 14:17:57
date_now_epoch: 1714047477673
date_now_day: 25
date_now_month: 4
date_now_year: 2024
date_start: 2024-04-25 00:00:00
date_end: 2024-04-25 23:59:59
price_low: 6.64100
price_high: 15.22900
price_median: 8.00050
price_average: 9.06271
price_current: 6.64100
price_unit: Cent/kWh
price_threshold_00: 6.64100
price_threshold_01: 6.86700
price_threshold_02: 6.93200
price_threshold_03: 7.28100
price_threshold_04: 7.39200
price_threshold_05: 7.52400
price_threshold_06: 7.60500
price_threshold_07: 7.73700
price_threshold_08: 7.82000
price_threshold_09: 7.97400
price_threshold_10: 7.98800
price_threshold_11: 8.00000
price_threshold_12: 8.00100
price_threshold_13: 8.35000
price_threshold_14: 8.40200
price_threshold_15: 9.13500
price_threshold_16: 9.21000
price_threshold_17: 9.51700
price_threshold_18: 10.24400
price_threshold_19: 11.27100
price_threshold_20: 11.37100
price_threshold_21: 12.90500
price_threshold_22: 14.10900
price_threshold_23: 15.22900
data_price_hour_rel_-14_amount: 8.35000
data_price_hour_abs_00_amount: 8.35000
data_price_hour_rel_-13_amount: 8.00000
data_price_hour_abs_01_amount: 8.00000
data_price_hour_rel_-12_amount: 7.73700
data_price_hour_abs_02_amount: 7.73700
data_price_hour_rel_-11_amount: 7.60500
data_price_hour_abs_03_amount: 7.60500
data_price_hour_rel_-10_amount: 7.52400
data_price_hour_abs_04_amount: 7.52400
data_price_hour_rel_-09_amount: 8.40200
data_price_hour_abs_05_amount: 8.40200
data_price_hour_rel_-08_amount: 10.24400
data_price_hour_abs_06_amount: 10.24400
data_price_hour_rel_-07_amount: 12.90500
data_price_hour_abs_07_amount: 12.90500
data_price_hour_rel_-06_amount: 11.27100
data_price_hour_abs_08_amount: 11.27100
data_price_hour_rel_-05_amount: 9.21000
data_price_hour_abs_09_amount: 9.21000
data_price_hour_rel_-04_amount: 8.00100
data_price_hour_abs_10_amount: 8.00100
data_price_hour_rel_-03_amount: 7.82000
data_price_hour_abs_11_amount: 7.82000
data_price_hour_rel_-02_amount: 7.39200
data_price_hour_abs_12_amount: 7.39200
data_price_hour_rel_-01_amount: 6.86700
data_price_hour_abs_13_amount: 6.86700
data_price_hour_rel_+00_amount: 6.64100
data_price_hour_abs_14_amount: 6.64100
data_price_hour_rel_+01_amount: 6.93200
data_price_hour_abs_15_amount: 6.93200
data_price_hour_rel_+02_amount: 7.28100
data_price_hour_abs_16_amount: 7.28100
data_price_hour_rel_+03_amount: 7.98800
data_price_hour_abs_17_amount: 7.98800
data_price_hour_rel_+04_amount: 9.51700
data_price_hour_abs_18_amount: 9.51700
data_price_hour_rel_+05_amount: 14.10900
data_price_hour_abs_19_amount: 14.10900
data_price_hour_rel_+06_amount: 15.22900
data_price_hour_abs_20_amount: 15.22900
data_price_hour_rel_+07_amount: 11.37100
data_price_hour_abs_21_amount: 11.37100
data_price_hour_rel_+08_amount: 9.13500
data_price_hour_abs_22_amount: 9.13500
data_price_hour_rel_+09_amount: 7.97400
data_price_hour_abs_23_amount: 7.97400