date_now: 2024-03-12 13:19:47
date_now_epoch: 1710245987586
date_now_day: 12
date_now_month: 3
date_now_year: 2024
date_start: 2024-03-12 00:00:00
date_end: 2024-03-12 23:59:59
price_low: 6.52000
price_high: 13.49200
price_median: 8.21550
price_average: 8.64708
price_current: 7.82600
price_unit: Cent/kWh
price_threshold_00: 6.52000
price_threshold_01: 6.55600
price_threshold_02: 6.65100
price_threshold_03: 6.65800
price_threshold_04: 6.91900
price_threshold_05: 7.03300
price_threshold_06: 7.13700
price_threshold_07: 7.82600
price_threshold_08: 7.84400
price_threshold_09: 7.89300
price_threshold_10: 7.90200
price_threshold_11: 8.06800
price_threshold_12: 8.36300
price_threshold_13: 8.54200
price_threshold_14: 8.63400
price_threshold_15: 8.70600
price_threshold_16: 9.38100
price_threshold_17: 9.65500
price_threshold_18: 9.74800
price_threshold_19: 10.07800
price_threshold_20: 10.16100
price_threshold_21: 11.30600
price_threshold_22: 12.45700
price_threshold_23: 13.49200
data_price_hour_rel_-13_amount: 6.91900
data_price_hour_abs_00_amount: 6.91900
data_price_hour_rel_-12_amount: 6.55600
data_price_hour_abs_01_amount: 6.55600
data_price_hour_rel_-11_amount: 6.65100
data_price_hour_abs_02_amount: 6.65100
data_price_hour_rel_-10_amount: 6.52000
data_price_hour_abs_03_amount: 6.52000
data_price_hour_rel_-09_amount: 6.65800
data_price_hour_abs_04_amount: 6.65800
data_price_hour_rel_-08_amount: 7.13700
data_price_hour_abs_05_amount: 7.13700
data_price_hour_rel_-07_amount: 8.70600
data_price_hour_abs_06_amount: 8.70600
data_price_hour_rel_-06_amount: 9.65500
data_price_hour_abs_07_amount: 9.65500
data_price_hour_rel_-05_amount: 10.07800
data_price_hour_abs_08_amount: 10.07800
data_price_hour_rel_-04_amount: 9.38100
data_price_hour_abs_09_amount: 9.38100
data_price_hour_rel_-03_amount: 8.54200
data_price_hour_abs_10_amount: 8.54200
data_price_hour_rel_-02_amount: 8.06800
data_price_hour_abs_11_amount: 8.06800
data_price_hour_rel_-01_amount: 7.84400
data_price_hour_abs_12_amount: 7.84400
data_price_hour_rel_+00_amount: 7.82600
data_price_hour_abs_13_amount: 7.82600
data_price_hour_rel_+01_amount: 7.90200
data_price_hour_abs_14_amount: 7.90200
data_price_hour_rel_+02_amount: 8.63400
data_price_hour_abs_15_amount: 8.63400
data_price_hour_rel_+03_amount: 10.16100
data_price_hour_abs_16_amount: 10.16100
data_price_hour_rel_+04_amount: 11.30600
data_price_hour_abs_17_amount: 11.30600
data_price_hour_rel_+05_amount: 13.49200
data_price_hour_abs_18_amount: 13.49200
data_price_hour_rel_+06_amount: 12.45700
data_price_hour_abs_19_amount: 12.45700
data_price_hour_rel_+07_amount: 9.74800
data_price_hour_abs_20_amount: 9.74800
data_price_hour_rel_+08_amount: 8.36300
data_price_hour_abs_21_amount: 8.36300
data_price_hour_rel_+09_amount: 7.89300
data_price_hour_abs_22_amount: 7.89300
data_price_hour_rel_+10_amount: 7.03300
data_price_hour_abs_23_amount: 7.03300