date_now: 2025-09-11 14:31:22
date_now_epoch: 1757593882057
date_now_day: 11
date_now_month: 9
date_now_year: 2025
date_start: 2025-09-11 00:00:00
date_end: 2025-09-11 23:59:59
price_low: -0.07200
price_high: 13.28600
price_median: 7.80900
price_average: 7.21804
price_current: -0.07200
price_unit: Cent/kWh
price_threshold_00: -0.07200
price_threshold_01: -0.00700
price_threshold_02: -0.00100
price_threshold_03: 0.00000
price_threshold_04: 0.82300
price_threshold_05: 0.89600
price_threshold_06: 6.38900
price_threshold_07: 7.06700
price_threshold_08: 7.06700
price_threshold_09: 7.36400
price_threshold_10: 7.58200
price_threshold_11: 7.71300
price_threshold_12: 7.90500
price_threshold_13: 8.48100
price_threshold_14: 8.50000
price_threshold_15: 8.82100
price_threshold_16: 10.20500
price_threshold_17: 11.11800
price_threshold_18: 11.14500
price_threshold_19: 11.85700
price_threshold_20: 12.03600
price_threshold_21: 12.52500
price_threshold_22: 12.53300
price_threshold_23: 13.28600
data_price_hour_rel_-14_amount: 8.82100
data_price_hour_abs_00_amount: 8.82100
data_price_hour_rel_-13_amount: 8.50000
data_price_hour_abs_01_amount: 8.50000
data_price_hour_rel_-12_amount: 7.71300
data_price_hour_abs_02_amount: 7.71300
data_price_hour_rel_-11_amount: 7.06700
data_price_hour_abs_03_amount: 7.06700
data_price_hour_rel_-10_amount: 7.06700
data_price_hour_abs_04_amount: 7.06700
data_price_hour_rel_-09_amount: 7.90500
data_price_hour_abs_05_amount: 7.90500
data_price_hour_rel_-08_amount: 11.11800
data_price_hour_abs_06_amount: 11.11800
data_price_hour_rel_-07_amount: 12.53300
data_price_hour_abs_07_amount: 12.53300
data_price_hour_rel_-06_amount: 12.03600
data_price_hour_abs_08_amount: 12.03600
data_price_hour_rel_-05_amount: 10.20500
data_price_hour_abs_09_amount: 10.20500
data_price_hour_rel_-04_amount: 7.36400
data_price_hour_abs_10_amount: 7.36400
data_price_hour_rel_-03_amount: 0.82300
data_price_hour_abs_11_amount: 0.82300
data_price_hour_rel_-02_amount: -0.00100
data_price_hour_abs_12_amount: -0.00100
data_price_hour_rel_-01_amount: -0.00700
data_price_hour_abs_13_amount: -0.00700
data_price_hour_rel_+00_amount: -0.07200
data_price_hour_abs_14_amount: -0.07200
data_price_hour_rel_+01_amount: 0.00000
data_price_hour_abs_15_amount: 0.00000
data_price_hour_rel_+02_amount: 0.89600
data_price_hour_abs_16_amount: 0.89600
data_price_hour_rel_+03_amount: 7.58200
data_price_hour_abs_17_amount: 7.58200
data_price_hour_rel_+04_amount: 11.85700
data_price_hour_abs_18_amount: 11.85700
data_price_hour_rel_+05_amount: 13.28600
data_price_hour_abs_19_amount: 13.28600
data_price_hour_rel_+06_amount: 12.52500
data_price_hour_abs_20_amount: 12.52500
data_price_hour_rel_+07_amount: 11.14500
data_price_hour_abs_21_amount: 11.14500
data_price_hour_rel_+08_amount: 8.48100
data_price_hour_abs_22_amount: 8.48100
data_price_hour_rel_+09_amount: 6.38900
data_price_hour_abs_23_amount: 6.38900