date_now: 2025-01-13 13:30:07
date_now_epoch: 1736771407909
date_now_day: 13
date_now_month: 1
date_now_year: 2025
date_start: 2025-01-13 00:00:00
date_end: 2025-01-13 23:59:59
price_low: 10.00000
price_high: 22.30900
price_median: 11.79750
price_average: 12.92017
price_current: 10.30400
price_unit: Cent/kWh
price_threshold_00: 10.00000
price_threshold_01: 10.03700
price_threshold_02: 10.23100
price_threshold_03: 10.30400
price_threshold_04: 10.41000
price_threshold_05: 10.44600
price_threshold_06: 10.46700
price_threshold_07: 10.50700
price_threshold_08: 11.01100
price_threshold_09: 11.23900
price_threshold_10: 11.55700
price_threshold_11: 11.57300
price_threshold_12: 12.02200
price_threshold_13: 12.31800
price_threshold_14: 13.82000
price_threshold_15: 13.97300
price_threshold_16: 14.02800
price_threshold_17: 14.16900
price_threshold_18: 14.26200
price_threshold_19: 14.90000
price_threshold_20: 14.90000
price_threshold_21: 17.40900
price_threshold_22: 18.19200
price_threshold_23: 22.30900
data_price_hour_rel_-13_amount: 11.23900
data_price_hour_abs_00_amount: 11.23900
data_price_hour_rel_-12_amount: 10.50700
data_price_hour_abs_01_amount: 10.50700
data_price_hour_rel_-11_amount: 10.44600
data_price_hour_abs_02_amount: 10.44600
data_price_hour_rel_-10_amount: 10.03700
data_price_hour_abs_03_amount: 10.03700
data_price_hour_rel_-09_amount: 10.00000
data_price_hour_abs_04_amount: 10.00000
data_price_hour_rel_-08_amount: 11.01100
data_price_hour_abs_05_amount: 11.01100
data_price_hour_rel_-07_amount: 14.02800
data_price_hour_abs_06_amount: 14.02800
data_price_hour_rel_-06_amount: 18.19200
data_price_hour_abs_07_amount: 18.19200
data_price_hour_rel_-05_amount: 22.30900
data_price_hour_abs_08_amount: 22.30900
data_price_hour_rel_-04_amount: 17.40900
data_price_hour_abs_09_amount: 17.40900
data_price_hour_rel_-03_amount: 14.16900
data_price_hour_abs_10_amount: 14.16900
data_price_hour_rel_-02_amount: 11.57300
data_price_hour_abs_11_amount: 11.57300
data_price_hour_rel_-01_amount: 10.41000
data_price_hour_abs_12_amount: 10.41000
data_price_hour_rel_+00_amount: 10.30400
data_price_hour_abs_13_amount: 10.30400
data_price_hour_rel_+01_amount: 10.46700
data_price_hour_abs_14_amount: 10.46700
data_price_hour_rel_+02_amount: 13.82000
data_price_hour_abs_15_amount: 13.82000
data_price_hour_rel_+03_amount: 14.26200
data_price_hour_abs_16_amount: 14.26200
data_price_hour_rel_+04_amount: 14.90000
data_price_hour_abs_17_amount: 14.90000
data_price_hour_rel_+05_amount: 14.90000
data_price_hour_abs_18_amount: 14.90000
data_price_hour_rel_+06_amount: 13.97300
data_price_hour_abs_19_amount: 13.97300
data_price_hour_rel_+07_amount: 12.31800
data_price_hour_abs_20_amount: 12.31800
data_price_hour_rel_+08_amount: 12.02200
data_price_hour_abs_21_amount: 12.02200
data_price_hour_rel_+09_amount: 11.55700
data_price_hour_abs_22_amount: 11.55700
data_price_hour_rel_+10_amount: 10.23100
data_price_hour_abs_23_amount: 10.23100