date_now: 2025-01-09 13:29:03
date_now_epoch: 1736425743652
date_now_day: 9
date_now_month: 1
date_now_year: 2025
date_start: 2025-01-09 00:00:00
date_end: 2025-01-09 23:59:59
price_low: 8.81900
price_high: 16.48800
price_median: 12.38500
price_average: 12.15313
price_current: 12.11500
price_unit: Cent/kWh
price_threshold_00: 8.81900
price_threshold_01: 9.52200
price_threshold_02: 9.82800
price_threshold_03: 9.87700
price_threshold_04: 10.00000
price_threshold_05: 10.11000
price_threshold_06: 10.14400
price_threshold_07: 10.26500
price_threshold_08: 10.49900
price_threshold_09: 11.92300
price_threshold_10: 12.11500
price_threshold_11: 12.37500
price_threshold_12: 12.39500
price_threshold_13: 12.54400
price_threshold_14: 12.75300
price_threshold_15: 12.81800
price_threshold_16: 13.09100
price_threshold_17: 13.35400
price_threshold_18: 13.47500
price_threshold_19: 14.02100
price_threshold_20: 14.76400
price_threshold_21: 14.88000
price_threshold_22: 15.61500
price_threshold_23: 16.48800
data_price_hour_rel_-13_amount: 10.14400
data_price_hour_abs_00_amount: 10.14400
data_price_hour_rel_-12_amount: 10.00000
data_price_hour_abs_01_amount: 10.00000
data_price_hour_rel_-11_amount: 9.87700
data_price_hour_abs_02_amount: 9.87700
data_price_hour_rel_-10_amount: 9.52200
data_price_hour_abs_03_amount: 9.52200
data_price_hour_rel_-09_amount: 9.82800
data_price_hour_abs_04_amount: 9.82800
data_price_hour_rel_-08_amount: 10.26500
data_price_hour_abs_05_amount: 10.26500
data_price_hour_rel_-07_amount: 13.35400
data_price_hour_abs_06_amount: 13.35400
data_price_hour_rel_-06_amount: 14.88000
data_price_hour_abs_07_amount: 14.88000
data_price_hour_rel_-05_amount: 16.48800
data_price_hour_abs_08_amount: 16.48800
data_price_hour_rel_-04_amount: 15.61500
data_price_hour_abs_09_amount: 15.61500
data_price_hour_rel_-03_amount: 14.76400
data_price_hour_abs_10_amount: 14.76400
data_price_hour_rel_-02_amount: 14.02100
data_price_hour_abs_11_amount: 14.02100
data_price_hour_rel_-01_amount: 12.81800
data_price_hour_abs_12_amount: 12.81800
data_price_hour_rel_+00_amount: 12.11500
data_price_hour_abs_13_amount: 12.11500
data_price_hour_rel_+01_amount: 12.39500
data_price_hour_abs_14_amount: 12.39500
data_price_hour_rel_+02_amount: 12.75300
data_price_hour_abs_15_amount: 12.75300
data_price_hour_rel_+03_amount: 12.37500
data_price_hour_abs_16_amount: 12.37500
data_price_hour_rel_+04_amount: 13.09100
data_price_hour_abs_17_amount: 13.09100
data_price_hour_rel_+05_amount: 13.47500
data_price_hour_abs_18_amount: 13.47500
data_price_hour_rel_+06_amount: 12.54400
data_price_hour_abs_19_amount: 12.54400
data_price_hour_rel_+07_amount: 11.92300
data_price_hour_abs_20_amount: 11.92300
data_price_hour_rel_+08_amount: 10.49900
data_price_hour_abs_21_amount: 10.49900
data_price_hour_rel_+09_amount: 10.11000
data_price_hour_abs_22_amount: 10.11000
data_price_hour_rel_+10_amount: 8.81900
data_price_hour_abs_23_amount: 8.81900