date_now: 2025-11-28 13:35:35
date_now_epoch: 1764333335581
date_now_day: 28
date_now_month: 11
date_now_year: 2025
date_start: 2025-11-28 00:00:00
date_end: 2025-11-28 23:59:59
price_low: 4.78800
price_high: 10.46700
price_median: 9.08900
price_average: 8.50492
price_current: 9.94500
price_unit: Cent/kWh
price_threshold_00: 4.78800
price_threshold_01: 5.29300
price_threshold_02: 5.50000
price_threshold_03: 5.83800
price_threshold_04: 6.08400
price_threshold_05: 6.10400
price_threshold_06: 7.78300
price_threshold_07: 8.28600
price_threshold_08: 8.54100
price_threshold_09: 8.55500
price_threshold_10: 8.78200
price_threshold_11: 8.84600
price_threshold_12: 9.33200
price_threshold_13: 9.61600
price_threshold_14: 9.78500
price_threshold_15: 9.81300
price_threshold_16: 9.87100
price_threshold_17: 9.87900
price_threshold_18: 9.94500
price_threshold_19: 10.04800
price_threshold_20: 10.28200
price_threshold_21: 10.34000
price_threshold_22: 10.34000
price_threshold_23: 10.46700
data_price_hour_rel_-13_amount: 6.08400
data_price_hour_abs_00_amount: 6.08400
data_price_hour_rel_-12_amount: 5.50000
data_price_hour_abs_01_amount: 5.50000
data_price_hour_rel_-11_amount: 5.29300
data_price_hour_abs_02_amount: 5.29300
data_price_hour_rel_-10_amount: 4.78800
data_price_hour_abs_03_amount: 4.78800
data_price_hour_rel_-09_amount: 5.83800
data_price_hour_abs_04_amount: 5.83800
data_price_hour_rel_-08_amount: 6.10400
data_price_hour_abs_05_amount: 6.10400
data_price_hour_rel_-07_amount: 8.28600
data_price_hour_abs_06_amount: 8.28600
data_price_hour_rel_-06_amount: 8.78200
data_price_hour_abs_07_amount: 8.78200
data_price_hour_rel_-05_amount: 10.04800
data_price_hour_abs_08_amount: 10.04800
data_price_hour_rel_-04_amount: 10.34000
data_price_hour_abs_09_amount: 10.34000
data_price_hour_rel_-03_amount: 9.78500
data_price_hour_abs_10_amount: 9.78500
data_price_hour_rel_-02_amount: 10.28200
data_price_hour_abs_11_amount: 10.28200
data_price_hour_rel_-01_amount: 9.87100
data_price_hour_abs_12_amount: 9.87100
data_price_hour_rel_+00_amount: 9.94500
data_price_hour_abs_13_amount: 9.94500
data_price_hour_rel_+01_amount: 9.87900
data_price_hour_abs_14_amount: 9.87900
data_price_hour_rel_+02_amount: 10.46700
data_price_hour_abs_15_amount: 10.46700
data_price_hour_rel_+03_amount: 10.34000
data_price_hour_abs_16_amount: 10.34000
data_price_hour_rel_+04_amount: 9.61600
data_price_hour_abs_17_amount: 9.61600
data_price_hour_rel_+05_amount: 9.81300
data_price_hour_abs_18_amount: 9.81300
data_price_hour_rel_+06_amount: 9.33200
data_price_hour_abs_19_amount: 9.33200
data_price_hour_rel_+07_amount: 8.84600
data_price_hour_abs_20_amount: 8.84600
data_price_hour_rel_+08_amount: 8.54100
data_price_hour_abs_21_amount: 8.54100
data_price_hour_rel_+09_amount: 8.55500
data_price_hour_abs_22_amount: 8.55500
data_price_hour_rel_+10_amount: 7.78300
data_price_hour_abs_23_amount: 7.78300