date_now: 2025-07-26 14:33:29
date_now_epoch: 1753533209672
date_now_day: 26
date_now_month: 7
date_now_year: 2025
date_start: 2025-07-26 00:00:00
date_end: 2025-07-26 23:59:59
price_low: 4.98700
price_high: 12.70700
price_median: 9.62750
price_average: 9.11588
price_current: 5.00900
price_unit: Cent/kWh
price_threshold_00: 4.98700
price_threshold_01: 5.00900
price_threshold_02: 6.64200
price_threshold_03: 6.80700
price_threshold_04: 7.48100
price_threshold_05: 7.52000
price_threshold_06: 7.95900
price_threshold_07: 8.42000
price_threshold_08: 8.58500
price_threshold_09: 8.79600
price_threshold_10: 9.48900
price_threshold_11: 9.61000
price_threshold_12: 9.64500
price_threshold_13: 9.66500
price_threshold_14: 9.71300
price_threshold_15: 9.77300
price_threshold_16: 9.82000
price_threshold_17: 10.07000
price_threshold_18: 10.66000
price_threshold_19: 10.67600
price_threshold_20: 10.88000
price_threshold_21: 11.67200
price_threshold_22: 12.19500
price_threshold_23: 12.70700
data_price_hour_rel_-14_amount: 10.67600
data_price_hour_abs_00_amount: 10.67600
data_price_hour_rel_-13_amount: 10.07000
data_price_hour_abs_01_amount: 10.07000
data_price_hour_rel_-12_amount: 9.77300
data_price_hour_abs_02_amount: 9.77300
data_price_hour_rel_-11_amount: 9.66500
data_price_hour_abs_03_amount: 9.66500
data_price_hour_rel_-10_amount: 9.64500
data_price_hour_abs_04_amount: 9.64500
data_price_hour_rel_-09_amount: 9.48900
data_price_hour_abs_05_amount: 9.48900
data_price_hour_rel_-08_amount: 9.71300
data_price_hour_abs_06_amount: 9.71300
data_price_hour_rel_-07_amount: 9.61000
data_price_hour_abs_07_amount: 9.61000
data_price_hour_rel_-06_amount: 8.79600
data_price_hour_abs_08_amount: 8.79600
data_price_hour_rel_-05_amount: 8.58500
data_price_hour_abs_09_amount: 8.58500
data_price_hour_rel_-04_amount: 7.95900
data_price_hour_abs_10_amount: 7.95900
data_price_hour_rel_-03_amount: 7.52000
data_price_hour_abs_11_amount: 7.52000
data_price_hour_rel_-02_amount: 6.64200
data_price_hour_abs_12_amount: 6.64200
data_price_hour_rel_-01_amount: 4.98700
data_price_hour_abs_13_amount: 4.98700
data_price_hour_rel_+00_amount: 5.00900
data_price_hour_abs_14_amount: 5.00900
data_price_hour_rel_+01_amount: 6.80700
data_price_hour_abs_15_amount: 6.80700
data_price_hour_rel_+02_amount: 7.48100
data_price_hour_abs_16_amount: 7.48100
data_price_hour_rel_+03_amount: 8.42000
data_price_hour_abs_17_amount: 8.42000
data_price_hour_rel_+04_amount: 9.82000
data_price_hour_abs_18_amount: 9.82000
data_price_hour_rel_+05_amount: 10.66000
data_price_hour_abs_19_amount: 10.66000
data_price_hour_rel_+06_amount: 12.19500
data_price_hour_abs_20_amount: 12.19500
data_price_hour_rel_+07_amount: 12.70700
data_price_hour_abs_21_amount: 12.70700
data_price_hour_rel_+08_amount: 11.67200
data_price_hour_abs_22_amount: 11.67200
data_price_hour_rel_+09_amount: 10.88000
data_price_hour_abs_23_amount: 10.88000