date_now: 2025-04-01 14:32:41
date_now_epoch: 1743510761923
date_now_day: 1
date_now_month: 4
date_now_year: 2025
date_start: 2025-04-01 00:00:00
date_end: 2025-04-01 23:59:59
price_low: 1.08900
price_high: 17.99600
price_median: 9.42600
price_average: 9.42192
price_current: 1.08900
price_unit: Cent/kWh
price_threshold_00: 1.08900
price_threshold_01: 1.15700
price_threshold_02: 2.67000
price_threshold_03: 5.31500
price_threshold_04: 6.52300
price_threshold_05: 7.02600
price_threshold_06: 7.94500
price_threshold_07: 8.28000
price_threshold_08: 8.61700
price_threshold_09: 9.14300
price_threshold_10: 9.29100
price_threshold_11: 9.35000
price_threshold_12: 9.50200
price_threshold_13: 9.56400
price_threshold_14: 10.07100
price_threshold_15: 10.15600
price_threshold_16: 10.84700
price_threshold_17: 11.09000
price_threshold_18: 12.23900
price_threshold_19: 12.94600
price_threshold_20: 13.80000
price_threshold_21: 15.57200
price_threshold_22: 15.93700
price_threshold_23: 17.99600
data_price_hour_rel_-14_amount: 10.15600
data_price_hour_abs_00_amount: 10.15600
data_price_hour_rel_-13_amount: 9.50200
data_price_hour_abs_01_amount: 9.50200
data_price_hour_rel_-12_amount: 9.29100
data_price_hour_abs_02_amount: 9.29100
data_price_hour_rel_-11_amount: 9.35000
data_price_hour_abs_03_amount: 9.35000
data_price_hour_rel_-10_amount: 9.14300
data_price_hour_abs_04_amount: 9.14300
data_price_hour_rel_-09_amount: 10.07100
data_price_hour_abs_05_amount: 10.07100
data_price_hour_rel_-08_amount: 12.94600
data_price_hour_abs_06_amount: 12.94600
data_price_hour_rel_-07_amount: 17.99600
data_price_hour_abs_07_amount: 17.99600
data_price_hour_rel_-06_amount: 15.93700
data_price_hour_abs_08_amount: 15.93700
data_price_hour_rel_-05_amount: 10.84700
data_price_hour_abs_09_amount: 10.84700
data_price_hour_rel_-04_amount: 8.61700
data_price_hour_abs_10_amount: 8.61700
data_price_hour_rel_-03_amount: 7.02600
data_price_hour_abs_11_amount: 7.02600
data_price_hour_rel_-02_amount: 5.31500
data_price_hour_abs_12_amount: 5.31500
data_price_hour_rel_-01_amount: 1.15700
data_price_hour_abs_13_amount: 1.15700
data_price_hour_rel_+00_amount: 1.08900
data_price_hour_abs_14_amount: 1.08900
data_price_hour_rel_+01_amount: 2.67000
data_price_hour_abs_15_amount: 2.67000
data_price_hour_rel_+02_amount: 6.52300
data_price_hour_abs_16_amount: 6.52300
data_price_hour_rel_+03_amount: 8.28000
data_price_hour_abs_17_amount: 8.28000
data_price_hour_rel_+04_amount: 12.23900
data_price_hour_abs_18_amount: 12.23900
data_price_hour_rel_+05_amount: 15.57200
data_price_hour_abs_19_amount: 15.57200
data_price_hour_rel_+06_amount: 13.80000
data_price_hour_abs_20_amount: 13.80000
data_price_hour_rel_+07_amount: 11.09000
data_price_hour_abs_21_amount: 11.09000
data_price_hour_rel_+08_amount: 9.56400
data_price_hour_abs_22_amount: 9.56400
data_price_hour_rel_+09_amount: 7.94500
data_price_hour_abs_23_amount: 7.94500