date_now: 2025-10-16 14:35:33
date_now_epoch: 1760618133387
date_now_day: 16
date_now_month: 10
date_now_year: 2025
date_start: 2025-10-16 00:00:00
date_end: 2025-10-16 23:59:59
price_low: 8.14800
price_high: 14.05900
price_median: 9.06350
price_average: 10.00029
price_current: 8.29800
price_unit: Cent/kWh
price_threshold_00: 8.14800
price_threshold_01: 8.29800
price_threshold_02: 8.30300
price_threshold_03: 8.34000
price_threshold_04: 8.50500
price_threshold_05: 8.58100
price_threshold_06: 8.66600
price_threshold_07: 8.80000
price_threshold_08: 8.81700
price_threshold_09: 8.83100
price_threshold_10: 8.83400
price_threshold_11: 8.90300
price_threshold_12: 9.22400
price_threshold_13: 9.33600
price_threshold_14: 9.61900
price_threshold_15: 9.98600
price_threshold_16: 10.22300
price_threshold_17: 11.61200
price_threshold_18: 11.99300
price_threshold_19: 12.09200
price_threshold_20: 12.56000
price_threshold_21: 13.00000
price_threshold_22: 13.27700
price_threshold_23: 14.05900
data_price_hour_rel_-14_amount: 8.81700
data_price_hour_abs_00_amount: 8.81700
data_price_hour_rel_-13_amount: 8.58100
data_price_hour_abs_01_amount: 8.58100
data_price_hour_rel_-12_amount: 8.80000
data_price_hour_abs_02_amount: 8.80000
data_price_hour_rel_-11_amount: 8.66600
data_price_hour_abs_03_amount: 8.66600
data_price_hour_rel_-10_amount: 8.83400
data_price_hour_abs_04_amount: 8.83400
data_price_hour_rel_-09_amount: 8.50500
data_price_hour_abs_05_amount: 8.50500
data_price_hour_rel_-08_amount: 9.61900
data_price_hour_abs_06_amount: 9.61900
data_price_hour_rel_-07_amount: 11.61200
data_price_hour_abs_07_amount: 11.61200
data_price_hour_rel_-06_amount: 13.27700
data_price_hour_abs_08_amount: 13.27700
data_price_hour_rel_-05_amount: 11.99300
data_price_hour_abs_09_amount: 11.99300
data_price_hour_rel_-04_amount: 9.22400
data_price_hour_abs_10_amount: 9.22400
data_price_hour_rel_-03_amount: 8.83100
data_price_hour_abs_11_amount: 8.83100
data_price_hour_rel_-02_amount: 8.34000
data_price_hour_abs_12_amount: 8.34000
data_price_hour_rel_-01_amount: 8.14800
data_price_hour_abs_13_amount: 8.14800
data_price_hour_rel_+00_amount: 8.29800
data_price_hour_abs_14_amount: 8.29800
data_price_hour_rel_+01_amount: 8.30300
data_price_hour_abs_15_amount: 8.30300
data_price_hour_rel_+02_amount: 8.90300
data_price_hour_abs_16_amount: 8.90300
data_price_hour_rel_+03_amount: 12.09200
data_price_hour_abs_17_amount: 12.09200
data_price_hour_rel_+04_amount: 13.00000
data_price_hour_abs_18_amount: 13.00000
data_price_hour_rel_+05_amount: 14.05900
data_price_hour_abs_19_amount: 14.05900
data_price_hour_rel_+06_amount: 12.56000
data_price_hour_abs_20_amount: 12.56000
data_price_hour_rel_+07_amount: 10.22300
data_price_hour_abs_21_amount: 10.22300
data_price_hour_rel_+08_amount: 9.98600
data_price_hour_abs_22_amount: 9.98600
data_price_hour_rel_+09_amount: 9.33600
data_price_hour_abs_23_amount: 9.33600