date_now: 2025-03-10 13:30:58
date_now_epoch: 1741609858205
date_now_day: 10
date_now_month: 3
date_now_year: 2025
date_start: 2025-03-10 00:00:00
date_end: 2025-03-10 23:59:59
price_low: 7.60200
price_high: 17.49200
price_median: 9.84250
price_average: 11.28575
price_current: 7.73200
price_unit: Cent/kWh
price_threshold_00: 7.60200
price_threshold_01: 7.73200
price_threshold_02: 7.78800
price_threshold_03: 8.39100
price_threshold_04: 8.43800
price_threshold_05: 9.46500
price_threshold_06: 9.49200
price_threshold_07: 9.67000
price_threshold_08: 9.68300
price_threshold_09: 9.68700
price_threshold_10: 9.74700
price_threshold_11: 9.79700
price_threshold_12: 9.88800
price_threshold_13: 10.63700
price_threshold_14: 10.68800
price_threshold_15: 12.65900
price_threshold_16: 12.74700
price_threshold_17: 13.39600
price_threshold_18: 14.21400
price_threshold_19: 14.79700
price_threshold_20: 14.84900
price_threshold_21: 15.97500
price_threshold_22: 16.02400
price_threshold_23: 17.49200
data_price_hour_rel_-13_amount: 9.68300
data_price_hour_abs_00_amount: 9.68300
data_price_hour_rel_-12_amount: 9.49200
data_price_hour_abs_01_amount: 9.49200
data_price_hour_rel_-11_amount: 9.67000
data_price_hour_abs_02_amount: 9.67000
data_price_hour_rel_-10_amount: 9.68700
data_price_hour_abs_03_amount: 9.68700
data_price_hour_rel_-09_amount: 9.46500
data_price_hour_abs_04_amount: 9.46500
data_price_hour_rel_-08_amount: 10.63700
data_price_hour_abs_05_amount: 10.63700
data_price_hour_rel_-07_amount: 14.84900
data_price_hour_abs_06_amount: 14.84900
data_price_hour_rel_-06_amount: 15.97500
data_price_hour_abs_07_amount: 15.97500
data_price_hour_rel_-05_amount: 13.39600
data_price_hour_abs_08_amount: 13.39600
data_price_hour_rel_-04_amount: 9.88800
data_price_hour_abs_09_amount: 9.88800
data_price_hour_rel_-03_amount: 8.43800
data_price_hour_abs_10_amount: 8.43800
data_price_hour_rel_-02_amount: 7.78800
data_price_hour_abs_11_amount: 7.78800
data_price_hour_rel_-01_amount: 7.60200
data_price_hour_abs_12_amount: 7.60200
data_price_hour_rel_+00_amount: 7.73200
data_price_hour_abs_13_amount: 7.73200
data_price_hour_rel_+01_amount: 8.39100
data_price_hour_abs_14_amount: 8.39100
data_price_hour_rel_+02_amount: 9.74700
data_price_hour_abs_15_amount: 9.74700
data_price_hour_rel_+03_amount: 12.74700
data_price_hour_abs_16_amount: 12.74700
data_price_hour_rel_+04_amount: 14.79700
data_price_hour_abs_17_amount: 14.79700
data_price_hour_rel_+05_amount: 17.49200
data_price_hour_abs_18_amount: 17.49200
data_price_hour_rel_+06_amount: 16.02400
data_price_hour_abs_19_amount: 16.02400
data_price_hour_rel_+07_amount: 14.21400
data_price_hour_abs_20_amount: 14.21400
data_price_hour_rel_+08_amount: 12.65900
data_price_hour_abs_21_amount: 12.65900
data_price_hour_rel_+09_amount: 10.68800
data_price_hour_abs_22_amount: 10.68800
data_price_hour_rel_+10_amount: 9.79700
data_price_hour_abs_23_amount: 9.79700