date_now: 2025-10-11 14:28:49
date_now_epoch: 1760185729858
date_now_day: 11
date_now_month: 10
date_now_year: 2025
date_start: 2025-10-11 00:00:00
date_end: 2025-10-11 23:59:59
price_low: 4.67700
price_high: 13.01700
price_median: 8.95550
price_average: 9.06929
price_current: 5.10300
price_unit: Cent/kWh
price_threshold_00: 4.67700
price_threshold_01: 5.10300
price_threshold_02: 5.54200
price_threshold_03: 7.40200
price_threshold_04: 7.69400
price_threshold_05: 8.20300
price_threshold_06: 8.24300
price_threshold_07: 8.36500
price_threshold_08: 8.41800
price_threshold_09: 8.47600
price_threshold_10: 8.73900
price_threshold_11: 8.88400
price_threshold_12: 9.02700
price_threshold_13: 9.29600
price_threshold_14: 9.29700
price_threshold_15: 9.51000
price_threshold_16: 9.67500
price_threshold_17: 10.04000
price_threshold_18: 10.69100
price_threshold_19: 11.25500
price_threshold_20: 11.40100
price_threshold_21: 12.06400
price_threshold_22: 12.64400
price_threshold_23: 13.01700
data_price_hour_rel_-14_amount: 9.29700
data_price_hour_abs_00_amount: 9.29700
data_price_hour_rel_-13_amount: 8.88400
data_price_hour_abs_01_amount: 8.88400
data_price_hour_rel_-12_amount: 8.73900
data_price_hour_abs_02_amount: 8.73900
data_price_hour_rel_-11_amount: 8.41800
data_price_hour_abs_03_amount: 8.41800
data_price_hour_rel_-10_amount: 8.20300
data_price_hour_abs_04_amount: 8.20300
data_price_hour_rel_-09_amount: 8.47600
data_price_hour_abs_05_amount: 8.47600
data_price_hour_rel_-08_amount: 9.02700
data_price_hour_abs_06_amount: 9.02700
data_price_hour_rel_-07_amount: 9.67500
data_price_hour_abs_07_amount: 9.67500
data_price_hour_rel_-06_amount: 10.04000
data_price_hour_abs_08_amount: 10.04000
data_price_hour_rel_-05_amount: 9.29600
data_price_hour_abs_09_amount: 9.29600
data_price_hour_rel_-04_amount: 8.24300
data_price_hour_abs_10_amount: 8.24300
data_price_hour_rel_-03_amount: 7.40200
data_price_hour_abs_11_amount: 7.40200
data_price_hour_rel_-02_amount: 5.54200
data_price_hour_abs_12_amount: 5.54200
data_price_hour_rel_-01_amount: 4.67700
data_price_hour_abs_13_amount: 4.67700
data_price_hour_rel_+00_amount: 5.10300
data_price_hour_abs_14_amount: 5.10300
data_price_hour_rel_+01_amount: 7.69400
data_price_hour_abs_15_amount: 7.69400
data_price_hour_rel_+02_amount: 8.36500
data_price_hour_abs_16_amount: 8.36500
data_price_hour_rel_+03_amount: 11.40100
data_price_hour_abs_17_amount: 11.40100
data_price_hour_rel_+04_amount: 12.64400
data_price_hour_abs_18_amount: 12.64400
data_price_hour_rel_+05_amount: 13.01700
data_price_hour_abs_19_amount: 13.01700
data_price_hour_rel_+06_amount: 12.06400
data_price_hour_abs_20_amount: 12.06400
data_price_hour_rel_+07_amount: 11.25500
data_price_hour_abs_21_amount: 11.25500
data_price_hour_rel_+08_amount: 10.69100
data_price_hour_abs_22_amount: 10.69100
data_price_hour_rel_+09_amount: 9.51000
data_price_hour_abs_23_amount: 9.51000