date_now: 2025-05-01 14:31:16
date_now_epoch: 1746102676257
date_now_day: 1
date_now_month: 5
date_now_year: 2025
date_start: 2025-05-01 00:00:00
date_end: 2025-05-01 23:59:59
price_low: -12.99900
price_high: 16.43800
price_median: 8.40500
price_average: 4.49663
price_current: -11.81100
price_unit: Cent/kWh
price_threshold_00: -12.99900
price_threshold_01: -11.81100
price_threshold_02: -8.50100
price_threshold_03: -4.99900
price_threshold_04: -4.01000
price_threshold_05: -0.51700
price_threshold_06: -0.30000
price_threshold_07: 0.00000
price_threshold_08: 4.07700
price_threshold_09: 6.21000
price_threshold_10: 7.80400
price_threshold_11: 8.39400
price_threshold_12: 8.41600
price_threshold_13: 8.71000
price_threshold_14: 9.04600
price_threshold_15: 9.05000
price_threshold_16: 9.06300
price_threshold_17: 9.17800
price_threshold_18: 9.61400
price_threshold_19: 9.75100
price_threshold_20: 10.07300
price_threshold_21: 12.24500
price_threshold_22: 12.98700
price_threshold_23: 16.43800
data_price_hour_rel_-14_amount: 9.75100
data_price_hour_abs_00_amount: 9.75100
data_price_hour_rel_-13_amount: 9.17800
data_price_hour_abs_01_amount: 9.17800
data_price_hour_rel_-12_amount: 9.04600
data_price_hour_abs_02_amount: 9.04600
data_price_hour_rel_-11_amount: 9.06300
data_price_hour_abs_03_amount: 9.06300
data_price_hour_rel_-10_amount: 9.05000
data_price_hour_abs_04_amount: 9.05000
data_price_hour_rel_-09_amount: 8.41600
data_price_hour_abs_05_amount: 8.41600
data_price_hour_rel_-08_amount: 8.39400
data_price_hour_abs_06_amount: 8.39400
data_price_hour_rel_-07_amount: 7.80400
data_price_hour_abs_07_amount: 7.80400
data_price_hour_rel_-06_amount: 6.21000
data_price_hour_abs_08_amount: 6.21000
data_price_hour_rel_-05_amount: 0.00000
data_price_hour_abs_09_amount: 0.00000
data_price_hour_rel_-04_amount: -0.30000
data_price_hour_abs_10_amount: -0.30000
data_price_hour_rel_-03_amount: -4.01000
data_price_hour_abs_11_amount: -4.01000
data_price_hour_rel_-02_amount: -8.50100
data_price_hour_abs_12_amount: -8.50100
data_price_hour_rel_-01_amount: -12.99900
data_price_hour_abs_13_amount: -12.99900
data_price_hour_rel_+00_amount: -11.81100
data_price_hour_abs_14_amount: -11.81100
data_price_hour_rel_+01_amount: -4.99900
data_price_hour_abs_15_amount: -4.99900
data_price_hour_rel_+02_amount: -0.51700
data_price_hour_abs_16_amount: -0.51700
data_price_hour_rel_+03_amount: 4.07700
data_price_hour_abs_17_amount: 4.07700
data_price_hour_rel_+04_amount: 9.61400
data_price_hour_abs_18_amount: 9.61400
data_price_hour_rel_+05_amount: 12.98700
data_price_hour_abs_19_amount: 12.98700
data_price_hour_rel_+06_amount: 16.43800
data_price_hour_abs_20_amount: 16.43800
data_price_hour_rel_+07_amount: 12.24500
data_price_hour_abs_21_amount: 12.24500
data_price_hour_rel_+08_amount: 10.07300
data_price_hour_abs_22_amount: 10.07300
data_price_hour_rel_+09_amount: 8.71000
data_price_hour_abs_23_amount: 8.71000