date_now: 2025-10-17 14:33:52
date_now_epoch: 1760704432234
date_now_day: 17
date_now_month: 10
date_now_year: 2025
date_start: 2025-10-17 00:00:00
date_end: 2025-10-17 23:59:59
price_low: 8.67200
price_high: 14.48400
price_median: 9.70200
price_average: 10.44071
price_current: 8.78100
price_unit: Cent/kWh
price_threshold_00: 8.67200
price_threshold_01: 8.78100
price_threshold_02: 8.81400
price_threshold_03: 8.81500
price_threshold_04: 8.83100
price_threshold_05: 8.84600
price_threshold_06: 8.86400
price_threshold_07: 8.90600
price_threshold_08: 9.05900
price_threshold_09: 9.25000
price_threshold_10: 9.45100
price_threshold_11: 9.50000
price_threshold_12: 9.90400
price_threshold_13: 10.21800
price_threshold_14: 10.40600
price_threshold_15: 10.79100
price_threshold_16: 11.69900
price_threshold_17: 11.71700
price_threshold_18: 11.71800
price_threshold_19: 12.90200
price_threshold_20: 12.93100
price_threshold_21: 12.94900
price_threshold_22: 13.06900
price_threshold_23: 14.48400
data_price_hour_rel_-14_amount: 8.81500
data_price_hour_abs_00_amount: 8.81500
data_price_hour_rel_-13_amount: 8.83100
data_price_hour_abs_01_amount: 8.83100
data_price_hour_rel_-12_amount: 8.90600
data_price_hour_abs_02_amount: 8.90600
data_price_hour_rel_-11_amount: 8.84600
data_price_hour_abs_03_amount: 8.84600
data_price_hour_rel_-10_amount: 9.05900
data_price_hour_abs_04_amount: 9.05900
data_price_hour_rel_-09_amount: 9.45100
data_price_hour_abs_05_amount: 9.45100
data_price_hour_rel_-08_amount: 10.79100
data_price_hour_abs_06_amount: 10.79100
data_price_hour_rel_-07_amount: 12.94900
data_price_hour_abs_07_amount: 12.94900
data_price_hour_rel_-06_amount: 14.48400
data_price_hour_abs_08_amount: 14.48400
data_price_hour_rel_-05_amount: 12.90200
data_price_hour_abs_09_amount: 12.90200
data_price_hour_rel_-04_amount: 11.71800
data_price_hour_abs_10_amount: 11.71800
data_price_hour_rel_-03_amount: 9.90400
data_price_hour_abs_11_amount: 9.90400
data_price_hour_rel_-02_amount: 8.81400
data_price_hour_abs_12_amount: 8.81400
data_price_hour_rel_-01_amount: 8.67200
data_price_hour_abs_13_amount: 8.67200
data_price_hour_rel_+00_amount: 8.78100
data_price_hour_abs_14_amount: 8.78100
data_price_hour_rel_+01_amount: 8.86400
data_price_hour_abs_15_amount: 8.86400
data_price_hour_rel_+02_amount: 9.50000
data_price_hour_abs_16_amount: 9.50000
data_price_hour_rel_+03_amount: 11.71700
data_price_hour_abs_17_amount: 11.71700
data_price_hour_rel_+04_amount: 12.93100
data_price_hour_abs_18_amount: 12.93100
data_price_hour_rel_+05_amount: 13.06900
data_price_hour_abs_19_amount: 13.06900
data_price_hour_rel_+06_amount: 11.69900
data_price_hour_abs_20_amount: 11.69900
data_price_hour_rel_+07_amount: 10.40600
data_price_hour_abs_21_amount: 10.40600
data_price_hour_rel_+08_amount: 10.21800
data_price_hour_abs_22_amount: 10.21800
data_price_hour_rel_+09_amount: 9.25000
data_price_hour_abs_23_amount: 9.25000