date_now: 2025-05-23 14:32:47
date_now_epoch: 1748003567875
date_now_day: 23
date_now_month: 5
date_now_year: 2025
date_start: 2025-05-23 00:00:00
date_end: 2025-05-23 23:59:59
price_low: 0.00000
price_high: 13.92900
price_median: 9.31200
price_average: 8.25708
price_current: 0.00000
price_unit: Cent/kWh
price_threshold_00: 0.00000
price_threshold_01: 0.00000
price_threshold_02: 0.06200
price_threshold_03: 1.34400
price_threshold_04: 2.53300
price_threshold_05: 5.40500
price_threshold_06: 7.00000
price_threshold_07: 7.19100
price_threshold_08: 8.59000
price_threshold_09: 8.65600
price_threshold_10: 8.71200
price_threshold_11: 9.30800
price_threshold_12: 9.31600
price_threshold_13: 9.76000
price_threshold_14: 10.11000
price_threshold_15: 10.68200
price_threshold_16: 10.80000
price_threshold_17: 11.43600
price_threshold_18: 11.46700
price_threshold_19: 12.69300
price_threshold_20: 12.84900
price_threshold_21: 13.04700
price_threshold_22: 13.28000
price_threshold_23: 13.92900
data_price_hour_rel_-14_amount: 10.11000
data_price_hour_abs_00_amount: 10.11000
data_price_hour_rel_-13_amount: 9.31600
data_price_hour_abs_01_amount: 9.31600
data_price_hour_rel_-12_amount: 8.71200
data_price_hour_abs_02_amount: 8.71200
data_price_hour_rel_-11_amount: 8.65600
data_price_hour_abs_03_amount: 8.65600
data_price_hour_rel_-10_amount: 9.30800
data_price_hour_abs_04_amount: 9.30800
data_price_hour_rel_-09_amount: 10.68200
data_price_hour_abs_05_amount: 10.68200
data_price_hour_rel_-08_amount: 12.84900
data_price_hour_abs_06_amount: 12.84900
data_price_hour_rel_-07_amount: 13.28000
data_price_hour_abs_07_amount: 13.28000
data_price_hour_rel_-06_amount: 11.46700
data_price_hour_abs_08_amount: 11.46700
data_price_hour_rel_-05_amount: 8.59000
data_price_hour_abs_09_amount: 8.59000
data_price_hour_rel_-04_amount: 7.00000
data_price_hour_abs_10_amount: 7.00000
data_price_hour_rel_-03_amount: 5.40500
data_price_hour_abs_11_amount: 5.40500
data_price_hour_rel_-02_amount: 1.34400
data_price_hour_abs_12_amount: 1.34400
data_price_hour_rel_-01_amount: 0.06200
data_price_hour_abs_13_amount: 0.06200
data_price_hour_rel_+00_amount: 0.00000
data_price_hour_abs_14_amount: 0.00000
data_price_hour_rel_+01_amount: 0.00000
data_price_hour_abs_15_amount: 0.00000
data_price_hour_rel_+02_amount: 2.53300
data_price_hour_abs_16_amount: 2.53300
data_price_hour_rel_+03_amount: 7.19100
data_price_hour_abs_17_amount: 7.19100
data_price_hour_rel_+04_amount: 9.76000
data_price_hour_abs_18_amount: 9.76000
data_price_hour_rel_+05_amount: 11.43600
data_price_hour_abs_19_amount: 11.43600
data_price_hour_rel_+06_amount: 13.04700
data_price_hour_abs_20_amount: 13.04700
data_price_hour_rel_+07_amount: 13.92900
data_price_hour_abs_21_amount: 13.92900
data_price_hour_rel_+08_amount: 12.69300
data_price_hour_abs_22_amount: 12.69300
data_price_hour_rel_+09_amount: 10.80000
data_price_hour_abs_23_amount: 10.80000