date_now: 2025-10-25 14:30:04
date_now_epoch: 1761395404032
date_now_day: 25
date_now_month: 10
date_now_year: 2025
date_start: 2025-10-25 00:00:00
date_end: 2025-10-25 23:59:59
price_low: -0.00100
price_high: 6.12700
price_median: 0.45700
price_average: 1.12221
price_current: 0.40300
price_unit: Cent/kWh
price_threshold_00: -0.00100
price_threshold_01: 0.00000
price_threshold_02: 0.01700
price_threshold_03: 0.05200
price_threshold_04: 0.09300
price_threshold_05: 0.09900
price_threshold_06: 0.13200
price_threshold_07: 0.35300
price_threshold_08: 0.39500
price_threshold_09: 0.40000
price_threshold_10: 0.40300
price_threshold_11: 0.43700
price_threshold_12: 0.47700
price_threshold_13: 0.55600
price_threshold_14: 0.61000
price_threshold_15: 0.67300
price_threshold_16: 0.75800
price_threshold_17: 0.81700
price_threshold_18: 1.41100
price_threshold_19: 1.66800
price_threshold_20: 2.53100
price_threshold_21: 3.40000
price_threshold_22: 5.52500
price_threshold_23: 6.12700
data_price_hour_rel_-14_amount: 0.35300
data_price_hour_abs_00_amount: 0.35300
data_price_hour_rel_-13_amount: 0.13200
data_price_hour_abs_01_amount: 0.13200
data_price_hour_rel_-12_amount: 0.09300
data_price_hour_abs_02_amount: 0.09300
data_price_hour_rel_-11_amount: 0.00000
data_price_hour_abs_03_amount: 0.00000
data_price_hour_rel_-10_amount: -0.00100
data_price_hour_abs_04_amount: -0.00100
data_price_hour_rel_-09_amount: 0.01700
data_price_hour_abs_05_amount: 0.01700
data_price_hour_rel_-08_amount: 0.05200
data_price_hour_abs_06_amount: 0.05200
data_price_hour_rel_-07_amount: 0.09900
data_price_hour_abs_07_amount: 0.09900
data_price_hour_rel_-06_amount: 0.40000
data_price_hour_abs_08_amount: 0.40000
data_price_hour_rel_-05_amount: 0.75800
data_price_hour_abs_09_amount: 0.75800
data_price_hour_rel_-04_amount: 0.67300
data_price_hour_abs_10_amount: 0.67300
data_price_hour_rel_-03_amount: 0.47700
data_price_hour_abs_11_amount: 0.47700
data_price_hour_rel_-02_amount: 0.61000
data_price_hour_abs_12_amount: 0.61000
data_price_hour_rel_-01_amount: 0.43700
data_price_hour_abs_13_amount: 0.43700
data_price_hour_rel_+00_amount: 0.40300
data_price_hour_abs_14_amount: 0.40300
data_price_hour_rel_+01_amount: 0.39500
data_price_hour_abs_15_amount: 0.39500
data_price_hour_rel_+02_amount: 0.55600
data_price_hour_abs_16_amount: 0.55600
data_price_hour_rel_+03_amount: 2.53100
data_price_hour_abs_17_amount: 2.53100
data_price_hour_rel_+04_amount: 5.52500
data_price_hour_abs_18_amount: 5.52500
data_price_hour_rel_+05_amount: 6.12700
data_price_hour_abs_19_amount: 6.12700
data_price_hour_rel_+06_amount: 3.40000
data_price_hour_abs_20_amount: 3.40000
data_price_hour_rel_+07_amount: 1.41100
data_price_hour_abs_21_amount: 1.41100
data_price_hour_rel_+08_amount: 1.66800
data_price_hour_abs_22_amount: 1.66800
data_price_hour_rel_+09_amount: 0.81700
data_price_hour_abs_23_amount: 0.81700