date_now: 2025-11-23 13:30:02
date_now_epoch: 1763901002447
date_now_day: 23
date_now_month: 11
date_now_year: 2025
date_start: 2025-11-23 00:00:00
date_end: 2025-11-23 23:59:59
price_low: 6.08900
price_high: 8.38000
price_median: 6.99350
price_average: 7.14267
price_current: 6.54600
price_unit: Cent/kWh
price_threshold_00: 6.08900
price_threshold_01: 6.20300
price_threshold_02: 6.32300
price_threshold_03: 6.42100
price_threshold_04: 6.54600
price_threshold_05: 6.59600
price_threshold_06: 6.59900
price_threshold_07: 6.66900
price_threshold_08: 6.78300
price_threshold_09: 6.78600
price_threshold_10: 6.79800
price_threshold_11: 6.94300
price_threshold_12: 7.04400
price_threshold_13: 7.12600
price_threshold_14: 7.41600
price_threshold_15: 7.43500
price_threshold_16: 7.51700
price_threshold_17: 7.72900
price_threshold_18: 7.74100
price_threshold_19: 7.78900
price_threshold_20: 8.08400
price_threshold_21: 8.15300
price_threshold_22: 8.25400
price_threshold_23: 8.38000
data_price_hour_rel_-13_amount: 8.15300
data_price_hour_abs_00_amount: 8.15300
data_price_hour_rel_-12_amount: 7.43500
data_price_hour_abs_01_amount: 7.43500
data_price_hour_rel_-11_amount: 7.04400
data_price_hour_abs_02_amount: 7.04400
data_price_hour_rel_-10_amount: 6.32300
data_price_hour_abs_03_amount: 6.32300
data_price_hour_rel_-09_amount: 6.08900
data_price_hour_abs_04_amount: 6.08900
data_price_hour_rel_-08_amount: 6.42100
data_price_hour_abs_05_amount: 6.42100
data_price_hour_rel_-07_amount: 6.20300
data_price_hour_abs_06_amount: 6.20300
data_price_hour_rel_-06_amount: 6.79800
data_price_hour_abs_07_amount: 6.79800
data_price_hour_rel_-05_amount: 6.78300
data_price_hour_abs_08_amount: 6.78300
data_price_hour_rel_-04_amount: 6.59600
data_price_hour_abs_09_amount: 6.59600
data_price_hour_rel_-03_amount: 6.59900
data_price_hour_abs_10_amount: 6.59900
data_price_hour_rel_-02_amount: 6.66900
data_price_hour_abs_11_amount: 6.66900
data_price_hour_rel_-01_amount: 6.78600
data_price_hour_abs_12_amount: 6.78600
data_price_hour_rel_+00_amount: 6.54600
data_price_hour_abs_13_amount: 6.54600
data_price_hour_rel_+01_amount: 6.94300
data_price_hour_abs_14_amount: 6.94300
data_price_hour_rel_+02_amount: 7.72900
data_price_hour_abs_15_amount: 7.72900
data_price_hour_rel_+03_amount: 7.78900
data_price_hour_abs_16_amount: 7.78900
data_price_hour_rel_+04_amount: 8.08400
data_price_hour_abs_17_amount: 8.08400
data_price_hour_rel_+05_amount: 8.25400
data_price_hour_abs_18_amount: 8.25400
data_price_hour_rel_+06_amount: 8.38000
data_price_hour_abs_19_amount: 8.38000
data_price_hour_rel_+07_amount: 7.74100
data_price_hour_abs_20_amount: 7.74100
data_price_hour_rel_+08_amount: 7.41600
data_price_hour_abs_21_amount: 7.41600
data_price_hour_rel_+09_amount: 7.51700
data_price_hour_abs_22_amount: 7.51700
data_price_hour_rel_+10_amount: 7.12600
data_price_hour_abs_23_amount: 7.12600