date_now: 2025-01-24 13:27:35
date_now_epoch: 1737721655449
date_now_day: 24
date_now_month: 1
date_now_year: 2025
date_start: 2025-01-24 00:00:00
date_end: 2025-01-24 23:59:59
price_low: 4.06000
price_high: 11.62300
price_median: 7.96150
price_average: 7.88996
price_current: 7.46900
price_unit: Cent/kWh
price_threshold_00: 4.06000
price_threshold_01: 4.50500
price_threshold_02: 5.01700
price_threshold_03: 5.81600
price_threshold_04: 6.90300
price_threshold_05: 7.32000
price_threshold_06: 7.45100
price_threshold_07: 7.45100
price_threshold_08: 7.46900
price_threshold_09: 7.52500
price_threshold_10: 7.64800
price_threshold_11: 7.84400
price_threshold_12: 8.07900
price_threshold_13: 8.30200
price_threshold_14: 8.49900
price_threshold_15: 8.54400
price_threshold_16: 8.62900
price_threshold_17: 8.85900
price_threshold_18: 8.89000
price_threshold_19: 9.17800
price_threshold_20: 9.19700
price_threshold_21: 9.63400
price_threshold_22: 10.91600
price_threshold_23: 11.62300
data_price_hour_rel_-13_amount: 6.90300
data_price_hour_abs_00_amount: 6.90300
data_price_hour_rel_-12_amount: 5.81600
data_price_hour_abs_01_amount: 5.81600
data_price_hour_rel_-11_amount: 4.50500
data_price_hour_abs_02_amount: 4.50500
data_price_hour_rel_-10_amount: 4.06000
data_price_hour_abs_03_amount: 4.06000
data_price_hour_rel_-09_amount: 5.01700
data_price_hour_abs_04_amount: 5.01700
data_price_hour_rel_-08_amount: 7.32000
data_price_hour_abs_05_amount: 7.32000
data_price_hour_rel_-07_amount: 8.54400
data_price_hour_abs_06_amount: 8.54400
data_price_hour_rel_-06_amount: 10.91600
data_price_hour_abs_07_amount: 10.91600
data_price_hour_rel_-05_amount: 11.62300
data_price_hour_abs_08_amount: 11.62300
data_price_hour_rel_-04_amount: 9.63400
data_price_hour_abs_09_amount: 9.63400
data_price_hour_rel_-03_amount: 8.89000
data_price_hour_abs_10_amount: 8.89000
data_price_hour_rel_-02_amount: 7.84400
data_price_hour_abs_11_amount: 7.84400
data_price_hour_rel_-01_amount: 7.64800
data_price_hour_abs_12_amount: 7.64800
data_price_hour_rel_+00_amount: 7.46900
data_price_hour_abs_13_amount: 7.46900
data_price_hour_rel_+01_amount: 7.45100
data_price_hour_abs_14_amount: 7.45100
data_price_hour_rel_+02_amount: 7.45100
data_price_hour_abs_15_amount: 7.45100
data_price_hour_rel_+03_amount: 7.52500
data_price_hour_abs_16_amount: 7.52500
data_price_hour_rel_+04_amount: 8.30200
data_price_hour_abs_17_amount: 8.30200
data_price_hour_rel_+05_amount: 8.85900
data_price_hour_abs_18_amount: 8.85900
data_price_hour_rel_+06_amount: 9.17800
data_price_hour_abs_19_amount: 9.17800
data_price_hour_rel_+07_amount: 8.49900
data_price_hour_abs_20_amount: 8.49900
data_price_hour_rel_+08_amount: 8.07900
data_price_hour_abs_21_amount: 8.07900
data_price_hour_rel_+09_amount: 9.19700
data_price_hour_abs_22_amount: 9.19700
data_price_hour_rel_+10_amount: 8.62900
data_price_hour_abs_23_amount: 8.62900