date_now: 2025-11-07 13:34:13
date_now_epoch: 1762518853852
date_now_day: 7
date_now_month: 11
date_now_year: 2025
date_start: 2025-11-07 00:00:00
date_end: 2025-11-07 23:59:59
price_low: 8.88000
price_high: 17.85400
price_median: 10.06900
price_average: 11.08046
price_current: 9.20500
price_unit: Cent/kWh
price_threshold_00: 8.88000
price_threshold_01: 8.88200
price_threshold_02: 8.96000
price_threshold_03: 8.96100
price_threshold_04: 8.99900
price_threshold_05: 9.01800
price_threshold_06: 9.04100
price_threshold_07: 9.20500
price_threshold_08: 9.20500
price_threshold_09: 9.33800
price_threshold_10: 9.42100
price_threshold_11: 9.82800
price_threshold_12: 10.31000
price_threshold_13: 10.66500
price_threshold_14: 10.81100
price_threshold_15: 11.22700
price_threshold_16: 11.94300
price_threshold_17: 12.80500
price_threshold_18: 12.96200
price_threshold_19: 13.14800
price_threshold_20: 13.38800
price_threshold_21: 14.56800
price_threshold_22: 16.51200
price_threshold_23: 17.85400
data_price_hour_rel_-13_amount: 9.01800
data_price_hour_abs_00_amount: 9.01800
data_price_hour_rel_-12_amount: 8.88200
data_price_hour_abs_01_amount: 8.88200
data_price_hour_rel_-11_amount: 8.96000
data_price_hour_abs_02_amount: 8.96000
data_price_hour_rel_-10_amount: 8.96100
data_price_hour_abs_03_amount: 8.96100
data_price_hour_rel_-09_amount: 9.04100
data_price_hour_abs_04_amount: 9.04100
data_price_hour_rel_-08_amount: 9.42100
data_price_hour_abs_05_amount: 9.42100
data_price_hour_rel_-07_amount: 11.22700
data_price_hour_abs_06_amount: 11.22700
data_price_hour_rel_-06_amount: 13.38800
data_price_hour_abs_07_amount: 13.38800
data_price_hour_rel_-05_amount: 12.80500
data_price_hour_abs_08_amount: 12.80500
data_price_hour_rel_-04_amount: 10.81100
data_price_hour_abs_09_amount: 10.81100
data_price_hour_rel_-03_amount: 9.33800
data_price_hour_abs_10_amount: 9.33800
data_price_hour_rel_-02_amount: 8.99900
data_price_hour_abs_11_amount: 8.99900
data_price_hour_rel_-01_amount: 8.88000
data_price_hour_abs_12_amount: 8.88000
data_price_hour_rel_+00_amount: 9.20500
data_price_hour_abs_13_amount: 9.20500
data_price_hour_rel_+01_amount: 10.31000
data_price_hour_abs_14_amount: 10.31000
data_price_hour_rel_+02_amount: 12.96200
data_price_hour_abs_15_amount: 12.96200
data_price_hour_rel_+03_amount: 16.51200
data_price_hour_abs_16_amount: 16.51200
data_price_hour_rel_+04_amount: 17.85400
data_price_hour_abs_17_amount: 17.85400
data_price_hour_rel_+05_amount: 14.56800
data_price_hour_abs_18_amount: 14.56800
data_price_hour_rel_+06_amount: 13.14800
data_price_hour_abs_19_amount: 13.14800
data_price_hour_rel_+07_amount: 11.94300
data_price_hour_abs_20_amount: 11.94300
data_price_hour_rel_+08_amount: 10.66500
data_price_hour_abs_21_amount: 10.66500
data_price_hour_rel_+09_amount: 9.82800
data_price_hour_abs_22_amount: 9.82800
data_price_hour_rel_+10_amount: 9.20500
data_price_hour_abs_23_amount: 9.20500