date_now: 2025-11-26 13:37:10
date_now_epoch: 1764160630901
date_now_day: 26
date_now_month: 11
date_now_year: 2025
date_start: 2025-11-26 00:00:00
date_end: 2025-11-26 23:59:59
price_low: 8.83300
price_high: 29.46100
price_median: 16.64600
price_average: 16.15187
price_current: 16.82400
price_unit: Cent/kWh
price_threshold_00: 8.83300
price_threshold_01: 8.94400
price_threshold_02: 8.98000
price_threshold_03: 8.99500
price_threshold_04: 9.01900
price_threshold_05: 9.28600
price_threshold_06: 9.72500
price_threshold_07: 10.19900
price_threshold_08: 11.49500
price_threshold_09: 12.98200
price_threshold_10: 14.12600
price_threshold_11: 16.46800
price_threshold_12: 16.82400
price_threshold_13: 17.05000
price_threshold_14: 18.36800
price_threshold_15: 18.44900
price_threshold_16: 19.11700
price_threshold_17: 19.71400
price_threshold_18: 21.18500
price_threshold_19: 22.37200
price_threshold_20: 22.89300
price_threshold_21: 23.72200
price_threshold_22: 29.43800
price_threshold_23: 29.46100
data_price_hour_rel_-13_amount: 9.28600
data_price_hour_abs_00_amount: 9.28600
data_price_hour_rel_-12_amount: 8.99500
data_price_hour_abs_01_amount: 8.99500
data_price_hour_rel_-11_amount: 8.83300
data_price_hour_abs_02_amount: 8.83300
data_price_hour_rel_-10_amount: 8.94400
data_price_hour_abs_03_amount: 8.94400
data_price_hour_rel_-09_amount: 8.98000
data_price_hour_abs_04_amount: 8.98000
data_price_hour_rel_-08_amount: 9.72500
data_price_hour_abs_05_amount: 9.72500
data_price_hour_rel_-07_amount: 12.98200
data_price_hour_abs_06_amount: 12.98200
data_price_hour_rel_-06_amount: 19.11700
data_price_hour_abs_07_amount: 19.11700
data_price_hour_rel_-05_amount: 23.72200
data_price_hour_abs_08_amount: 23.72200
data_price_hour_rel_-04_amount: 21.18500
data_price_hour_abs_09_amount: 21.18500
data_price_hour_rel_-03_amount: 19.71400
data_price_hour_abs_10_amount: 19.71400
data_price_hour_rel_-02_amount: 17.05000
data_price_hour_abs_11_amount: 17.05000
data_price_hour_rel_-01_amount: 16.46800
data_price_hour_abs_12_amount: 16.46800
data_price_hour_rel_+00_amount: 16.82400
data_price_hour_abs_13_amount: 16.82400
data_price_hour_rel_+01_amount: 18.44900
data_price_hour_abs_14_amount: 18.44900
data_price_hour_rel_+02_amount: 22.37200
data_price_hour_abs_15_amount: 22.37200
data_price_hour_rel_+03_amount: 29.43800
data_price_hour_abs_16_amount: 29.43800
data_price_hour_rel_+04_amount: 29.46100
data_price_hour_abs_17_amount: 29.46100
data_price_hour_rel_+05_amount: 22.89300
data_price_hour_abs_18_amount: 22.89300
data_price_hour_rel_+06_amount: 18.36800
data_price_hour_abs_19_amount: 18.36800
data_price_hour_rel_+07_amount: 14.12600
data_price_hour_abs_20_amount: 14.12600
data_price_hour_rel_+08_amount: 11.49500
data_price_hour_abs_21_amount: 11.49500
data_price_hour_rel_+09_amount: 10.19900
data_price_hour_abs_22_amount: 10.19900
data_price_hour_rel_+10_amount: 9.01900
data_price_hour_abs_23_amount: 9.01900