date_now: 2025-06-07 14:30:40
date_now_epoch: 1749299440271
date_now_day: 7
date_now_month: 6
date_now_year: 2025
date_start: 2025-06-07 00:00:00
date_end: 2025-06-07 23:59:59
price_low: -0.08700
price_high: 11.02600
price_median: 7.99750
price_average: 5.97154
price_current: -0.00200
price_unit: Cent/kWh
price_threshold_00: -0.08700
price_threshold_01: -0.00200
price_threshold_02: -0.00200
price_threshold_03: -0.00100
price_threshold_04: 0.11900
price_threshold_05: 0.94400
price_threshold_06: 2.69100
price_threshold_07: 3.05300
price_threshold_08: 6.53000
price_threshold_09: 7.01000
price_threshold_10: 7.80200
price_threshold_11: 7.98600
price_threshold_12: 8.00900
price_threshold_13: 8.18900
price_threshold_14: 8.19900
price_threshold_15: 8.22700
price_threshold_16: 8.35000
price_threshold_17: 8.50100
price_threshold_18: 8.54700
price_threshold_19: 8.67400
price_threshold_20: 8.76100
price_threshold_21: 9.80100
price_threshold_22: 10.99000
price_threshold_23: 11.02600
data_price_hour_rel_-14_amount: 8.76100
data_price_hour_abs_00_amount: 8.76100
data_price_hour_rel_-13_amount: 8.35000
data_price_hour_abs_01_amount: 8.35000
data_price_hour_rel_-12_amount: 7.80200
data_price_hour_abs_02_amount: 7.80200
data_price_hour_rel_-11_amount: 8.18900
data_price_hour_abs_03_amount: 8.18900
data_price_hour_rel_-10_amount: 8.22700
data_price_hour_abs_04_amount: 8.22700
data_price_hour_rel_-09_amount: 8.19900
data_price_hour_abs_05_amount: 8.19900
data_price_hour_rel_-08_amount: 8.54700
data_price_hour_abs_06_amount: 8.54700
data_price_hour_rel_-07_amount: 8.67400
data_price_hour_abs_07_amount: 8.67400
data_price_hour_rel_-06_amount: 7.98600
data_price_hour_abs_08_amount: 7.98600
data_price_hour_rel_-05_amount: 6.53000
data_price_hour_abs_09_amount: 6.53000
data_price_hour_rel_-04_amount: 3.05300
data_price_hour_abs_10_amount: 3.05300
data_price_hour_rel_-03_amount: 0.94400
data_price_hour_abs_11_amount: 0.94400
data_price_hour_rel_-02_amount: 0.11900
data_price_hour_abs_12_amount: 0.11900
data_price_hour_rel_-01_amount: -0.00100
data_price_hour_abs_13_amount: -0.00100
data_price_hour_rel_+00_amount: -0.00200
data_price_hour_abs_14_amount: -0.00200
data_price_hour_rel_+01_amount: -0.00200
data_price_hour_abs_15_amount: -0.00200
data_price_hour_rel_+02_amount: -0.08700
data_price_hour_abs_16_amount: -0.08700
data_price_hour_rel_+03_amount: 2.69100
data_price_hour_abs_17_amount: 2.69100
data_price_hour_rel_+04_amount: 7.01000
data_price_hour_abs_18_amount: 7.01000
data_price_hour_rel_+05_amount: 8.50100
data_price_hour_abs_19_amount: 8.50100
data_price_hour_rel_+06_amount: 10.99000
data_price_hour_abs_20_amount: 10.99000
data_price_hour_rel_+07_amount: 11.02600
data_price_hour_abs_21_amount: 11.02600
data_price_hour_rel_+08_amount: 9.80100
data_price_hour_abs_22_amount: 9.80100
data_price_hour_rel_+09_amount: 8.00900
data_price_hour_abs_23_amount: 8.00900