date_now: 2025-11-22 13:30:11
date_now_epoch: 1763814611306
date_now_day: 22
date_now_month: 11
date_now_year: 2025
date_start: 2025-11-22 00:00:00
date_end: 2025-11-22 23:59:59
price_low: 7.53700
price_high: 11.44600
price_median: 8.90450
price_average: 9.12488
price_current: 7.53700
price_unit: Cent/kWh
price_threshold_00: 7.53700
price_threshold_01: 7.62800
price_threshold_02: 7.85800
price_threshold_03: 8.16500
price_threshold_04: 8.20100
price_threshold_05: 8.22300
price_threshold_06: 8.52800
price_threshold_07: 8.52800
price_threshold_08: 8.61000
price_threshold_09: 8.66100
price_threshold_10: 8.84400
price_threshold_11: 8.89700
price_threshold_12: 8.91200
price_threshold_13: 8.92500
price_threshold_14: 8.94300
price_threshold_15: 9.05200
price_threshold_16: 9.46000
price_threshold_17: 9.83300
price_threshold_18: 10.22500
price_threshold_19: 10.42100
price_threshold_20: 10.50000
price_threshold_21: 10.67500
price_threshold_22: 10.92500
price_threshold_23: 11.44600
data_price_hour_rel_-13_amount: 10.22500
data_price_hour_abs_00_amount: 10.22500
data_price_hour_rel_-12_amount: 9.46000
data_price_hour_abs_01_amount: 9.46000
data_price_hour_rel_-11_amount: 8.84400
data_price_hour_abs_02_amount: 8.84400
data_price_hour_rel_-10_amount: 8.52800
data_price_hour_abs_03_amount: 8.52800
data_price_hour_rel_-09_amount: 8.61000
data_price_hour_abs_04_amount: 8.61000
data_price_hour_rel_-08_amount: 8.52800
data_price_hour_abs_05_amount: 8.52800
data_price_hour_rel_-07_amount: 9.05200
data_price_hour_abs_06_amount: 9.05200
data_price_hour_rel_-06_amount: 10.67500
data_price_hour_abs_07_amount: 10.67500
data_price_hour_rel_-05_amount: 10.42100
data_price_hour_abs_08_amount: 10.42100
data_price_hour_rel_-04_amount: 8.91200
data_price_hour_abs_09_amount: 8.91200
data_price_hour_rel_-03_amount: 8.20100
data_price_hour_abs_10_amount: 8.20100
data_price_hour_rel_-02_amount: 7.85800
data_price_hour_abs_11_amount: 7.85800
data_price_hour_rel_-01_amount: 7.62800
data_price_hour_abs_12_amount: 7.62800
data_price_hour_rel_+00_amount: 7.53700
data_price_hour_abs_13_amount: 7.53700
data_price_hour_rel_+01_amount: 8.16500
data_price_hour_abs_14_amount: 8.16500
data_price_hour_rel_+02_amount: 8.89700
data_price_hour_abs_15_amount: 8.89700
data_price_hour_rel_+03_amount: 10.50000
data_price_hour_abs_16_amount: 10.50000
data_price_hour_rel_+04_amount: 11.44600
data_price_hour_abs_17_amount: 11.44600
data_price_hour_rel_+05_amount: 10.92500
data_price_hour_abs_18_amount: 10.92500
data_price_hour_rel_+06_amount: 9.83300
data_price_hour_abs_19_amount: 9.83300
data_price_hour_rel_+07_amount: 8.66100
data_price_hour_abs_20_amount: 8.66100
data_price_hour_rel_+08_amount: 8.92500
data_price_hour_abs_21_amount: 8.92500
data_price_hour_rel_+09_amount: 8.94300
data_price_hour_abs_22_amount: 8.94300
data_price_hour_rel_+10_amount: 8.22300
data_price_hour_abs_23_amount: 8.22300