date_now: 2025-07-02 14:34:42
date_now_epoch: 1751459682750
date_now_day: 2
date_now_month: 7
date_now_year: 2025
date_start: 2025-07-02 00:00:00
date_end: 2025-07-02 23:59:59
price_low: 3.25900
price_high: 24.00700
price_median: 9.65850
price_average: 10.38850
price_current: 4.66100
price_unit: Cent/kWh
price_threshold_00: 3.25900
price_threshold_01: 3.61200
price_threshold_02: 4.66100
price_threshold_03: 6.99300
price_threshold_04: 7.14900
price_threshold_05: 7.96000
price_threshold_06: 8.10600
price_threshold_07: 8.92700
price_threshold_08: 9.17100
price_threshold_09: 9.20800
price_threshold_10: 9.25400
price_threshold_11: 9.26200
price_threshold_12: 10.05500
price_threshold_13: 10.27000
price_threshold_14: 10.45200
price_threshold_15: 10.85000
price_threshold_16: 11.04200
price_threshold_17: 11.39900
price_threshold_18: 11.64300
price_threshold_19: 11.92900
price_threshold_20: 13.49300
price_threshold_21: 18.02100
price_threshold_22: 18.60100
price_threshold_23: 24.00700
data_price_hour_rel_-14_amount: 11.92900
data_price_hour_abs_00_amount: 11.92900
data_price_hour_rel_-13_amount: 10.27000
data_price_hour_abs_01_amount: 10.27000
data_price_hour_rel_-12_amount: 9.25400
data_price_hour_abs_02_amount: 9.25400
data_price_hour_rel_-11_amount: 9.20800
data_price_hour_abs_03_amount: 9.20800
data_price_hour_rel_-10_amount: 9.17100
data_price_hour_abs_04_amount: 9.17100
data_price_hour_rel_-09_amount: 10.05500
data_price_hour_abs_05_amount: 10.05500
data_price_hour_rel_-08_amount: 11.64300
data_price_hour_abs_06_amount: 11.64300
data_price_hour_rel_-07_amount: 11.04200
data_price_hour_abs_07_amount: 11.04200
data_price_hour_rel_-06_amount: 10.45200
data_price_hour_abs_08_amount: 10.45200
data_price_hour_rel_-05_amount: 9.26200
data_price_hour_abs_09_amount: 9.26200
data_price_hour_rel_-04_amount: 8.10600
data_price_hour_abs_10_amount: 8.10600
data_price_hour_rel_-03_amount: 6.99300
data_price_hour_abs_11_amount: 6.99300
data_price_hour_rel_-02_amount: 3.61200
data_price_hour_abs_12_amount: 3.61200
data_price_hour_rel_-01_amount: 3.25900
data_price_hour_abs_13_amount: 3.25900
data_price_hour_rel_+00_amount: 4.66100
data_price_hour_abs_14_amount: 4.66100
data_price_hour_rel_+01_amount: 7.14900
data_price_hour_abs_15_amount: 7.14900
data_price_hour_rel_+02_amount: 7.96000
data_price_hour_abs_16_amount: 7.96000
data_price_hour_rel_+03_amount: 8.92700
data_price_hour_abs_17_amount: 8.92700
data_price_hour_rel_+04_amount: 11.39900
data_price_hour_abs_18_amount: 11.39900
data_price_hour_rel_+05_amount: 18.60100
data_price_hour_abs_19_amount: 18.60100
data_price_hour_rel_+06_amount: 24.00700
data_price_hour_abs_20_amount: 24.00700
data_price_hour_rel_+07_amount: 18.02100
data_price_hour_abs_21_amount: 18.02100
data_price_hour_rel_+08_amount: 13.49300
data_price_hour_abs_22_amount: 13.49300
data_price_hour_rel_+09_amount: 10.85000
data_price_hour_abs_23_amount: 10.85000