date_now: 2025-02-14 13:28:19
date_now_epoch: 1739536099132
date_now_day: 14
date_now_month: 2
date_now_year: 2025
date_start: 2025-02-14 00:00:00
date_end: 2025-02-14 23:59:59
price_low: 12.76500
price_high: 29.89100
price_median: 16.29500
price_average: 17.91442
price_current: 14.86100
price_unit: Cent/kWh
price_threshold_00: 12.76500
price_threshold_01: 12.85000
price_threshold_02: 12.95800
price_threshold_03: 13.28000
price_threshold_04: 13.92100
price_threshold_05: 13.95900
price_threshold_06: 14.00300
price_threshold_07: 14.86100
price_threshold_08: 14.98600
price_threshold_09: 15.30000
price_threshold_10: 15.58000
price_threshold_11: 16.28900
price_threshold_12: 16.30100
price_threshold_13: 16.37900
price_threshold_14: 17.50600
price_threshold_15: 18.10300
price_threshold_16: 18.35500
price_threshold_17: 20.00000
price_threshold_18: 21.51100
price_threshold_19: 22.57000
price_threshold_20: 22.70800
price_threshold_21: 26.56400
price_threshold_22: 29.30600
price_threshold_23: 29.89100
data_price_hour_rel_-13_amount: 13.92100
data_price_hour_abs_00_amount: 13.92100
data_price_hour_rel_-12_amount: 13.28000
data_price_hour_abs_01_amount: 13.28000
data_price_hour_rel_-11_amount: 12.85000
data_price_hour_abs_02_amount: 12.85000
data_price_hour_rel_-10_amount: 12.76500
data_price_hour_abs_03_amount: 12.76500
data_price_hour_rel_-09_amount: 12.95800
data_price_hour_abs_04_amount: 12.95800
data_price_hour_rel_-08_amount: 13.95900
data_price_hour_abs_05_amount: 13.95900
data_price_hour_rel_-07_amount: 16.28900
data_price_hour_abs_06_amount: 16.28900
data_price_hour_rel_-06_amount: 22.70800
data_price_hour_abs_07_amount: 22.70800
data_price_hour_rel_-05_amount: 26.56400
data_price_hour_abs_08_amount: 26.56400
data_price_hour_rel_-04_amount: 21.51100
data_price_hour_abs_09_amount: 21.51100
data_price_hour_rel_-03_amount: 18.10300
data_price_hour_abs_10_amount: 18.10300
data_price_hour_rel_-02_amount: 16.30100
data_price_hour_abs_11_amount: 16.30100
data_price_hour_rel_-01_amount: 14.98600
data_price_hour_abs_12_amount: 14.98600
data_price_hour_rel_+00_amount: 14.86100
data_price_hour_abs_13_amount: 14.86100
data_price_hour_rel_+01_amount: 15.58000
data_price_hour_abs_14_amount: 15.58000
data_price_hour_rel_+02_amount: 17.50600
data_price_hour_abs_15_amount: 17.50600
data_price_hour_rel_+03_amount: 20.00000
data_price_hour_abs_16_amount: 20.00000
data_price_hour_rel_+04_amount: 29.89100
data_price_hour_abs_17_amount: 29.89100
data_price_hour_rel_+05_amount: 29.30600
data_price_hour_abs_18_amount: 29.30600
data_price_hour_rel_+06_amount: 22.57000
data_price_hour_abs_19_amount: 22.57000
data_price_hour_rel_+07_amount: 18.35500
data_price_hour_abs_20_amount: 18.35500
data_price_hour_rel_+08_amount: 16.37900
data_price_hour_abs_21_amount: 16.37900
data_price_hour_rel_+09_amount: 15.30000
data_price_hour_abs_22_amount: 15.30000
data_price_hour_rel_+10_amount: 14.00300
data_price_hour_abs_23_amount: 14.00300