date_now: 2025-04-02 14:31:51
date_now_epoch: 1743597111264
date_now_day: 2
date_now_month: 4
date_now_year: 2025
date_start: 2025-04-02 00:00:00
date_end: 2025-04-02 23:59:59
price_low: -2.10200
price_high: 15.03100
price_median: 6.84800
price_average: 6.16154
price_current: -2.10200
price_unit: Cent/kWh
price_threshold_00: -2.10200
price_threshold_01: -2.00600
price_threshold_02: -1.00000
price_threshold_03: -0.49200
price_threshold_04: -0.17300
price_threshold_05: 0.00000
price_threshold_06: 1.53700
price_threshold_07: 4.83800
price_threshold_08: 6.68000
price_threshold_09: 6.69300
price_threshold_10: 6.79700
price_threshold_11: 6.80600
price_threshold_12: 6.89000
price_threshold_13: 7.14300
price_threshold_14: 8.21800
price_threshold_15: 8.26300
price_threshold_16: 8.47400
price_threshold_17: 8.88400
price_threshold_18: 9.60700
price_threshold_19: 11.38400
price_threshold_20: 11.40000
price_threshold_21: 12.47000
price_threshold_22: 12.53500
price_threshold_23: 15.03100
data_price_hour_rel_-14_amount: 6.80600
data_price_hour_abs_00_amount: 6.80600
data_price_hour_rel_-13_amount: 6.69300
data_price_hour_abs_01_amount: 6.69300
data_price_hour_rel_-12_amount: 6.68000
data_price_hour_abs_02_amount: 6.68000
data_price_hour_rel_-11_amount: 6.79700
data_price_hour_abs_03_amount: 6.79700
data_price_hour_rel_-10_amount: 6.89000
data_price_hour_abs_04_amount: 6.89000
data_price_hour_rel_-09_amount: 8.21800
data_price_hour_abs_05_amount: 8.21800
data_price_hour_rel_-08_amount: 11.38400
data_price_hour_abs_06_amount: 11.38400
data_price_hour_rel_-07_amount: 15.03100
data_price_hour_abs_07_amount: 15.03100
data_price_hour_rel_-06_amount: 12.47000
data_price_hour_abs_08_amount: 12.47000
data_price_hour_rel_-05_amount: 8.47400
data_price_hour_abs_09_amount: 8.47400
data_price_hour_rel_-04_amount: 4.83800
data_price_hour_abs_10_amount: 4.83800
data_price_hour_rel_-03_amount: 0.00000
data_price_hour_abs_11_amount: 0.00000
data_price_hour_rel_-02_amount: -0.49200
data_price_hour_abs_12_amount: -0.49200
data_price_hour_rel_-01_amount: -2.00600
data_price_hour_abs_13_amount: -2.00600
data_price_hour_rel_+00_amount: -2.10200
data_price_hour_abs_14_amount: -2.10200
data_price_hour_rel_+01_amount: -1.00000
data_price_hour_abs_15_amount: -1.00000
data_price_hour_rel_+02_amount: -0.17300
data_price_hour_abs_16_amount: -0.17300
data_price_hour_rel_+03_amount: 1.53700
data_price_hour_abs_17_amount: 1.53700
data_price_hour_rel_+04_amount: 8.88400
data_price_hour_abs_18_amount: 8.88400
data_price_hour_rel_+05_amount: 12.53500
data_price_hour_abs_19_amount: 12.53500
data_price_hour_rel_+06_amount: 11.40000
data_price_hour_abs_20_amount: 11.40000
data_price_hour_rel_+07_amount: 9.60700
data_price_hour_abs_21_amount: 9.60700
data_price_hour_rel_+08_amount: 8.26300
data_price_hour_abs_22_amount: 8.26300
data_price_hour_rel_+09_amount: 7.14300
data_price_hour_abs_23_amount: 7.14300