date_now: 2025-06-27 14:34:00
date_now_epoch: 1751027640719
date_now_day: 27
date_now_month: 6
date_now_year: 2025
date_start: 2025-06-27 00:00:00
date_end: 2025-06-27 23:59:59
price_low: 0.78700
price_high: 13.49400
price_median: 8.34450
price_average: 8.11871
price_current: 0.78700
price_unit: Cent/kWh
price_threshold_00: 0.78700
price_threshold_01: 0.98800
price_threshold_02: 2.83000
price_threshold_03: 2.99200
price_threshold_04: 5.45300
price_threshold_05: 6.74500
price_threshold_06: 7.06800
price_threshold_07: 7.56700
price_threshold_08: 7.88300
price_threshold_09: 7.91200
price_threshold_10: 8.04100
price_threshold_11: 8.23900
price_threshold_12: 8.45000
price_threshold_13: 8.89000
price_threshold_14: 9.09400
price_threshold_15: 9.17300
price_threshold_16: 10.55800
price_threshold_17: 10.71500
price_threshold_18: 10.77000
price_threshold_19: 10.77000
price_threshold_20: 11.32000
price_threshold_21: 12.48600
price_threshold_22: 12.62400
price_threshold_23: 13.49400
data_price_hour_rel_-14_amount: 8.45000
data_price_hour_abs_00_amount: 8.45000
data_price_hour_rel_-13_amount: 7.88300
data_price_hour_abs_01_amount: 7.88300
data_price_hour_rel_-12_amount: 7.56700
data_price_hour_abs_02_amount: 7.56700
data_price_hour_rel_-11_amount: 8.04100
data_price_hour_abs_03_amount: 8.04100
data_price_hour_rel_-10_amount: 8.23900
data_price_hour_abs_04_amount: 8.23900
data_price_hour_rel_-09_amount: 8.89000
data_price_hour_abs_05_amount: 8.89000
data_price_hour_rel_-08_amount: 10.55800
data_price_hour_abs_06_amount: 10.55800
data_price_hour_rel_-07_amount: 11.32000
data_price_hour_abs_07_amount: 11.32000
data_price_hour_rel_-06_amount: 10.77000
data_price_hour_abs_08_amount: 10.77000
data_price_hour_rel_-05_amount: 9.09400
data_price_hour_abs_09_amount: 9.09400
data_price_hour_rel_-04_amount: 7.91200
data_price_hour_abs_10_amount: 7.91200
data_price_hour_rel_-03_amount: 6.74500
data_price_hour_abs_11_amount: 6.74500
data_price_hour_rel_-02_amount: 5.45300
data_price_hour_abs_12_amount: 5.45300
data_price_hour_rel_-01_amount: 2.83000
data_price_hour_abs_13_amount: 2.83000
data_price_hour_rel_+00_amount: 0.78700
data_price_hour_abs_14_amount: 0.78700
data_price_hour_rel_+01_amount: 0.98800
data_price_hour_abs_15_amount: 0.98800
data_price_hour_rel_+02_amount: 2.99200
data_price_hour_abs_16_amount: 2.99200
data_price_hour_rel_+03_amount: 7.06800
data_price_hour_abs_17_amount: 7.06800
data_price_hour_rel_+04_amount: 9.17300
data_price_hour_abs_18_amount: 9.17300
data_price_hour_rel_+05_amount: 10.71500
data_price_hour_abs_19_amount: 10.71500
data_price_hour_rel_+06_amount: 12.48600
data_price_hour_abs_20_amount: 12.48600
data_price_hour_rel_+07_amount: 13.49400
data_price_hour_abs_21_amount: 13.49400
data_price_hour_rel_+08_amount: 12.62400
data_price_hour_abs_22_amount: 12.62400
data_price_hour_rel_+09_amount: 10.77000
data_price_hour_abs_23_amount: 10.77000