date_now: 2025-11-29 13:32:21
date_now_epoch: 1764419541072
date_now_day: 29
date_now_month: 11
date_now_year: 2025
date_start: 2025-11-29 00:00:00
date_end: 2025-11-29 23:59:59
price_low: 7.77300
price_high: 10.70900
price_median: 8.87900
price_average: 9.01946
price_current: 8.79600
price_unit: Cent/kWh
price_threshold_00: 7.77300
price_threshold_01: 8.08000
price_threshold_02: 8.09000
price_threshold_03: 8.11100
price_threshold_04: 8.13400
price_threshold_05: 8.17300
price_threshold_06: 8.25600
price_threshold_07: 8.34900
price_threshold_08: 8.57000
price_threshold_09: 8.61000
price_threshold_10: 8.79600
price_threshold_11: 8.84300
price_threshold_12: 8.91500
price_threshold_13: 9.00000
price_threshold_14: 9.08900
price_threshold_15: 9.17300
price_threshold_16: 9.52600
price_threshold_17: 9.61800
price_threshold_18: 9.81300
price_threshold_19: 10.14400
price_threshold_20: 10.15800
price_threshold_21: 10.26500
price_threshold_22: 10.27200
price_threshold_23: 10.70900
data_price_hour_rel_-13_amount: 8.17300
data_price_hour_abs_00_amount: 8.17300
data_price_hour_rel_-12_amount: 8.09000
data_price_hour_abs_01_amount: 8.09000
data_price_hour_rel_-11_amount: 8.13400
data_price_hour_abs_02_amount: 8.13400
data_price_hour_rel_-10_amount: 8.25600
data_price_hour_abs_03_amount: 8.25600
data_price_hour_rel_-09_amount: 8.57000
data_price_hour_abs_04_amount: 8.57000
data_price_hour_rel_-08_amount: 9.00000
data_price_hour_abs_05_amount: 9.00000
data_price_hour_rel_-07_amount: 9.08900
data_price_hour_abs_06_amount: 9.08900
data_price_hour_rel_-06_amount: 9.61800
data_price_hour_abs_07_amount: 9.61800
data_price_hour_rel_-05_amount: 8.91500
data_price_hour_abs_08_amount: 8.91500
data_price_hour_rel_-04_amount: 10.15800
data_price_hour_abs_09_amount: 10.15800
data_price_hour_rel_-03_amount: 10.14400
data_price_hour_abs_10_amount: 10.14400
data_price_hour_rel_-02_amount: 9.52600
data_price_hour_abs_11_amount: 9.52600
data_price_hour_rel_-01_amount: 8.61000
data_price_hour_abs_12_amount: 8.61000
data_price_hour_rel_+00_amount: 8.79600
data_price_hour_abs_13_amount: 8.79600
data_price_hour_rel_+01_amount: 9.17300
data_price_hour_abs_14_amount: 9.17300
data_price_hour_rel_+02_amount: 10.27200
data_price_hour_abs_15_amount: 10.27200
data_price_hour_rel_+03_amount: 10.26500
data_price_hour_abs_16_amount: 10.26500
data_price_hour_rel_+04_amount: 10.70900
data_price_hour_abs_17_amount: 10.70900
data_price_hour_rel_+05_amount: 9.81300
data_price_hour_abs_18_amount: 9.81300
data_price_hour_rel_+06_amount: 8.84300
data_price_hour_abs_19_amount: 8.84300
data_price_hour_rel_+07_amount: 8.11100
data_price_hour_abs_20_amount: 8.11100
data_price_hour_rel_+08_amount: 8.08000
data_price_hour_abs_21_amount: 8.08000
data_price_hour_rel_+09_amount: 8.34900
data_price_hour_abs_22_amount: 8.34900
data_price_hour_rel_+10_amount: 7.77300
data_price_hour_abs_23_amount: 7.77300