date_now: 2025-01-16 13:27:42
date_now_epoch: 1737030462206
date_now_day: 16
date_now_month: 1
date_now_year: 2025
date_start: 2025-01-16 00:00:00
date_end: 2025-01-16 23:59:59
price_low: 11.50300
price_high: 19.96500
price_median: 13.96700
price_average: 14.81046
price_current: 13.05800
price_unit: Cent/kWh
price_threshold_00: 11.50300
price_threshold_01: 11.57500
price_threshold_02: 11.76200
price_threshold_03: 11.91200
price_threshold_04: 12.32700
price_threshold_05: 12.37500
price_threshold_06: 12.63300
price_threshold_07: 13.05800
price_threshold_08: 13.11300
price_threshold_09: 13.52900
price_threshold_10: 13.84200
price_threshold_11: 13.87000
price_threshold_12: 14.06400
price_threshold_13: 14.16000
price_threshold_14: 15.19000
price_threshold_15: 15.96000
price_threshold_16: 16.30400
price_threshold_17: 17.30400
price_threshold_18: 17.50000
price_threshold_19: 17.92000
price_threshold_20: 17.99700
price_threshold_21: 18.43200
price_threshold_22: 19.15600
price_threshold_23: 19.96500
data_price_hour_rel_-13_amount: 12.63300
data_price_hour_abs_00_amount: 12.63300
data_price_hour_rel_-12_amount: 11.91200
data_price_hour_abs_01_amount: 11.91200
data_price_hour_rel_-11_amount: 11.76200
data_price_hour_abs_02_amount: 11.76200
data_price_hour_rel_-10_amount: 11.50300
data_price_hour_abs_03_amount: 11.50300
data_price_hour_rel_-09_amount: 11.57500
data_price_hour_abs_04_amount: 11.57500
data_price_hour_rel_-08_amount: 12.32700
data_price_hour_abs_05_amount: 12.32700
data_price_hour_rel_-07_amount: 13.87000
data_price_hour_abs_06_amount: 13.87000
data_price_hour_rel_-06_amount: 17.30400
data_price_hour_abs_07_amount: 17.30400
data_price_hour_rel_-05_amount: 19.96500
data_price_hour_abs_08_amount: 19.96500
data_price_hour_rel_-04_amount: 17.50000
data_price_hour_abs_09_amount: 17.50000
data_price_hour_rel_-03_amount: 15.19000
data_price_hour_abs_10_amount: 15.19000
data_price_hour_rel_-02_amount: 14.06400
data_price_hour_abs_11_amount: 14.06400
data_price_hour_rel_-01_amount: 13.11300
data_price_hour_abs_12_amount: 13.11300
data_price_hour_rel_+00_amount: 13.05800
data_price_hour_abs_13_amount: 13.05800
data_price_hour_rel_+01_amount: 13.84200
data_price_hour_abs_14_amount: 13.84200
data_price_hour_rel_+02_amount: 16.30400
data_price_hour_abs_15_amount: 16.30400
data_price_hour_rel_+03_amount: 17.92000
data_price_hour_abs_16_amount: 17.92000
data_price_hour_rel_+04_amount: 19.15600
data_price_hour_abs_17_amount: 19.15600
data_price_hour_rel_+05_amount: 18.43200
data_price_hour_abs_18_amount: 18.43200
data_price_hour_rel_+06_amount: 17.99700
data_price_hour_abs_19_amount: 17.99700
data_price_hour_rel_+07_amount: 15.96000
data_price_hour_abs_20_amount: 15.96000
data_price_hour_rel_+08_amount: 14.16000
data_price_hour_abs_21_amount: 14.16000
data_price_hour_rel_+09_amount: 13.52900
data_price_hour_abs_22_amount: 13.52900
data_price_hour_rel_+10_amount: 12.37500
data_price_hour_abs_23_amount: 12.37500