date_now: 2025-01-14 13:27:36
date_now_epoch: 1736857656079
date_now_day: 14
date_now_month: 1
date_now_year: 2025
date_start: 2025-01-14 00:00:00
date_end: 2025-01-14 23:59:59
price_low: 9.79900
price_high: 18.40300
price_median: 11.93450
price_average: 12.68175
price_current: 10.81100
price_unit: Cent/kWh
price_threshold_00: 9.79900
price_threshold_01: 9.90800
price_threshold_02: 10.18800
price_threshold_03: 10.31100
price_threshold_04: 10.37000
price_threshold_05: 10.63800
price_threshold_06: 10.76400
price_threshold_07: 10.81100
price_threshold_08: 10.93100
price_threshold_09: 11.53500
price_threshold_10: 11.76200
price_threshold_11: 11.76900
price_threshold_12: 12.10000
price_threshold_13: 12.17600
price_threshold_14: 12.34000
price_threshold_15: 12.53500
price_threshold_16: 13.54600
price_threshold_17: 14.19700
price_threshold_18: 15.18600
price_threshold_19: 15.66200
price_threshold_20: 15.83800
price_threshold_21: 16.58600
price_threshold_22: 17.00700
price_threshold_23: 18.40300
data_price_hour_rel_-13_amount: 10.63800
data_price_hour_abs_00_amount: 10.63800
data_price_hour_rel_-12_amount: 10.37000
data_price_hour_abs_01_amount: 10.37000
data_price_hour_rel_-11_amount: 9.90800
data_price_hour_abs_02_amount: 9.90800
data_price_hour_rel_-10_amount: 9.79900
data_price_hour_abs_03_amount: 9.79900
data_price_hour_rel_-09_amount: 10.18800
data_price_hour_abs_04_amount: 10.18800
data_price_hour_rel_-08_amount: 10.76400
data_price_hour_abs_05_amount: 10.76400
data_price_hour_rel_-07_amount: 12.34000
data_price_hour_abs_06_amount: 12.34000
data_price_hour_rel_-06_amount: 15.66200
data_price_hour_abs_07_amount: 15.66200
data_price_hour_rel_-05_amount: 18.40300
data_price_hour_abs_08_amount: 18.40300
data_price_hour_rel_-04_amount: 15.18600
data_price_hour_abs_09_amount: 15.18600
data_price_hour_rel_-03_amount: 11.76200
data_price_hour_abs_10_amount: 11.76200
data_price_hour_rel_-02_amount: 10.93100
data_price_hour_abs_11_amount: 10.93100
data_price_hour_rel_-01_amount: 10.31100
data_price_hour_abs_12_amount: 10.31100
data_price_hour_rel_+00_amount: 10.81100
data_price_hour_abs_13_amount: 10.81100
data_price_hour_rel_+01_amount: 11.53500
data_price_hour_abs_14_amount: 11.53500
data_price_hour_rel_+02_amount: 12.53500
data_price_hour_abs_15_amount: 12.53500
data_price_hour_rel_+03_amount: 14.19700
data_price_hour_abs_16_amount: 14.19700
data_price_hour_rel_+04_amount: 16.58600
data_price_hour_abs_17_amount: 16.58600
data_price_hour_rel_+05_amount: 17.00700
data_price_hour_abs_18_amount: 17.00700
data_price_hour_rel_+06_amount: 15.83800
data_price_hour_abs_19_amount: 15.83800
data_price_hour_rel_+07_amount: 13.54600
data_price_hour_abs_20_amount: 13.54600
data_price_hour_rel_+08_amount: 11.76900
data_price_hour_abs_21_amount: 11.76900
data_price_hour_rel_+09_amount: 12.10000
data_price_hour_abs_22_amount: 12.10000
data_price_hour_rel_+10_amount: 12.17600
data_price_hour_abs_23_amount: 12.17600