date_now: 2025-07-23 14:37:23
date_now_epoch: 1753274243281
date_now_day: 23
date_now_month: 7
date_now_year: 2025
date_start: 2025-07-23 00:00:00
date_end: 2025-07-23 23:59:59
price_low: 2.37300
price_high: 11.97400
price_median: 8.00550
price_average: 7.82508
price_current: 2.68200
price_unit: Cent/kWh
price_threshold_00: 2.37300
price_threshold_01: 2.68200
price_threshold_02: 3.37200
price_threshold_03: 4.03000
price_threshold_04: 5.35000
price_threshold_05: 6.73000
price_threshold_06: 6.78100
price_threshold_07: 7.60400
price_threshold_08: 7.76900
price_threshold_09: 7.80500
price_threshold_10: 7.85000
price_threshold_11: 7.94700
price_threshold_12: 8.06400
price_threshold_13: 8.16900
price_threshold_14: 8.60700
price_threshold_15: 8.76500
price_threshold_16: 9.13500
price_threshold_17: 9.65000
price_threshold_18: 9.98700
price_threshold_19: 10.30600
price_threshold_20: 10.50000
price_threshold_21: 11.05400
price_threshold_22: 11.29800
price_threshold_23: 11.97400
data_price_hour_rel_-14_amount: 8.76500
data_price_hour_abs_00_amount: 8.76500
data_price_hour_rel_-13_amount: 7.94700
data_price_hour_abs_01_amount: 7.94700
data_price_hour_rel_-12_amount: 7.85000
data_price_hour_abs_02_amount: 7.85000
data_price_hour_rel_-11_amount: 7.60400
data_price_hour_abs_03_amount: 7.60400
data_price_hour_rel_-10_amount: 7.76900
data_price_hour_abs_04_amount: 7.76900
data_price_hour_rel_-09_amount: 8.06400
data_price_hour_abs_05_amount: 8.06400
data_price_hour_rel_-08_amount: 9.13500
data_price_hour_abs_06_amount: 9.13500
data_price_hour_rel_-07_amount: 9.98700
data_price_hour_abs_07_amount: 9.98700
data_price_hour_rel_-06_amount: 9.65000
data_price_hour_abs_08_amount: 9.65000
data_price_hour_rel_-05_amount: 8.16900
data_price_hour_abs_09_amount: 8.16900
data_price_hour_rel_-04_amount: 6.73000
data_price_hour_abs_10_amount: 6.73000
data_price_hour_rel_-03_amount: 5.35000
data_price_hour_abs_11_amount: 5.35000
data_price_hour_rel_-02_amount: 3.37200
data_price_hour_abs_12_amount: 3.37200
data_price_hour_rel_-01_amount: 2.37300
data_price_hour_abs_13_amount: 2.37300
data_price_hour_rel_+00_amount: 2.68200
data_price_hour_abs_14_amount: 2.68200
data_price_hour_rel_+01_amount: 4.03000
data_price_hour_abs_15_amount: 4.03000
data_price_hour_rel_+02_amount: 6.78100
data_price_hour_abs_16_amount: 6.78100
data_price_hour_rel_+03_amount: 7.80500
data_price_hour_abs_17_amount: 7.80500
data_price_hour_rel_+04_amount: 8.60700
data_price_hour_abs_18_amount: 8.60700
data_price_hour_rel_+05_amount: 10.50000
data_price_hour_abs_19_amount: 10.50000
data_price_hour_rel_+06_amount: 11.29800
data_price_hour_abs_20_amount: 11.29800
data_price_hour_rel_+07_amount: 11.97400
data_price_hour_abs_21_amount: 11.97400
data_price_hour_rel_+08_amount: 11.05400
data_price_hour_abs_22_amount: 11.05400
data_price_hour_rel_+09_amount: 10.30600
data_price_hour_abs_23_amount: 10.30600