date_now: 2025-03-22 13:27:07
date_now_epoch: 1742646427793
date_now_day: 22
date_now_month: 3
date_now_year: 2025
date_start: 2025-03-22 00:00:00
date_end: 2025-03-22 23:59:59
price_low: -1.51800
price_high: 6.00300
price_median: 1.13450
price_average: 1.49613
price_current: -1.50400
price_unit: Cent/kWh
price_threshold_00: -1.51800
price_threshold_01: -1.50400
price_threshold_02: -0.67900
price_threshold_03: -0.63100
price_threshold_04: -0.18600
price_threshold_05: -0.15100
price_threshold_06: 0.00000
price_threshold_07: 0.10100
price_threshold_08: 0.31100
price_threshold_09: 0.68800
price_threshold_10: 0.90700
price_threshold_11: 1.01200
price_threshold_12: 1.25700
price_threshold_13: 1.29500
price_threshold_14: 1.30100
price_threshold_15: 1.30400
price_threshold_16: 2.69300
price_threshold_17: 3.49900
price_threshold_18: 3.56900
price_threshold_19: 3.61200
price_threshold_20: 3.71400
price_threshold_21: 4.21500
price_threshold_22: 5.09500
price_threshold_23: 6.00300
data_price_hour_rel_-13_amount: 2.69300
data_price_hour_abs_00_amount: 2.69300
data_price_hour_rel_-12_amount: 1.25700
data_price_hour_abs_01_amount: 1.25700
data_price_hour_rel_-11_amount: 0.90700
data_price_hour_abs_02_amount: 0.90700
data_price_hour_rel_-10_amount: 0.68800
data_price_hour_abs_03_amount: 0.68800
data_price_hour_rel_-09_amount: 1.01200
data_price_hour_abs_04_amount: 1.01200
data_price_hour_rel_-08_amount: 1.29500
data_price_hour_abs_05_amount: 1.29500
data_price_hour_rel_-07_amount: 1.30100
data_price_hour_abs_06_amount: 1.30100
data_price_hour_rel_-06_amount: 1.30400
data_price_hour_abs_07_amount: 1.30400
data_price_hour_rel_-05_amount: 0.31100
data_price_hour_abs_08_amount: 0.31100
data_price_hour_rel_-04_amount: 0.00000
data_price_hour_abs_09_amount: 0.00000
data_price_hour_rel_-03_amount: -0.18600
data_price_hour_abs_10_amount: -0.18600
data_price_hour_rel_-02_amount: -0.63100
data_price_hour_abs_11_amount: -0.63100
data_price_hour_rel_-01_amount: -1.51800
data_price_hour_abs_12_amount: -1.51800
data_price_hour_rel_+00_amount: -1.50400
data_price_hour_abs_13_amount: -1.50400
data_price_hour_rel_+01_amount: -0.67900
data_price_hour_abs_14_amount: -0.67900
data_price_hour_rel_+02_amount: -0.15100
data_price_hour_abs_15_amount: -0.15100
data_price_hour_rel_+03_amount: 0.10100
data_price_hour_abs_16_amount: 0.10100
data_price_hour_rel_+04_amount: 3.49900
data_price_hour_abs_17_amount: 3.49900
data_price_hour_rel_+05_amount: 6.00300
data_price_hour_abs_18_amount: 6.00300
data_price_hour_rel_+06_amount: 5.09500
data_price_hour_abs_19_amount: 5.09500
data_price_hour_rel_+07_amount: 4.21500
data_price_hour_abs_20_amount: 4.21500
data_price_hour_rel_+08_amount: 3.61200
data_price_hour_abs_21_amount: 3.61200
data_price_hour_rel_+09_amount: 3.71400
data_price_hour_abs_22_amount: 3.71400
data_price_hour_rel_+10_amount: 3.56900
data_price_hour_abs_23_amount: 3.56900