date_now: 2025-01-15 13:27:43
date_now_epoch: 1736944063360
date_now_day: 15
date_now_month: 1
date_now_year: 2025
date_start: 2025-01-15 00:00:00
date_end: 2025-01-15 23:59:59
price_low: 10.77200
price_high: 37.79900
price_median: 23.09400
price_average: 22.21813
price_current: 30.93400
price_unit: Cent/kWh
price_threshold_00: 10.77200
price_threshold_01: 10.80400
price_threshold_02: 10.82800
price_threshold_03: 10.84100
price_threshold_04: 10.87500
price_threshold_05: 11.49200
price_threshold_06: 12.39000
price_threshold_07: 13.44900
price_threshold_08: 14.11600
price_threshold_09: 15.08700
price_threshold_10: 18.16600
price_threshold_11: 19.17900
price_threshold_12: 27.00900
price_threshold_13: 28.58300
price_threshold_14: 30.17400
price_threshold_15: 30.48000
price_threshold_16: 30.72400
price_threshold_17: 30.93400
price_threshold_18: 31.10200
price_threshold_19: 31.10300
price_threshold_20: 31.50200
price_threshold_21: 32.47400
price_threshold_22: 33.35200
price_threshold_23: 37.79900
data_price_hour_rel_-13_amount: 10.82800
data_price_hour_abs_00_amount: 10.82800
data_price_hour_rel_-12_amount: 10.77200
data_price_hour_abs_01_amount: 10.77200
data_price_hour_rel_-11_amount: 10.84100
data_price_hour_abs_02_amount: 10.84100
data_price_hour_rel_-10_amount: 10.80400
data_price_hour_abs_03_amount: 10.80400
data_price_hour_rel_-09_amount: 10.87500
data_price_hour_abs_04_amount: 10.87500
data_price_hour_rel_-08_amount: 11.49200
data_price_hour_abs_05_amount: 11.49200
data_price_hour_rel_-07_amount: 13.44900
data_price_hour_abs_06_amount: 13.44900
data_price_hour_rel_-06_amount: 19.17900
data_price_hour_abs_07_amount: 19.17900
data_price_hour_rel_-05_amount: 30.72400
data_price_hour_abs_08_amount: 30.72400
data_price_hour_rel_-04_amount: 31.50200
data_price_hour_abs_09_amount: 31.50200
data_price_hour_rel_-03_amount: 31.10300
data_price_hour_abs_10_amount: 31.10300
data_price_hour_rel_-02_amount: 30.48000
data_price_hour_abs_11_amount: 30.48000
data_price_hour_rel_-01_amount: 31.10200
data_price_hour_abs_12_amount: 31.10200
data_price_hour_rel_+00_amount: 30.93400
data_price_hour_abs_13_amount: 30.93400
data_price_hour_rel_+01_amount: 28.58300
data_price_hour_abs_14_amount: 28.58300
data_price_hour_rel_+02_amount: 30.17400
data_price_hour_abs_15_amount: 30.17400
data_price_hour_rel_+03_amount: 33.35200
data_price_hour_abs_16_amount: 33.35200
data_price_hour_rel_+04_amount: 37.79900
data_price_hour_abs_17_amount: 37.79900
data_price_hour_rel_+05_amount: 32.47400
data_price_hour_abs_18_amount: 32.47400
data_price_hour_rel_+06_amount: 27.00900
data_price_hour_abs_19_amount: 27.00900
data_price_hour_rel_+07_amount: 18.16600
data_price_hour_abs_20_amount: 18.16600
data_price_hour_rel_+08_amount: 15.08700
data_price_hour_abs_21_amount: 15.08700
data_price_hour_rel_+09_amount: 14.11600
data_price_hour_abs_22_amount: 14.11600
data_price_hour_rel_+10_amount: 12.39000
data_price_hour_abs_23_amount: 12.39000