date_now: 2025-01-30 13:27:38
date_now_epoch: 1738240058644
date_now_day: 30
date_now_month: 1
date_now_year: 2025
date_start: 2025-01-30 00:00:00
date_end: 2025-01-30 23:59:59
price_low: 9.24100
price_high: 18.03600
price_median: 13.17900
price_average: 13.15317
price_current: 11.33000
price_unit: Cent/kWh
price_threshold_00: 9.24100
price_threshold_01: 9.24300
price_threshold_02: 9.24300
price_threshold_03: 9.29500
price_threshold_04: 9.33300
price_threshold_05: 10.86500
price_threshold_06: 11.33000
price_threshold_07: 11.58900
price_threshold_08: 12.02000
price_threshold_09: 12.32500
price_threshold_10: 12.64600
price_threshold_11: 12.94100
price_threshold_12: 13.41700
price_threshold_13: 13.50900
price_threshold_14: 13.98300
price_threshold_15: 15.02000
price_threshold_16: 15.15100
price_threshold_17: 15.26400
price_threshold_18: 15.32200
price_threshold_19: 16.03000
price_threshold_20: 16.08700
price_threshold_21: 16.12800
price_threshold_22: 17.65800
price_threshold_23: 18.03600
data_price_hour_rel_-13_amount: 9.24100
data_price_hour_abs_00_amount: 9.24100
data_price_hour_rel_-12_amount: 9.24300
data_price_hour_abs_01_amount: 9.24300
data_price_hour_rel_-11_amount: 9.33300
data_price_hour_abs_02_amount: 9.33300
data_price_hour_rel_-10_amount: 9.29500
data_price_hour_abs_03_amount: 9.29500
data_price_hour_rel_-09_amount: 9.24300
data_price_hour_abs_04_amount: 9.24300
data_price_hour_rel_-08_amount: 10.86500
data_price_hour_abs_05_amount: 10.86500
data_price_hour_rel_-07_amount: 13.98300
data_price_hour_abs_06_amount: 13.98300
data_price_hour_rel_-06_amount: 15.26400
data_price_hour_abs_07_amount: 15.26400
data_price_hour_rel_-05_amount: 16.03000
data_price_hour_abs_08_amount: 16.03000
data_price_hour_rel_-04_amount: 15.15100
data_price_hour_abs_09_amount: 15.15100
data_price_hour_rel_-03_amount: 13.50900
data_price_hour_abs_10_amount: 13.50900
data_price_hour_rel_-02_amount: 12.32500
data_price_hour_abs_11_amount: 12.32500
data_price_hour_rel_-01_amount: 11.58900
data_price_hour_abs_12_amount: 11.58900
data_price_hour_rel_+00_amount: 11.33000
data_price_hour_abs_13_amount: 11.33000
data_price_hour_rel_+01_amount: 12.94100
data_price_hour_abs_14_amount: 12.94100
data_price_hour_rel_+02_amount: 15.32200
data_price_hour_abs_15_amount: 15.32200
data_price_hour_rel_+03_amount: 16.08700
data_price_hour_abs_16_amount: 16.08700
data_price_hour_rel_+04_amount: 18.03600
data_price_hour_abs_17_amount: 18.03600
data_price_hour_rel_+05_amount: 17.65800
data_price_hour_abs_18_amount: 17.65800
data_price_hour_rel_+06_amount: 16.12800
data_price_hour_abs_19_amount: 16.12800
data_price_hour_rel_+07_amount: 15.02000
data_price_hour_abs_20_amount: 15.02000
data_price_hour_rel_+08_amount: 13.41700
data_price_hour_abs_21_amount: 13.41700
data_price_hour_rel_+09_amount: 12.64600
data_price_hour_abs_22_amount: 12.64600
data_price_hour_rel_+10_amount: 12.02000
data_price_hour_abs_23_amount: 12.02000