date_now: 2025-03-19 13:30:52
date_now_epoch: 1742387452198
date_now_day: 19
date_now_month: 3
date_now_year: 2025
date_start: 2025-03-19 00:00:00
date_end: 2025-03-19 23:59:59
price_low: -0.05600
price_high: 24.81800
price_median: 10.77600
price_average: 10.43875
price_current: -0.02500
price_unit: Cent/kWh
price_threshold_00: -0.05600
price_threshold_01: -0.02500
price_threshold_02: -0.00400
price_threshold_03: 0.09900
price_threshold_04: 2.65200
price_threshold_05: 6.67300
price_threshold_06: 7.95000
price_threshold_07: 10.11900
price_threshold_08: 10.20000
price_threshold_09: 10.24000
price_threshold_10: 10.65900
price_threshold_11: 10.72900
price_threshold_12: 10.82300
price_threshold_13: 10.98500
price_threshold_14: 11.11400
price_threshold_15: 12.25200
price_threshold_16: 12.44500
price_threshold_17: 13.82400
price_threshold_18: 14.75600
price_threshold_19: 14.77400
price_threshold_20: 15.80500
price_threshold_21: 17.66800
price_threshold_22: 22.03000
price_threshold_23: 24.81800
data_price_hour_rel_-13_amount: 10.72900
data_price_hour_abs_00_amount: 10.72900
data_price_hour_rel_-12_amount: 10.24000
data_price_hour_abs_01_amount: 10.24000
data_price_hour_rel_-11_amount: 10.11900
data_price_hour_abs_02_amount: 10.11900
data_price_hour_rel_-10_amount: 10.20000
data_price_hour_abs_03_amount: 10.20000
data_price_hour_rel_-09_amount: 10.65900
data_price_hour_abs_04_amount: 10.65900
data_price_hour_rel_-08_amount: 12.25200
data_price_hour_abs_05_amount: 12.25200
data_price_hour_rel_-07_amount: 15.80500
data_price_hour_abs_06_amount: 15.80500
data_price_hour_rel_-06_amount: 14.77400
data_price_hour_abs_07_amount: 14.77400
data_price_hour_rel_-05_amount: 10.82300
data_price_hour_abs_08_amount: 10.82300
data_price_hour_rel_-04_amount: 7.95000
data_price_hour_abs_09_amount: 7.95000
data_price_hour_rel_-03_amount: 2.65200
data_price_hour_abs_10_amount: 2.65200
data_price_hour_rel_-02_amount: -0.00400
data_price_hour_abs_11_amount: -0.00400
data_price_hour_rel_-01_amount: -0.05600
data_price_hour_abs_12_amount: -0.05600
data_price_hour_rel_+00_amount: -0.02500
data_price_hour_abs_13_amount: -0.02500
data_price_hour_rel_+01_amount: 0.09900
data_price_hour_abs_14_amount: 0.09900
data_price_hour_rel_+02_amount: 6.67300
data_price_hour_abs_15_amount: 6.67300
data_price_hour_rel_+03_amount: 10.98500
data_price_hour_abs_16_amount: 10.98500
data_price_hour_rel_+04_amount: 14.75600
data_price_hour_abs_17_amount: 14.75600
data_price_hour_rel_+05_amount: 24.81800
data_price_hour_abs_18_amount: 24.81800
data_price_hour_rel_+06_amount: 22.03000
data_price_hour_abs_19_amount: 22.03000
data_price_hour_rel_+07_amount: 17.66800
data_price_hour_abs_20_amount: 17.66800
data_price_hour_rel_+08_amount: 13.82400
data_price_hour_abs_21_amount: 13.82400
data_price_hour_rel_+09_amount: 12.44500
data_price_hour_abs_22_amount: 12.44500
data_price_hour_rel_+10_amount: 11.11400
data_price_hour_abs_23_amount: 11.11400