date_now: 2025-11-11 13:35:18
date_now_epoch: 1762864518994
date_now_day: 11
date_now_month: 11
date_now_year: 2025
date_start: 2025-11-11 00:00:00
date_end: 2025-11-11 23:59:59
price_low: 7.48700
price_high: 14.32600
price_median: 9.17650
price_average: 9.68879
price_current: 8.99300
price_unit: Cent/kWh
price_threshold_00: 7.48700
price_threshold_01: 7.55000
price_threshold_02: 7.55000
price_threshold_03: 7.58000
price_threshold_04: 7.70700
price_threshold_05: 7.99800
price_threshold_06: 8.31900
price_threshold_07: 8.66600
price_threshold_08: 8.67900
price_threshold_09: 8.79200
price_threshold_10: 8.99300
price_threshold_11: 9.14700
price_threshold_12: 9.20600
price_threshold_13: 9.63800
price_threshold_14: 9.81800
price_threshold_15: 10.12400
price_threshold_16: 10.31200
price_threshold_17: 10.50300
price_threshold_18: 10.52100
price_threshold_19: 11.38000
price_threshold_20: 11.50000
price_threshold_21: 12.42800
price_threshold_22: 14.30700
price_threshold_23: 14.32600
data_price_hour_rel_-13_amount: 8.31900
data_price_hour_abs_00_amount: 8.31900
data_price_hour_rel_-12_amount: 7.99800
data_price_hour_abs_01_amount: 7.99800
data_price_hour_rel_-11_amount: 7.58000
data_price_hour_abs_02_amount: 7.58000
data_price_hour_rel_-10_amount: 7.48700
data_price_hour_abs_03_amount: 7.48700
data_price_hour_rel_-09_amount: 7.55000
data_price_hour_abs_04_amount: 7.55000
data_price_hour_rel_-08_amount: 7.70700
data_price_hour_abs_05_amount: 7.70700
data_price_hour_rel_-07_amount: 8.67900
data_price_hour_abs_06_amount: 8.67900
data_price_hour_rel_-06_amount: 10.52100
data_price_hour_abs_07_amount: 10.52100
data_price_hour_rel_-05_amount: 11.38000
data_price_hour_abs_08_amount: 11.38000
data_price_hour_rel_-04_amount: 10.31200
data_price_hour_abs_09_amount: 10.31200
data_price_hour_rel_-03_amount: 9.14700
data_price_hour_abs_10_amount: 9.14700
data_price_hour_rel_-02_amount: 8.79200
data_price_hour_abs_11_amount: 8.79200
data_price_hour_rel_-01_amount: 8.66600
data_price_hour_abs_12_amount: 8.66600
data_price_hour_rel_+00_amount: 8.99300
data_price_hour_abs_13_amount: 8.99300
data_price_hour_rel_+01_amount: 10.12400
data_price_hour_abs_14_amount: 10.12400
data_price_hour_rel_+02_amount: 12.42800
data_price_hour_abs_15_amount: 12.42800
data_price_hour_rel_+03_amount: 14.30700
data_price_hour_abs_16_amount: 14.30700
data_price_hour_rel_+04_amount: 14.32600
data_price_hour_abs_17_amount: 14.32600
data_price_hour_rel_+05_amount: 11.50000
data_price_hour_abs_18_amount: 11.50000
data_price_hour_rel_+06_amount: 10.50300
data_price_hour_abs_19_amount: 10.50300
data_price_hour_rel_+07_amount: 9.81800
data_price_hour_abs_20_amount: 9.81800
data_price_hour_rel_+08_amount: 9.63800
data_price_hour_abs_21_amount: 9.63800
data_price_hour_rel_+09_amount: 9.20600
data_price_hour_abs_22_amount: 9.20600
data_price_hour_rel_+10_amount: 7.55000
data_price_hour_abs_23_amount: 7.55000