date_now: 2025-08-24 14:30:42
date_now_epoch: 1756038642917
date_now_day: 24
date_now_month: 8
date_now_year: 2025
date_start: 2025-08-24 00:00:00
date_end: 2025-08-24 23:59:59
price_low: -0.74500
price_high: 11.73100
price_median: 9.04850
price_average: 6.30542
price_current: -0.74000
price_unit: Cent/kWh
price_threshold_00: -0.74500
price_threshold_01: -0.74000
price_threshold_02: -0.19800
price_threshold_03: -0.01000
price_threshold_04: -0.00700
price_threshold_05: -0.00100
price_threshold_06: 0.00000
price_threshold_07: 0.48000
price_threshold_08: 6.33600
price_threshold_09: 7.28400
price_threshold_10: 8.50100
price_threshold_11: 9.00000
price_threshold_12: 9.09700
price_threshold_13: 9.12000
price_threshold_14: 9.21300
price_threshold_15: 9.44100
price_threshold_16: 9.51300
price_threshold_17: 9.98100
price_threshold_18: 10.05000
price_threshold_19: 10.05200
price_threshold_20: 10.75000
price_threshold_21: 11.05000
price_threshold_22: 11.43200
price_threshold_23: 11.73100
data_price_hour_rel_-14_amount: 10.05000
data_price_hour_abs_00_amount: 10.05000
data_price_hour_rel_-13_amount: 9.51300
data_price_hour_abs_01_amount: 9.51300
data_price_hour_rel_-12_amount: 9.44100
data_price_hour_abs_02_amount: 9.44100
data_price_hour_rel_-11_amount: 9.21300
data_price_hour_abs_03_amount: 9.21300
data_price_hour_rel_-10_amount: 9.12000
data_price_hour_abs_04_amount: 9.12000
data_price_hour_rel_-09_amount: 9.09700
data_price_hour_abs_05_amount: 9.09700
data_price_hour_rel_-08_amount: 9.00000
data_price_hour_abs_06_amount: 9.00000
data_price_hour_rel_-07_amount: 8.50100
data_price_hour_abs_07_amount: 8.50100
data_price_hour_rel_-06_amount: 7.28400
data_price_hour_abs_08_amount: 7.28400
data_price_hour_rel_-05_amount: 0.48000
data_price_hour_abs_09_amount: 0.48000
data_price_hour_rel_-04_amount: -0.00100
data_price_hour_abs_10_amount: -0.00100
data_price_hour_rel_-03_amount: -0.00700
data_price_hour_abs_11_amount: -0.00700
data_price_hour_rel_-02_amount: -0.19800
data_price_hour_abs_12_amount: -0.19800
data_price_hour_rel_-01_amount: -0.74500
data_price_hour_abs_13_amount: -0.74500
data_price_hour_rel_+00_amount: -0.74000
data_price_hour_abs_14_amount: -0.74000
data_price_hour_rel_+01_amount: -0.01000
data_price_hour_abs_15_amount: -0.01000
data_price_hour_rel_+02_amount: 0.00000
data_price_hour_abs_16_amount: 0.00000
data_price_hour_rel_+03_amount: 6.33600
data_price_hour_abs_17_amount: 6.33600
data_price_hour_rel_+04_amount: 9.98100
data_price_hour_abs_18_amount: 9.98100
data_price_hour_rel_+05_amount: 11.05000
data_price_hour_abs_19_amount: 11.05000
data_price_hour_rel_+06_amount: 11.73100
data_price_hour_abs_20_amount: 11.73100
data_price_hour_rel_+07_amount: 11.43200
data_price_hour_abs_21_amount: 11.43200
data_price_hour_rel_+08_amount: 10.75000
data_price_hour_abs_22_amount: 10.75000
data_price_hour_rel_+09_amount: 10.05200
data_price_hour_abs_23_amount: 10.05200