date_now: 2025-07-18 14:36:19
date_now_epoch: 1752842179000
date_now_day: 18
date_now_month: 7
date_now_year: 2025
date_start: 2025-07-18 00:00:00
date_end: 2025-07-18 23:59:59
price_low: 7.12000
price_high: 14.65500
price_median: 9.89050
price_average: 10.09338
price_current: 7.12000
price_unit: Cent/kWh
price_threshold_00: 7.12000
price_threshold_01: 7.26800
price_threshold_02: 7.30200
price_threshold_03: 7.99900
price_threshold_04: 8.00000
price_threshold_05: 8.20200
price_threshold_06: 8.40700
price_threshold_07: 8.49800
price_threshold_08: 9.53600
price_threshold_09: 9.63700
price_threshold_10: 9.81300
price_threshold_11: 9.86600
price_threshold_12: 9.91500
price_threshold_13: 9.99200
price_threshold_14: 10.68000
price_threshold_15: 10.82300
price_threshold_16: 10.93900
price_threshold_17: 11.34800
price_threshold_18: 11.59200
price_threshold_19: 11.61700
price_threshold_20: 12.00000
price_threshold_21: 12.58800
price_threshold_22: 14.44400
price_threshold_23: 14.65500
data_price_hour_rel_-14_amount: 10.68000
data_price_hour_abs_00_amount: 10.68000
data_price_hour_rel_-13_amount: 9.91500
data_price_hour_abs_01_amount: 9.91500
data_price_hour_rel_-12_amount: 9.53600
data_price_hour_abs_02_amount: 9.53600
data_price_hour_rel_-11_amount: 9.63700
data_price_hour_abs_03_amount: 9.63700
data_price_hour_rel_-10_amount: 9.86600
data_price_hour_abs_04_amount: 9.86600
data_price_hour_rel_-09_amount: 10.82300
data_price_hour_abs_05_amount: 10.82300
data_price_hour_rel_-08_amount: 11.59200
data_price_hour_abs_06_amount: 11.59200
data_price_hour_rel_-07_amount: 11.61700
data_price_hour_abs_07_amount: 11.61700
data_price_hour_rel_-06_amount: 10.93900
data_price_hour_abs_08_amount: 10.93900
data_price_hour_rel_-05_amount: 9.81300
data_price_hour_abs_09_amount: 9.81300
data_price_hour_rel_-04_amount: 8.49800
data_price_hour_abs_10_amount: 8.49800
data_price_hour_rel_-03_amount: 8.20200
data_price_hour_abs_11_amount: 8.20200
data_price_hour_rel_-02_amount: 8.00000
data_price_hour_abs_12_amount: 8.00000
data_price_hour_rel_-01_amount: 7.30200
data_price_hour_abs_13_amount: 7.30200
data_price_hour_rel_+00_amount: 7.12000
data_price_hour_abs_14_amount: 7.12000
data_price_hour_rel_+01_amount: 7.26800
data_price_hour_abs_15_amount: 7.26800
data_price_hour_rel_+02_amount: 7.99900
data_price_hour_abs_16_amount: 7.99900
data_price_hour_rel_+03_amount: 8.40700
data_price_hour_abs_17_amount: 8.40700
data_price_hour_rel_+04_amount: 9.99200
data_price_hour_abs_18_amount: 9.99200
data_price_hour_rel_+05_amount: 12.00000
data_price_hour_abs_19_amount: 12.00000
data_price_hour_rel_+06_amount: 14.65500
data_price_hour_abs_20_amount: 14.65500
data_price_hour_rel_+07_amount: 14.44400
data_price_hour_abs_21_amount: 14.44400
data_price_hour_rel_+08_amount: 12.58800
data_price_hour_abs_22_amount: 12.58800
data_price_hour_rel_+09_amount: 11.34800
data_price_hour_abs_23_amount: 11.34800