date_now: 2025-02-06 13:28:49
date_now_epoch: 1738844929151
date_now_day: 6
date_now_month: 2
date_now_year: 2025
date_start: 2025-02-06 00:00:00
date_end: 2025-02-06 23:59:59
price_low: 12.19500
price_high: 21.94200
price_median: 14.66850
price_average: 15.00888
price_current: 14.54800
price_unit: Cent/kWh
price_threshold_00: 12.19500
price_threshold_01: 12.50000
price_threshold_02: 12.50100
price_threshold_03: 12.58700
price_threshold_04: 12.95700
price_threshold_05: 13.12600
price_threshold_06: 13.36700
price_threshold_07: 13.40000
price_threshold_08: 13.52800
price_threshold_09: 13.77900
price_threshold_10: 14.13300
price_threshold_11: 14.54800
price_threshold_12: 14.78900
price_threshold_13: 15.08000
price_threshold_14: 15.25600
price_threshold_15: 15.61200
price_threshold_16: 16.01400
price_threshold_17: 16.29500
price_threshold_18: 16.48900
price_threshold_19: 17.04800
price_threshold_20: 17.15900
price_threshold_21: 17.89900
price_threshold_22: 18.00900
price_threshold_23: 21.94200
data_price_hour_rel_-13_amount: 13.36700
data_price_hour_abs_00_amount: 13.36700
data_price_hour_rel_-12_amount: 12.95700
data_price_hour_abs_01_amount: 12.95700
data_price_hour_rel_-11_amount: 12.58700
data_price_hour_abs_02_amount: 12.58700
data_price_hour_rel_-10_amount: 12.50000
data_price_hour_abs_03_amount: 12.50000
data_price_hour_rel_-09_amount: 12.50100
data_price_hour_abs_04_amount: 12.50100
data_price_hour_rel_-08_amount: 13.52800
data_price_hour_abs_05_amount: 13.52800
data_price_hour_rel_-07_amount: 15.61200
data_price_hour_abs_06_amount: 15.61200
data_price_hour_rel_-06_amount: 18.00900
data_price_hour_abs_07_amount: 18.00900
data_price_hour_rel_-05_amount: 21.94200
data_price_hour_abs_08_amount: 21.94200
data_price_hour_rel_-04_amount: 17.89900
data_price_hour_abs_09_amount: 17.89900
data_price_hour_rel_-03_amount: 16.01400
data_price_hour_abs_10_amount: 16.01400
data_price_hour_rel_-02_amount: 15.25600
data_price_hour_abs_11_amount: 15.25600
data_price_hour_rel_-01_amount: 14.78900
data_price_hour_abs_12_amount: 14.78900
data_price_hour_rel_+00_amount: 14.54800
data_price_hour_abs_13_amount: 14.54800
data_price_hour_rel_+01_amount: 13.77900
data_price_hour_abs_14_amount: 13.77900
data_price_hour_rel_+02_amount: 15.08000
data_price_hour_abs_15_amount: 15.08000
data_price_hour_rel_+03_amount: 16.48900
data_price_hour_abs_16_amount: 16.48900
data_price_hour_rel_+04_amount: 17.15900
data_price_hour_abs_17_amount: 17.15900
data_price_hour_rel_+05_amount: 17.04800
data_price_hour_abs_18_amount: 17.04800
data_price_hour_rel_+06_amount: 16.29500
data_price_hour_abs_19_amount: 16.29500
data_price_hour_rel_+07_amount: 14.13300
data_price_hour_abs_20_amount: 14.13300
data_price_hour_rel_+08_amount: 13.12600
data_price_hour_abs_21_amount: 13.12600
data_price_hour_rel_+09_amount: 13.40000
data_price_hour_abs_22_amount: 13.40000
data_price_hour_rel_+10_amount: 12.19500
data_price_hour_abs_23_amount: 12.19500