date_now: 2025-09-27 14:28:50
date_now_epoch: 1758976130464
date_now_day: 27
date_now_month: 9
date_now_year: 2025
date_start: 2025-09-27 00:00:00
date_end: 2025-09-27 23:59:59
price_low: 3.61100
price_high: 14.86100
price_median: 8.98800
price_average: 9.27992
price_current: 4.85400
price_unit: Cent/kWh
price_threshold_00: 3.61100
price_threshold_01: 4.85400
price_threshold_02: 5.97700
price_threshold_03: 7.50000
price_threshold_04: 7.82200
price_threshold_05: 8.25100
price_threshold_06: 8.27000
price_threshold_07: 8.32600
price_threshold_08: 8.49900
price_threshold_09: 8.52800
price_threshold_10: 8.78600
price_threshold_11: 8.91900
price_threshold_12: 9.05700
price_threshold_13: 9.31000
price_threshold_14: 9.69200
price_threshold_15: 9.95400
price_threshold_16: 10.54500
price_threshold_17: 10.75600
price_threshold_18: 10.97100
price_threshold_19: 11.20100
price_threshold_20: 11.44000
price_threshold_21: 12.25300
price_threshold_22: 13.33500
price_threshold_23: 14.86100
data_price_hour_rel_-14_amount: 8.49900
data_price_hour_abs_00_amount: 8.49900
data_price_hour_rel_-13_amount: 8.32600
data_price_hour_abs_01_amount: 8.32600
data_price_hour_rel_-12_amount: 8.27000
data_price_hour_abs_02_amount: 8.27000
data_price_hour_rel_-11_amount: 8.25100
data_price_hour_abs_03_amount: 8.25100
data_price_hour_rel_-10_amount: 8.52800
data_price_hour_abs_04_amount: 8.52800
data_price_hour_rel_-09_amount: 8.91900
data_price_hour_abs_05_amount: 8.91900
data_price_hour_rel_-08_amount: 9.05700
data_price_hour_abs_06_amount: 9.05700
data_price_hour_rel_-07_amount: 10.54500
data_price_hour_abs_07_amount: 10.54500
data_price_hour_rel_-06_amount: 10.97100
data_price_hour_abs_08_amount: 10.97100
data_price_hour_rel_-05_amount: 9.69200
data_price_hour_abs_09_amount: 9.69200
data_price_hour_rel_-04_amount: 8.78600
data_price_hour_abs_10_amount: 8.78600
data_price_hour_rel_-03_amount: 7.50000
data_price_hour_abs_11_amount: 7.50000
data_price_hour_rel_-02_amount: 5.97700
data_price_hour_abs_12_amount: 5.97700
data_price_hour_rel_-01_amount: 3.61100
data_price_hour_abs_13_amount: 3.61100
data_price_hour_rel_+00_amount: 4.85400
data_price_hour_abs_14_amount: 4.85400
data_price_hour_rel_+01_amount: 7.82200
data_price_hour_abs_15_amount: 7.82200
data_price_hour_rel_+02_amount: 9.31000
data_price_hour_abs_16_amount: 9.31000
data_price_hour_rel_+03_amount: 11.20100
data_price_hour_abs_17_amount: 11.20100
data_price_hour_rel_+04_amount: 13.33500
data_price_hour_abs_18_amount: 13.33500
data_price_hour_rel_+05_amount: 14.86100
data_price_hour_abs_19_amount: 14.86100
data_price_hour_rel_+06_amount: 12.25300
data_price_hour_abs_20_amount: 12.25300
data_price_hour_rel_+07_amount: 11.44000
data_price_hour_abs_21_amount: 11.44000
data_price_hour_rel_+08_amount: 10.75600
data_price_hour_abs_22_amount: 10.75600
data_price_hour_rel_+09_amount: 9.95400
data_price_hour_abs_23_amount: 9.95400