date_now: 2025-01-02 13:28:13
date_now_epoch: 1735820893733
date_now_day: 2
date_now_month: 1
date_now_year: 2025
date_start: 2025-01-02 00:00:00
date_end: 2025-01-02 23:59:59
price_low: 0.15600
price_high: 15.29400
price_median: 11.78650
price_average: 9.29096
price_current: 11.39000
price_unit: Cent/kWh
price_threshold_00: 0.15600
price_threshold_01: 0.25500
price_threshold_02: 0.34500
price_threshold_03: 0.70200
price_threshold_04: 1.27500
price_threshold_05: 3.00700
price_threshold_06: 6.71300
price_threshold_07: 8.24700
price_threshold_08: 9.88300
price_threshold_09: 11.34200
price_threshold_10: 11.39000
price_threshold_11: 11.59500
price_threshold_12: 11.97800
price_threshold_13: 11.99700
price_threshold_14: 12.15300
price_threshold_15: 12.22100
price_threshold_16: 12.63500
price_threshold_17: 12.72300
price_threshold_18: 13.00000
price_threshold_19: 13.01100
price_threshold_20: 13.85900
price_threshold_21: 13.91500
price_threshold_22: 15.28700
price_threshold_23: 15.29400
data_price_hour_rel_-13_amount: 0.25500
data_price_hour_abs_00_amount: 0.25500
data_price_hour_rel_-12_amount: 0.15600
data_price_hour_abs_01_amount: 0.15600
data_price_hour_rel_-11_amount: 0.34500
data_price_hour_abs_02_amount: 0.34500
data_price_hour_rel_-10_amount: 0.70200
data_price_hour_abs_03_amount: 0.70200
data_price_hour_rel_-09_amount: 1.27500
data_price_hour_abs_04_amount: 1.27500
data_price_hour_rel_-08_amount: 3.00700
data_price_hour_abs_05_amount: 3.00700
data_price_hour_rel_-07_amount: 6.71300
data_price_hour_abs_06_amount: 6.71300
data_price_hour_rel_-06_amount: 9.88300
data_price_hour_abs_07_amount: 9.88300
data_price_hour_rel_-05_amount: 12.15300
data_price_hour_abs_08_amount: 12.15300
data_price_hour_rel_-04_amount: 12.72300
data_price_hour_abs_09_amount: 12.72300
data_price_hour_rel_-03_amount: 12.63500
data_price_hour_abs_10_amount: 12.63500
data_price_hour_rel_-02_amount: 11.99700
data_price_hour_abs_11_amount: 11.99700
data_price_hour_rel_-01_amount: 11.59500
data_price_hour_abs_12_amount: 11.59500
data_price_hour_rel_+00_amount: 11.39000
data_price_hour_abs_13_amount: 11.39000
data_price_hour_rel_+01_amount: 12.22100
data_price_hour_abs_14_amount: 12.22100
data_price_hour_rel_+02_amount: 13.01100
data_price_hour_abs_15_amount: 13.01100
data_price_hour_rel_+03_amount: 13.85900
data_price_hour_abs_16_amount: 13.85900
data_price_hour_rel_+04_amount: 15.28700
data_price_hour_abs_17_amount: 15.28700
data_price_hour_rel_+05_amount: 15.29400
data_price_hour_abs_18_amount: 15.29400
data_price_hour_rel_+06_amount: 13.91500
data_price_hour_abs_19_amount: 13.91500
data_price_hour_rel_+07_amount: 13.00000
data_price_hour_abs_20_amount: 13.00000
data_price_hour_rel_+08_amount: 11.97800
data_price_hour_abs_21_amount: 11.97800
data_price_hour_rel_+09_amount: 11.34200
data_price_hour_abs_22_amount: 11.34200
data_price_hour_rel_+10_amount: 8.24700
data_price_hour_abs_23_amount: 8.24700