date_now: 2025-01-07 13:29:29
date_now_epoch: 1736252969791
date_now_day: 7
date_now_month: 1
date_now_year: 2025
date_start: 2025-01-07 00:00:00
date_end: 2025-01-07 23:59:59
price_low: 0.50100
price_high: 10.11100
price_median: 7.24500
price_average: 5.82904
price_current: 6.39000
price_unit: Cent/kWh
price_threshold_00: 0.50100
price_threshold_01: 0.51300
price_threshold_02: 0.58000
price_threshold_03: 0.87100
price_threshold_04: 0.89000
price_threshold_05: 1.90700
price_threshold_06: 4.88600
price_threshold_07: 5.00400
price_threshold_08: 6.24400
price_threshold_09: 6.28000
price_threshold_10: 6.39000
price_threshold_11: 7.24500
price_threshold_12: 7.24500
price_threshold_13: 7.25600
price_threshold_14: 7.52500
price_threshold_15: 7.68300
price_threshold_16: 7.80100
price_threshold_17: 7.81100
price_threshold_18: 7.99800
price_threshold_19: 8.42400
price_threshold_20: 8.50800
price_threshold_21: 8.62100
price_threshold_22: 9.60300
price_threshold_23: 10.11100
data_price_hour_rel_-13_amount: 1.90700
data_price_hour_abs_00_amount: 1.90700
data_price_hour_rel_-12_amount: 0.87100
data_price_hour_abs_01_amount: 0.87100
data_price_hour_rel_-11_amount: 0.89000
data_price_hour_abs_02_amount: 0.89000
data_price_hour_rel_-10_amount: 0.50100
data_price_hour_abs_03_amount: 0.50100
data_price_hour_rel_-09_amount: 0.51300
data_price_hour_abs_04_amount: 0.51300
data_price_hour_rel_-08_amount: 0.58000
data_price_hour_abs_05_amount: 0.58000
data_price_hour_rel_-07_amount: 4.88600
data_price_hour_abs_06_amount: 4.88600
data_price_hour_rel_-06_amount: 7.68300
data_price_hour_abs_07_amount: 7.68300
data_price_hour_rel_-05_amount: 8.50800
data_price_hour_abs_08_amount: 8.50800
data_price_hour_rel_-04_amount: 8.42400
data_price_hour_abs_09_amount: 8.42400
data_price_hour_rel_-03_amount: 7.52500
data_price_hour_abs_10_amount: 7.52500
data_price_hour_rel_-02_amount: 6.28000
data_price_hour_abs_11_amount: 6.28000
data_price_hour_rel_-01_amount: 6.24400
data_price_hour_abs_12_amount: 6.24400
data_price_hour_rel_+00_amount: 6.39000
data_price_hour_abs_13_amount: 6.39000
data_price_hour_rel_+01_amount: 7.25600
data_price_hour_abs_14_amount: 7.25600
data_price_hour_rel_+02_amount: 7.81100
data_price_hour_abs_15_amount: 7.81100
data_price_hour_rel_+03_amount: 7.99800
data_price_hour_abs_16_amount: 7.99800
data_price_hour_rel_+04_amount: 9.60300
data_price_hour_abs_17_amount: 9.60300
data_price_hour_rel_+05_amount: 10.11100
data_price_hour_abs_18_amount: 10.11100
data_price_hour_rel_+06_amount: 8.62100
data_price_hour_abs_19_amount: 8.62100
data_price_hour_rel_+07_amount: 7.80100
data_price_hour_abs_20_amount: 7.80100
data_price_hour_rel_+08_amount: 7.24500
data_price_hour_abs_21_amount: 7.24500
data_price_hour_rel_+09_amount: 7.24500
data_price_hour_abs_22_amount: 7.24500
data_price_hour_rel_+10_amount: 5.00400
data_price_hour_abs_23_amount: 5.00400