date_now: 2025-04-11 14:31:29
date_now_epoch: 1744374689384
date_now_day: 11
date_now_month: 4
date_now_year: 2025
date_start: 2025-04-11 00:00:00
date_end: 2025-04-11 23:59:59
price_low: -0.49900
price_high: 15.50000
price_median: 6.36250
price_average: 6.46313
price_current: -0.36100
price_unit: Cent/kWh
price_threshold_00: -0.49900
price_threshold_01: -0.36100
price_threshold_02: -0.30000
price_threshold_03: -0.01000
price_threshold_04: 0.00000
price_threshold_05: 0.00000
price_threshold_06: 1.13100
price_threshold_07: 5.84300
price_threshold_08: 5.84400
price_threshold_09: 5.88900
price_threshold_10: 6.07500
price_threshold_11: 6.19300
price_threshold_12: 6.53200
price_threshold_13: 7.01500
price_threshold_14: 7.19900
price_threshold_15: 8.59000
price_threshold_16: 9.42000
price_threshold_17: 10.54900
price_threshold_18: 11.06900
price_threshold_19: 11.14000
price_threshold_20: 11.91000
price_threshold_21: 13.04600
price_threshold_22: 13.34000
price_threshold_23: 15.50000
data_price_hour_rel_-14_amount: 6.53200
data_price_hour_abs_00_amount: 6.53200
data_price_hour_rel_-13_amount: 6.07500
data_price_hour_abs_01_amount: 6.07500
data_price_hour_rel_-12_amount: 5.84400
data_price_hour_abs_02_amount: 5.84400
data_price_hour_rel_-11_amount: 5.84300
data_price_hour_abs_03_amount: 5.84300
data_price_hour_rel_-10_amount: 6.19300
data_price_hour_abs_04_amount: 6.19300
data_price_hour_rel_-09_amount: 7.19900
data_price_hour_abs_05_amount: 7.19900
data_price_hour_rel_-08_amount: 9.42000
data_price_hour_abs_06_amount: 9.42000
data_price_hour_rel_-07_amount: 11.14000
data_price_hour_abs_07_amount: 11.14000
data_price_hour_rel_-06_amount: 8.59000
data_price_hour_abs_08_amount: 8.59000
data_price_hour_rel_-05_amount: 5.88900
data_price_hour_abs_09_amount: 5.88900
data_price_hour_rel_-04_amount: 1.13100
data_price_hour_abs_10_amount: 1.13100
data_price_hour_rel_-03_amount: 0.00000
data_price_hour_abs_11_amount: 0.00000
data_price_hour_rel_-02_amount: -0.30000
data_price_hour_abs_12_amount: -0.30000
data_price_hour_rel_-01_amount: -0.49900
data_price_hour_abs_13_amount: -0.49900
data_price_hour_rel_+00_amount: -0.36100
data_price_hour_abs_14_amount: -0.36100
data_price_hour_rel_+01_amount: -0.01000
data_price_hour_abs_15_amount: -0.01000
data_price_hour_rel_+02_amount: 0.00000
data_price_hour_abs_16_amount: 0.00000
data_price_hour_rel_+03_amount: 7.01500
data_price_hour_abs_17_amount: 7.01500
data_price_hour_rel_+04_amount: 11.06900
data_price_hour_abs_18_amount: 11.06900
data_price_hour_rel_+05_amount: 13.34000
data_price_hour_abs_19_amount: 13.34000
data_price_hour_rel_+06_amount: 15.50000
data_price_hour_abs_20_amount: 15.50000
data_price_hour_rel_+07_amount: 13.04600
data_price_hour_abs_21_amount: 13.04600
data_price_hour_rel_+08_amount: 11.91000
data_price_hour_abs_22_amount: 11.91000
data_price_hour_rel_+09_amount: 10.54900
data_price_hour_abs_23_amount: 10.54900