date_now: 2025-07-04 14:34:21
date_now_epoch: 1751632461845
date_now_day: 4
date_now_month: 7
date_now_year: 2025
date_start: 2025-07-04 00:00:00
date_end: 2025-07-04 23:59:59
price_low: -0.15600
price_high: 15.01000
price_median: 10.06550
price_average: 7.96150
price_current: -0.13700
price_unit: Cent/kWh
price_threshold_00: -0.15600
price_threshold_01: -0.13700
price_threshold_02: -0.06100
price_threshold_03: -0.00500
price_threshold_04: 0.23900
price_threshold_05: 0.66900
price_threshold_06: 6.20400
price_threshold_07: 7.00100
price_threshold_08: 8.86800
price_threshold_09: 9.11500
price_threshold_10: 9.84400
price_threshold_11: 10.00000
price_threshold_12: 10.13100
price_threshold_13: 10.32000
price_threshold_14: 10.54500
price_threshold_15: 10.66300
price_threshold_16: 10.79900
price_threshold_17: 11.00000
price_threshold_18: 11.10100
price_threshold_19: 11.64600
price_threshold_20: 12.23800
price_threshold_21: 12.96800
price_threshold_22: 13.07400
price_threshold_23: 15.01000
data_price_hour_rel_-14_amount: 11.10100
data_price_hour_abs_00_amount: 11.10100
data_price_hour_rel_-13_amount: 10.54500
data_price_hour_abs_01_amount: 10.54500
data_price_hour_rel_-12_amount: 10.13100
data_price_hour_abs_02_amount: 10.13100
data_price_hour_rel_-11_amount: 9.84400
data_price_hour_abs_03_amount: 9.84400
data_price_hour_rel_-10_amount: 10.32000
data_price_hour_abs_04_amount: 10.32000
data_price_hour_rel_-09_amount: 10.66300
data_price_hour_abs_05_amount: 10.66300
data_price_hour_rel_-08_amount: 12.23800
data_price_hour_abs_06_amount: 12.23800
data_price_hour_rel_-07_amount: 11.64600
data_price_hour_abs_07_amount: 11.64600
data_price_hour_rel_-06_amount: 10.00000
data_price_hour_abs_08_amount: 10.00000
data_price_hour_rel_-05_amount: 9.11500
data_price_hour_abs_09_amount: 9.11500
data_price_hour_rel_-04_amount: 7.00100
data_price_hour_abs_10_amount: 7.00100
data_price_hour_rel_-03_amount: 0.66900
data_price_hour_abs_11_amount: 0.66900
data_price_hour_rel_-02_amount: -0.00500
data_price_hour_abs_12_amount: -0.00500
data_price_hour_rel_-01_amount: -0.15600
data_price_hour_abs_13_amount: -0.15600
data_price_hour_rel_+00_amount: -0.13700
data_price_hour_abs_14_amount: -0.13700
data_price_hour_rel_+01_amount: -0.06100
data_price_hour_abs_15_amount: -0.06100
data_price_hour_rel_+02_amount: 0.23900
data_price_hour_abs_16_amount: 0.23900
data_price_hour_rel_+03_amount: 6.20400
data_price_hour_abs_17_amount: 6.20400
data_price_hour_rel_+04_amount: 8.86800
data_price_hour_abs_18_amount: 8.86800
data_price_hour_rel_+05_amount: 11.00000
data_price_hour_abs_19_amount: 11.00000
data_price_hour_rel_+06_amount: 13.07400
data_price_hour_abs_20_amount: 13.07400
data_price_hour_rel_+07_amount: 15.01000
data_price_hour_abs_21_amount: 15.01000
data_price_hour_rel_+08_amount: 12.96800
data_price_hour_abs_22_amount: 12.96800
data_price_hour_rel_+09_amount: 10.79900
data_price_hour_abs_23_amount: 10.79900