date_now: 2025-10-14 14:35:41
date_now_epoch: 1760445341252
date_now_day: 14
date_now_month: 10
date_now_year: 2025
date_start: 2025-10-14 00:00:00
date_end: 2025-10-14 23:59:59
price_low: 9.88700
price_high: 40.72100
price_median: 12.27850
price_average: 15.61392
price_current: 10.52700
price_unit: Cent/kWh
price_threshold_00: 9.88700
price_threshold_01: 9.95200
price_threshold_02: 10.00500
price_threshold_03: 10.14500
price_threshold_04: 10.30000
price_threshold_05: 10.30200
price_threshold_06: 10.52700
price_threshold_07: 10.76500
price_threshold_08: 10.91800
price_threshold_09: 11.53600
price_threshold_10: 11.98500
price_threshold_11: 12.22800
price_threshold_12: 12.32900
price_threshold_13: 12.98600
price_threshold_14: 13.47300
price_threshold_15: 14.66000
price_threshold_16: 15.64500
price_threshold_17: 16.02000
price_threshold_18: 16.30400
price_threshold_19: 19.08200
price_threshold_20: 21.92000
price_threshold_21: 22.54800
price_threshold_22: 40.49600
price_threshold_23: 40.72100
data_price_hour_rel_-14_amount: 10.91800
data_price_hour_abs_00_amount: 10.91800
data_price_hour_rel_-13_amount: 10.30200
data_price_hour_abs_01_amount: 10.30200
data_price_hour_rel_-12_amount: 9.95200
data_price_hour_abs_02_amount: 9.95200
data_price_hour_rel_-11_amount: 9.88700
data_price_hour_abs_03_amount: 9.88700
data_price_hour_rel_-10_amount: 10.00500
data_price_hour_abs_04_amount: 10.00500
data_price_hour_rel_-09_amount: 10.14500
data_price_hour_abs_05_amount: 10.14500
data_price_hour_rel_-08_amount: 12.32900
data_price_hour_abs_06_amount: 12.32900
data_price_hour_rel_-07_amount: 16.02000
data_price_hour_abs_07_amount: 16.02000
data_price_hour_rel_-06_amount: 19.08200
data_price_hour_abs_08_amount: 19.08200
data_price_hour_rel_-05_amount: 15.64500
data_price_hour_abs_09_amount: 15.64500
data_price_hour_rel_-04_amount: 13.47300
data_price_hour_abs_10_amount: 13.47300
data_price_hour_rel_-03_amount: 11.98500
data_price_hour_abs_11_amount: 11.98500
data_price_hour_rel_-02_amount: 10.76500
data_price_hour_abs_12_amount: 10.76500
data_price_hour_rel_-01_amount: 10.30000
data_price_hour_abs_13_amount: 10.30000
data_price_hour_rel_+00_amount: 10.52700
data_price_hour_abs_14_amount: 10.52700
data_price_hour_rel_+01_amount: 12.22800
data_price_hour_abs_15_amount: 12.22800
data_price_hour_rel_+02_amount: 14.66000
data_price_hour_abs_16_amount: 14.66000
data_price_hour_rel_+03_amount: 21.92000
data_price_hour_abs_17_amount: 21.92000
data_price_hour_rel_+04_amount: 40.49600
data_price_hour_abs_18_amount: 40.49600
data_price_hour_rel_+05_amount: 40.72100
data_price_hour_abs_19_amount: 40.72100
data_price_hour_rel_+06_amount: 22.54800
data_price_hour_abs_20_amount: 22.54800
data_price_hour_rel_+07_amount: 16.30400
data_price_hour_abs_21_amount: 16.30400
data_price_hour_rel_+08_amount: 12.98600
data_price_hour_abs_22_amount: 12.98600
data_price_hour_rel_+09_amount: 11.53600
data_price_hour_abs_23_amount: 11.53600