date_now: 2025-08-11 14:37:43
date_now_epoch: 1754915863458
date_now_day: 11
date_now_month: 8
date_now_year: 2025
date_start: 2025-08-11 00:00:00
date_end: 2025-08-11 23:59:59
price_low: 0.00000
price_high: 19.19500
price_median: 9.25500
price_average: 8.44783
price_current: 0.00000
price_unit: Cent/kWh
price_threshold_00: 0.00000
price_threshold_01: 0.00000
price_threshold_02: 0.00000
price_threshold_03: 0.25400
price_threshold_04: 0.90000
price_threshold_05: 5.00000
price_threshold_06: 5.61400
price_threshold_07: 8.51900
price_threshold_08: 8.74400
price_threshold_09: 9.07500
price_threshold_10: 9.19700
price_threshold_11: 9.22500
price_threshold_12: 9.28500
price_threshold_13: 9.60000
price_threshold_14: 9.98200
price_threshold_15: 10.35100
price_threshold_16: 10.53500
price_threshold_17: 10.82600
price_threshold_18: 10.88700
price_threshold_19: 12.92200
price_threshold_20: 13.34900
price_threshold_21: 13.88800
price_threshold_22: 15.40000
price_threshold_23: 19.19500
data_price_hour_rel_-14_amount: 9.98200
data_price_hour_abs_00_amount: 9.98200
data_price_hour_rel_-13_amount: 9.19700
data_price_hour_abs_01_amount: 9.19700
data_price_hour_rel_-12_amount: 8.74400
data_price_hour_abs_02_amount: 8.74400
data_price_hour_rel_-11_amount: 8.51900
data_price_hour_abs_03_amount: 8.51900
data_price_hour_rel_-10_amount: 9.28500
data_price_hour_abs_04_amount: 9.28500
data_price_hour_rel_-09_amount: 10.35100
data_price_hour_abs_05_amount: 10.35100
data_price_hour_rel_-08_amount: 12.92200
data_price_hour_abs_06_amount: 12.92200
data_price_hour_rel_-07_amount: 13.34900
data_price_hour_abs_07_amount: 13.34900
data_price_hour_rel_-06_amount: 10.53500
data_price_hour_abs_08_amount: 10.53500
data_price_hour_rel_-05_amount: 9.07500
data_price_hour_abs_09_amount: 9.07500
data_price_hour_rel_-04_amount: 5.00000
data_price_hour_abs_10_amount: 5.00000
data_price_hour_rel_-03_amount: 0.25400
data_price_hour_abs_11_amount: 0.25400
data_price_hour_rel_-02_amount: 0.00000
data_price_hour_abs_12_amount: 0.00000
data_price_hour_rel_-01_amount: 0.00000
data_price_hour_abs_13_amount: 0.00000
data_price_hour_rel_+00_amount: 0.00000
data_price_hour_abs_14_amount: 0.00000
data_price_hour_rel_+01_amount: 0.90000
data_price_hour_abs_15_amount: 0.90000
data_price_hour_rel_+02_amount: 5.61400
data_price_hour_abs_16_amount: 5.61400
data_price_hour_rel_+03_amount: 9.22500
data_price_hour_abs_17_amount: 9.22500
data_price_hour_rel_+04_amount: 10.82600
data_price_hour_abs_18_amount: 10.82600
data_price_hour_rel_+05_amount: 15.40000
data_price_hour_abs_19_amount: 15.40000
data_price_hour_rel_+06_amount: 19.19500
data_price_hour_abs_20_amount: 19.19500
data_price_hour_rel_+07_amount: 13.88800
data_price_hour_abs_21_amount: 13.88800
data_price_hour_rel_+08_amount: 10.88700
data_price_hour_abs_22_amount: 10.88700
data_price_hour_rel_+09_amount: 9.60000
data_price_hour_abs_23_amount: 9.60000