date_now: 2025-10-07 14:34:15
date_now_epoch: 1759840455767
date_now_day: 7
date_now_month: 10
date_now_year: 2025
date_start: 2025-10-07 00:00:00
date_end: 2025-10-07 23:59:59
price_low: 8.95500
price_high: 28.76700
price_median: 11.76350
price_average: 13.79563
price_current: 10.53500
price_unit: Cent/kWh
price_threshold_00: 8.95500
price_threshold_01: 8.98200
price_threshold_02: 9.29800
price_threshold_03: 9.39800
price_threshold_04: 9.67400
price_threshold_05: 9.74800
price_threshold_06: 10.02600
price_threshold_07: 10.53500
price_threshold_08: 10.61900
price_threshold_09: 10.74200
price_threshold_10: 11.09400
price_threshold_11: 11.31600
price_threshold_12: 12.21100
price_threshold_13: 12.32400
price_threshold_14: 12.99100
price_threshold_15: 13.48800
price_threshold_16: 14.63400
price_threshold_17: 15.18400
price_threshold_18: 15.46600
price_threshold_19: 20.24200
price_threshold_20: 21.21800
price_threshold_21: 21.32800
price_threshold_22: 22.85500
price_threshold_23: 28.76700
data_price_hour_rel_-14_amount: 10.02600
data_price_hour_abs_00_amount: 10.02600
data_price_hour_rel_-13_amount: 9.39800
data_price_hour_abs_01_amount: 9.39800
data_price_hour_rel_-12_amount: 8.98200
data_price_hour_abs_02_amount: 8.98200
data_price_hour_rel_-11_amount: 8.95500
data_price_hour_abs_03_amount: 8.95500
data_price_hour_rel_-10_amount: 9.29800
data_price_hour_abs_04_amount: 9.29800
data_price_hour_rel_-09_amount: 9.67400
data_price_hour_abs_05_amount: 9.67400
data_price_hour_rel_-08_amount: 13.48800
data_price_hour_abs_06_amount: 13.48800
data_price_hour_rel_-07_amount: 22.85500
data_price_hour_abs_07_amount: 22.85500
data_price_hour_rel_-06_amount: 28.76700
data_price_hour_abs_08_amount: 28.76700
data_price_hour_rel_-05_amount: 21.21800
data_price_hour_abs_09_amount: 21.21800
data_price_hour_rel_-04_amount: 15.46600
data_price_hour_abs_10_amount: 15.46600
data_price_hour_rel_-03_amount: 12.99100
data_price_hour_abs_11_amount: 12.99100
data_price_hour_rel_-02_amount: 11.09400
data_price_hour_abs_12_amount: 11.09400
data_price_hour_rel_-01_amount: 10.61900
data_price_hour_abs_13_amount: 10.61900
data_price_hour_rel_+00_amount: 10.53500
data_price_hour_abs_14_amount: 10.53500
data_price_hour_rel_+01_amount: 11.31600
data_price_hour_abs_15_amount: 11.31600
data_price_hour_rel_+02_amount: 12.21100
data_price_hour_abs_16_amount: 12.21100
data_price_hour_rel_+03_amount: 15.18400
data_price_hour_abs_17_amount: 15.18400
data_price_hour_rel_+04_amount: 20.24200
data_price_hour_abs_18_amount: 20.24200
data_price_hour_rel_+05_amount: 21.32800
data_price_hour_abs_19_amount: 21.32800
data_price_hour_rel_+06_amount: 14.63400
data_price_hour_abs_20_amount: 14.63400
data_price_hour_rel_+07_amount: 12.32400
data_price_hour_abs_21_amount: 12.32400
data_price_hour_rel_+08_amount: 10.74200
data_price_hour_abs_22_amount: 10.74200
data_price_hour_rel_+09_amount: 9.74800
data_price_hour_abs_23_amount: 9.74800