date_now: 2025-12-09 13:37:49
date_now_epoch: 1765283869406
date_now_day: 9
date_now_month: 12
date_now_year: 2025
date_start: 2025-12-09 00:00:00
date_end: 2025-12-09 23:59:59
price_low: 5.54200
price_high: 12.97500
price_median: 9.73700
price_average: 9.15754
price_current: 10.11000
price_unit: Cent/kWh
price_threshold_00: 5.54200
price_threshold_01: 7.27900
price_threshold_02: 7.33300
price_threshold_03: 7.37000
price_threshold_04: 7.37100
price_threshold_05: 7.37200
price_threshold_06: 7.48500
price_threshold_07: 7.93600
price_threshold_08: 8.02100
price_threshold_09: 8.36700
price_threshold_10: 8.51000
price_threshold_11: 9.69100
price_threshold_12: 9.78300
price_threshold_13: 9.88500
price_threshold_14: 10.02200
price_threshold_15: 10.11000
price_threshold_16: 10.30600
price_threshold_17: 10.33400
price_threshold_18: 10.45700
price_threshold_19: 10.57900
price_threshold_20: 10.83000
price_threshold_21: 11.08900
price_threshold_22: 11.13400
price_threshold_23: 12.97500
data_price_hour_rel_-13_amount: 7.37000
data_price_hour_abs_00_amount: 7.37000
data_price_hour_rel_-12_amount: 7.27900
data_price_hour_abs_01_amount: 7.27900
data_price_hour_rel_-11_amount: 7.37100
data_price_hour_abs_02_amount: 7.37100
data_price_hour_rel_-10_amount: 7.48500
data_price_hour_abs_03_amount: 7.48500
data_price_hour_rel_-09_amount: 7.37200
data_price_hour_abs_04_amount: 7.37200
data_price_hour_rel_-08_amount: 8.02100
data_price_hour_abs_05_amount: 8.02100
data_price_hour_rel_-07_amount: 9.88500
data_price_hour_abs_06_amount: 9.88500
data_price_hour_rel_-06_amount: 10.57900
data_price_hour_abs_07_amount: 10.57900
data_price_hour_rel_-05_amount: 12.97500
data_price_hour_abs_08_amount: 12.97500
data_price_hour_rel_-04_amount: 11.13400
data_price_hour_abs_09_amount: 11.13400
data_price_hour_rel_-03_amount: 10.30600
data_price_hour_abs_10_amount: 10.30600
data_price_hour_rel_-02_amount: 10.33400
data_price_hour_abs_11_amount: 10.33400
data_price_hour_rel_-01_amount: 9.78300
data_price_hour_abs_12_amount: 9.78300
data_price_hour_rel_+00_amount: 10.11000
data_price_hour_abs_13_amount: 10.11000
data_price_hour_rel_+01_amount: 10.02200
data_price_hour_abs_14_amount: 10.02200
data_price_hour_rel_+02_amount: 11.08900
data_price_hour_abs_15_amount: 11.08900
data_price_hour_rel_+03_amount: 10.83000
data_price_hour_abs_16_amount: 10.83000
data_price_hour_rel_+04_amount: 10.45700
data_price_hour_abs_17_amount: 10.45700
data_price_hour_rel_+05_amount: 9.69100
data_price_hour_abs_18_amount: 9.69100
data_price_hour_rel_+06_amount: 8.51000
data_price_hour_abs_19_amount: 8.51000
data_price_hour_rel_+07_amount: 8.36700
data_price_hour_abs_20_amount: 8.36700
data_price_hour_rel_+08_amount: 7.93600
data_price_hour_abs_21_amount: 7.93600
data_price_hour_rel_+09_amount: 7.33300
data_price_hour_abs_22_amount: 7.33300
data_price_hour_rel_+10_amount: 5.54200
data_price_hour_abs_23_amount: 5.54200