date_now: 2025-03-07 13:28:57
date_now_epoch: 1741350537745
date_now_day: 7
date_now_month: 3
date_now_year: 2025
date_start: 2025-03-07 00:00:00
date_end: 2025-03-07 23:59:59
price_low: 0.80800
price_high: 21.66400
price_median: 10.54150
price_average: 10.39929
price_current: 0.80800
price_unit: Cent/kWh
price_threshold_00: 0.80800
price_threshold_01: 1.27900
price_threshold_02: 3.18100
price_threshold_03: 3.70600
price_threshold_04: 6.53000
price_threshold_05: 8.30000
price_threshold_06: 9.01500
price_threshold_07: 9.02700
price_threshold_08: 9.02700
price_threshold_09: 9.13800
price_threshold_10: 9.16900
price_threshold_11: 9.90000
price_threshold_12: 11.18300
price_threshold_13: 11.51700
price_threshold_14: 11.91100
price_threshold_15: 12.22300
price_threshold_16: 12.69900
price_threshold_17: 13.24000
price_threshold_18: 13.56700
price_threshold_19: 14.77000
price_threshold_20: 14.87000
price_threshold_21: 14.99100
price_threshold_22: 17.86800
price_threshold_23: 21.66400
data_price_hour_rel_-13_amount: 9.02700
data_price_hour_abs_00_amount: 9.02700
data_price_hour_rel_-12_amount: 9.02700
data_price_hour_abs_01_amount: 9.02700
data_price_hour_rel_-11_amount: 9.13800
data_price_hour_abs_02_amount: 9.13800
data_price_hour_rel_-10_amount: 9.16900
data_price_hour_abs_03_amount: 9.16900
data_price_hour_rel_-09_amount: 9.90000
data_price_hour_abs_04_amount: 9.90000
data_price_hour_rel_-08_amount: 11.51700
data_price_hour_abs_05_amount: 11.51700
data_price_hour_rel_-07_amount: 13.56700
data_price_hour_abs_06_amount: 13.56700
data_price_hour_rel_-06_amount: 14.77000
data_price_hour_abs_07_amount: 14.77000
data_price_hour_rel_-05_amount: 12.22300
data_price_hour_abs_08_amount: 12.22300
data_price_hour_rel_-04_amount: 8.30000
data_price_hour_abs_09_amount: 8.30000
data_price_hour_rel_-03_amount: 6.53000
data_price_hour_abs_10_amount: 6.53000
data_price_hour_rel_-02_amount: 3.18100
data_price_hour_abs_11_amount: 3.18100
data_price_hour_rel_-01_amount: 1.27900
data_price_hour_abs_12_amount: 1.27900
data_price_hour_rel_+00_amount: 0.80800
data_price_hour_abs_13_amount: 0.80800
data_price_hour_rel_+01_amount: 3.70600
data_price_hour_abs_14_amount: 3.70600
data_price_hour_rel_+02_amount: 9.01500
data_price_hour_abs_15_amount: 9.01500
data_price_hour_rel_+03_amount: 12.69900
data_price_hour_abs_16_amount: 12.69900
data_price_hour_rel_+04_amount: 14.99100
data_price_hour_abs_17_amount: 14.99100
data_price_hour_rel_+05_amount: 21.66400
data_price_hour_abs_18_amount: 21.66400
data_price_hour_rel_+06_amount: 17.86800
data_price_hour_abs_19_amount: 17.86800
data_price_hour_rel_+07_amount: 14.87000
data_price_hour_abs_20_amount: 14.87000
data_price_hour_rel_+08_amount: 13.24000
data_price_hour_abs_21_amount: 13.24000
data_price_hour_rel_+09_amount: 11.91100
data_price_hour_abs_22_amount: 11.91100
data_price_hour_rel_+10_amount: 11.18300
data_price_hour_abs_23_amount: 11.18300