date_now: 2025-05-02 14:31:36
date_now_epoch: 1746189096008
date_now_day: 2
date_now_month: 5
date_now_year: 2025
date_start: 2025-05-02 00:00:00
date_end: 2025-05-02 23:59:59
price_low: -0.40000
price_high: 15.04000
price_median: 7.07550
price_average: 6.27913
price_current: -0.40000
price_unit: Cent/kWh
price_threshold_00: -0.40000
price_threshold_01: -0.30000
price_threshold_02: -0.08000
price_threshold_03: -0.00800
price_threshold_04: -0.00100
price_threshold_05: 0.03000
price_threshold_06: 0.08500
price_threshold_07: 5.50000
price_threshold_08: 6.39100
price_threshold_09: 6.60000
price_threshold_10: 6.69000
price_threshold_11: 6.75000
price_threshold_12: 7.40100
price_threshold_13: 7.71200
price_threshold_14: 8.49000
price_threshold_15: 8.68300
price_threshold_16: 8.85500
price_threshold_17: 8.99200
price_threshold_18: 9.64400
price_threshold_19: 9.99000
price_threshold_20: 10.67200
price_threshold_21: 11.83900
price_threshold_22: 12.12400
price_threshold_23: 15.04000
data_price_hour_rel_-14_amount: 8.99200
data_price_hour_abs_00_amount: 8.99200
data_price_hour_rel_-13_amount: 7.71200
data_price_hour_abs_01_amount: 7.71200
data_price_hour_rel_-12_amount: 6.69000
data_price_hour_abs_02_amount: 6.69000
data_price_hour_rel_-11_amount: 6.39100
data_price_hour_abs_03_amount: 6.39100
data_price_hour_rel_-10_amount: 6.60000
data_price_hour_abs_04_amount: 6.60000
data_price_hour_rel_-09_amount: 7.40100
data_price_hour_abs_05_amount: 7.40100
data_price_hour_rel_-08_amount: 8.68300
data_price_hour_abs_06_amount: 8.68300
data_price_hour_rel_-07_amount: 8.85500
data_price_hour_abs_07_amount: 8.85500
data_price_hour_rel_-06_amount: 8.49000
data_price_hour_abs_08_amount: 8.49000
data_price_hour_rel_-05_amount: 5.50000
data_price_hour_abs_09_amount: 5.50000
data_price_hour_rel_-04_amount: 0.08500
data_price_hour_abs_10_amount: 0.08500
data_price_hour_rel_-03_amount: -0.00100
data_price_hour_abs_11_amount: -0.00100
data_price_hour_rel_-02_amount: -0.08000
data_price_hour_abs_12_amount: -0.08000
data_price_hour_rel_-01_amount: -0.30000
data_price_hour_abs_13_amount: -0.30000
data_price_hour_rel_+00_amount: -0.40000
data_price_hour_abs_14_amount: -0.40000
data_price_hour_rel_+01_amount: -0.00800
data_price_hour_abs_15_amount: -0.00800
data_price_hour_rel_+02_amount: 0.03000
data_price_hour_abs_16_amount: 0.03000
data_price_hour_rel_+03_amount: 6.75000
data_price_hour_abs_17_amount: 6.75000
data_price_hour_rel_+04_amount: 9.99000
data_price_hour_abs_18_amount: 9.99000
data_price_hour_rel_+05_amount: 11.83900
data_price_hour_abs_19_amount: 11.83900
data_price_hour_rel_+06_amount: 15.04000
data_price_hour_abs_20_amount: 15.04000
data_price_hour_rel_+07_amount: 12.12400
data_price_hour_abs_21_amount: 12.12400
data_price_hour_rel_+08_amount: 10.67200
data_price_hour_abs_22_amount: 10.67200
data_price_hour_rel_+09_amount: 9.64400
data_price_hour_abs_23_amount: 9.64400