date_now: 2025-06-19 14:34:44
date_now_epoch: 1750336484380
date_now_day: 19
date_now_month: 6
date_now_year: 2025
date_start: 2025-06-19 00:00:00
date_end: 2025-06-19 23:59:59
price_low: -6.54400
price_high: 14.18000
price_median: 9.24650
price_average: 5.60225
price_current: -6.49500
price_unit: Cent/kWh
price_threshold_00: -6.54400
price_threshold_01: -6.49500
price_threshold_02: -5.22100
price_threshold_03: -3.97900
price_threshold_04: -2.99800
price_threshold_05: -0.49500
price_threshold_06: -0.13300
price_threshold_07: 0.08600
price_threshold_08: 0.23000
price_threshold_09: 7.12500
price_threshold_10: 8.03300
price_threshold_11: 8.92500
price_threshold_12: 9.56800
price_threshold_13: 9.95100
price_threshold_14: 10.09400
price_threshold_15: 10.15100
price_threshold_16: 10.52900
price_threshold_17: 10.64000
price_threshold_18: 10.88900
price_threshold_19: 11.22000
price_threshold_20: 11.84700
price_threshold_21: 12.96600
price_threshold_22: 13.88500
price_threshold_23: 14.18000
data_price_hour_rel_-14_amount: 11.22000
data_price_hour_abs_00_amount: 11.22000
data_price_hour_rel_-13_amount: 10.64000
data_price_hour_abs_01_amount: 10.64000
data_price_hour_rel_-12_amount: 10.52900
data_price_hour_abs_02_amount: 10.52900
data_price_hour_rel_-11_amount: 9.95100
data_price_hour_abs_03_amount: 9.95100
data_price_hour_rel_-10_amount: 10.09400
data_price_hour_abs_04_amount: 10.09400
data_price_hour_rel_-09_amount: 9.56800
data_price_hour_abs_05_amount: 9.56800
data_price_hour_rel_-08_amount: 10.15100
data_price_hour_abs_06_amount: 10.15100
data_price_hour_rel_-07_amount: 8.92500
data_price_hour_abs_07_amount: 8.92500
data_price_hour_rel_-06_amount: 7.12500
data_price_hour_abs_08_amount: 7.12500
data_price_hour_rel_-05_amount: 0.08600
data_price_hour_abs_09_amount: 0.08600
data_price_hour_rel_-04_amount: -0.13300
data_price_hour_abs_10_amount: -0.13300
data_price_hour_rel_-03_amount: -2.99800
data_price_hour_abs_11_amount: -2.99800
data_price_hour_rel_-02_amount: -5.22100
data_price_hour_abs_12_amount: -5.22100
data_price_hour_rel_-01_amount: -6.54400
data_price_hour_abs_13_amount: -6.54400
data_price_hour_rel_+00_amount: -6.49500
data_price_hour_abs_14_amount: -6.49500
data_price_hour_rel_+01_amount: -3.97900
data_price_hour_abs_15_amount: -3.97900
data_price_hour_rel_+02_amount: -0.49500
data_price_hour_abs_16_amount: -0.49500
data_price_hour_rel_+03_amount: 0.23000
data_price_hour_abs_17_amount: 0.23000
data_price_hour_rel_+04_amount: 8.03300
data_price_hour_abs_18_amount: 8.03300
data_price_hour_rel_+05_amount: 11.84700
data_price_hour_abs_19_amount: 11.84700
data_price_hour_rel_+06_amount: 13.88500
data_price_hour_abs_20_amount: 13.88500
data_price_hour_rel_+07_amount: 14.18000
data_price_hour_abs_21_amount: 14.18000
data_price_hour_rel_+08_amount: 12.96600
data_price_hour_abs_22_amount: 12.96600
data_price_hour_rel_+09_amount: 10.88900
data_price_hour_abs_23_amount: 10.88900