date_now: 2025-05-09 14:32:06
date_now_epoch: 1746793926865
date_now_day: 9
date_now_month: 5
date_now_year: 2025
date_start: 2025-05-09 00:00:00
date_end: 2025-05-09 23:59:59
price_low: -0.07400
price_high: 14.91300
price_median: 9.74350
price_average: 8.11137
price_current: -0.00100
price_unit: Cent/kWh
price_threshold_00: -0.07400
price_threshold_01: -0.00400
price_threshold_02: -0.00100
price_threshold_03: 0.00900
price_threshold_04: 0.01000
price_threshold_05: 5.16000
price_threshold_06: 5.26600
price_threshold_07: 7.90600
price_threshold_08: 8.20000
price_threshold_09: 9.37600
price_threshold_10: 9.50900
price_threshold_11: 9.65500
price_threshold_12: 9.83200
price_threshold_13: 9.89000
price_threshold_14: 10.02800
price_threshold_15: 10.06100
price_threshold_16: 10.22700
price_threshold_17: 10.73200
price_threshold_18: 11.24000
price_threshold_19: 12.00000
price_threshold_20: 13.03500
price_threshold_21: 13.60300
price_threshold_22: 14.10000
price_threshold_23: 14.91300
data_price_hour_rel_-14_amount: 10.22700
data_price_hour_abs_00_amount: 10.22700
data_price_hour_rel_-13_amount: 9.65500
data_price_hour_abs_01_amount: 9.65500
data_price_hour_rel_-12_amount: 9.37600
data_price_hour_abs_02_amount: 9.37600
data_price_hour_rel_-11_amount: 9.50900
data_price_hour_abs_03_amount: 9.50900
data_price_hour_rel_-10_amount: 10.02800
data_price_hour_abs_04_amount: 10.02800
data_price_hour_rel_-09_amount: 11.24000
data_price_hour_abs_05_amount: 11.24000
data_price_hour_rel_-08_amount: 14.10000
data_price_hour_abs_06_amount: 14.10000
data_price_hour_rel_-07_amount: 13.60300
data_price_hour_abs_07_amount: 13.60300
data_price_hour_rel_-06_amount: 10.06100
data_price_hour_abs_08_amount: 10.06100
data_price_hour_rel_-05_amount: 8.20000
data_price_hour_abs_09_amount: 8.20000
data_price_hour_rel_-04_amount: 5.16000
data_price_hour_abs_10_amount: 5.16000
data_price_hour_rel_-03_amount: 0.01000
data_price_hour_abs_11_amount: 0.01000
data_price_hour_rel_-02_amount: -0.07400
data_price_hour_abs_12_amount: -0.07400
data_price_hour_rel_-01_amount: -0.00400
data_price_hour_abs_13_amount: -0.00400
data_price_hour_rel_+00_amount: -0.00100
data_price_hour_abs_14_amount: -0.00100
data_price_hour_rel_+01_amount: 0.00900
data_price_hour_abs_15_amount: 0.00900
data_price_hour_rel_+02_amount: 5.26600
data_price_hour_abs_16_amount: 5.26600
data_price_hour_rel_+03_amount: 7.90600
data_price_hour_abs_17_amount: 7.90600
data_price_hour_rel_+04_amount: 9.89000
data_price_hour_abs_18_amount: 9.89000
data_price_hour_rel_+05_amount: 12.00000
data_price_hour_abs_19_amount: 12.00000
data_price_hour_rel_+06_amount: 14.91300
data_price_hour_abs_20_amount: 14.91300
data_price_hour_rel_+07_amount: 13.03500
data_price_hour_abs_21_amount: 13.03500
data_price_hour_rel_+08_amount: 10.73200
data_price_hour_abs_22_amount: 10.73200
data_price_hour_rel_+09_amount: 9.83200
data_price_hour_abs_23_amount: 9.83200