date_now: 2025-12-27 13:34:25
date_now_epoch: 1766838865168
date_now_day: 27
date_now_month: 12
date_now_year: 2025
date_start: 2025-12-27 00:00:00
date_end: 2025-12-27 23:59:59
price_low: 7.45400
price_high: 10.84300
price_median: 9.27700
price_average: 9.14462
price_current: 7.67400
price_unit: Cent/kWh
price_threshold_00: 7.45400
price_threshold_01: 7.54000
price_threshold_02: 7.67400
price_threshold_03: 8.00300
price_threshold_04: 8.12000
price_threshold_05: 8.27200
price_threshold_06: 8.31700
price_threshold_07: 8.40000
price_threshold_08: 8.47100
price_threshold_09: 8.80200
price_threshold_10: 9.13000
price_threshold_11: 9.17300
price_threshold_12: 9.38100
price_threshold_13: 9.39000
price_threshold_14: 9.45400
price_threshold_15: 9.54200
price_threshold_16: 9.66900
price_threshold_17: 9.95100
price_threshold_18: 10.23200
price_threshold_19: 10.25900
price_threshold_20: 10.30100
price_threshold_21: 10.50000
price_threshold_22: 10.59300
price_threshold_23: 10.84300
data_price_hour_rel_-13_amount: 9.66900
data_price_hour_abs_00_amount: 9.66900
data_price_hour_rel_-12_amount: 9.17300
data_price_hour_abs_01_amount: 9.17300
data_price_hour_rel_-11_amount: 8.47100
data_price_hour_abs_02_amount: 8.47100
data_price_hour_rel_-10_amount: 8.27200
data_price_hour_abs_03_amount: 8.27200
data_price_hour_rel_-09_amount: 8.40000
data_price_hour_abs_04_amount: 8.40000
data_price_hour_rel_-08_amount: 8.31700
data_price_hour_abs_05_amount: 8.31700
data_price_hour_rel_-07_amount: 8.80200
data_price_hour_abs_06_amount: 8.80200
data_price_hour_rel_-06_amount: 9.95100
data_price_hour_abs_07_amount: 9.95100
data_price_hour_rel_-05_amount: 10.23200
data_price_hour_abs_08_amount: 10.23200
data_price_hour_rel_-04_amount: 9.38100
data_price_hour_abs_09_amount: 9.38100
data_price_hour_rel_-03_amount: 8.00300
data_price_hour_abs_10_amount: 8.00300
data_price_hour_rel_-02_amount: 7.54000
data_price_hour_abs_11_amount: 7.54000
data_price_hour_rel_-01_amount: 7.45400
data_price_hour_abs_12_amount: 7.45400
data_price_hour_rel_+00_amount: 7.67400
data_price_hour_abs_13_amount: 7.67400
data_price_hour_rel_+01_amount: 8.12000
data_price_hour_abs_14_amount: 8.12000
data_price_hour_rel_+02_amount: 9.45400
data_price_hour_abs_15_amount: 9.45400
data_price_hour_rel_+03_amount: 10.30100
data_price_hour_abs_16_amount: 10.30100
data_price_hour_rel_+04_amount: 10.59300
data_price_hour_abs_17_amount: 10.59300
data_price_hour_rel_+05_amount: 10.84300
data_price_hour_abs_18_amount: 10.84300
data_price_hour_rel_+06_amount: 10.50000
data_price_hour_abs_19_amount: 10.50000
data_price_hour_rel_+07_amount: 10.25900
data_price_hour_abs_20_amount: 10.25900
data_price_hour_rel_+08_amount: 9.39000
data_price_hour_abs_21_amount: 9.39000
data_price_hour_rel_+09_amount: 9.54200
data_price_hour_abs_22_amount: 9.54200
data_price_hour_rel_+10_amount: 9.13000
data_price_hour_abs_23_amount: 9.13000