date_now: 2025-07-12 14:31:58
date_now_epoch: 1752323518539
date_now_day: 12
date_now_month: 7
date_now_year: 2025
date_start: 2025-07-12 00:00:00
date_end: 2025-07-12 23:59:59
price_low: 0.00000
price_high: 12.50200
price_median: 8.89600
price_average: 7.22563
price_current: 0.00000
price_unit: Cent/kWh
price_threshold_00: 0.00000
price_threshold_01: 0.00000
price_threshold_02: 0.02200
price_threshold_03: 0.02200
price_threshold_04: 0.30000
price_threshold_05: 1.81900
price_threshold_06: 1.97300
price_threshold_07: 5.98600
price_threshold_08: 7.38900
price_threshold_09: 8.38000
price_threshold_10: 8.52700
price_threshold_11: 8.79800
price_threshold_12: 8.99400
price_threshold_13: 9.33300
price_threshold_14: 9.74000
price_threshold_15: 10.36800
price_threshold_16: 10.45700
price_threshold_17: 10.62000
price_threshold_18: 10.92000
price_threshold_19: 11.22300
price_threshold_20: 11.54200
price_threshold_21: 12.00000
price_threshold_22: 12.50000
price_threshold_23: 12.50200
data_price_hour_rel_-14_amount: 11.22300
data_price_hour_abs_00_amount: 11.22300
data_price_hour_rel_-13_amount: 10.45700
data_price_hour_abs_01_amount: 10.45700
data_price_hour_rel_-12_amount: 10.36800
data_price_hour_abs_02_amount: 10.36800
data_price_hour_rel_-11_amount: 9.74000
data_price_hour_abs_03_amount: 9.74000
data_price_hour_rel_-10_amount: 9.33300
data_price_hour_abs_04_amount: 9.33300
data_price_hour_rel_-09_amount: 8.99400
data_price_hour_abs_05_amount: 8.99400
data_price_hour_rel_-08_amount: 8.52700
data_price_hour_abs_06_amount: 8.52700
data_price_hour_rel_-07_amount: 8.79800
data_price_hour_abs_07_amount: 8.79800
data_price_hour_rel_-06_amount: 8.38000
data_price_hour_abs_08_amount: 8.38000
data_price_hour_rel_-05_amount: 5.98600
data_price_hour_abs_09_amount: 5.98600
data_price_hour_rel_-04_amount: 1.81900
data_price_hour_abs_10_amount: 1.81900
data_price_hour_rel_-03_amount: 0.30000
data_price_hour_abs_11_amount: 0.30000
data_price_hour_rel_-02_amount: 0.02200
data_price_hour_abs_12_amount: 0.02200
data_price_hour_rel_-01_amount: 0.00000
data_price_hour_abs_13_amount: 0.00000
data_price_hour_rel_+00_amount: 0.00000
data_price_hour_abs_14_amount: 0.00000
data_price_hour_rel_+01_amount: 0.02200
data_price_hour_abs_15_amount: 0.02200
data_price_hour_rel_+02_amount: 1.97300
data_price_hour_abs_16_amount: 1.97300
data_price_hour_rel_+03_amount: 7.38900
data_price_hour_abs_17_amount: 7.38900
data_price_hour_rel_+04_amount: 10.62000
data_price_hour_abs_18_amount: 10.62000
data_price_hour_rel_+05_amount: 10.92000
data_price_hour_abs_19_amount: 10.92000
data_price_hour_rel_+06_amount: 12.00000
data_price_hour_abs_20_amount: 12.00000
data_price_hour_rel_+07_amount: 12.50200
data_price_hour_abs_21_amount: 12.50200
data_price_hour_rel_+08_amount: 12.50000
data_price_hour_abs_22_amount: 12.50000
data_price_hour_rel_+09_amount: 11.54200
data_price_hour_abs_23_amount: 11.54200