date_now: 2025-05-28 14:34:28
date_now_epoch: 1748435668231
date_now_day: 28
date_now_month: 5
date_now_year: 2025
date_start: 2025-05-28 00:00:00
date_end: 2025-05-28 23:59:59
price_low: 4.21000
price_high: 13.99100
price_median: 7.64550
price_average: 8.41892
price_current: 5.32100
price_unit: Cent/kWh
price_threshold_00: 4.21000
price_threshold_01: 5.32100
price_threshold_02: 5.80300
price_threshold_03: 6.10100
price_threshold_04: 6.51900
price_threshold_05: 6.56700
price_threshold_06: 6.72800
price_threshold_07: 6.73900
price_threshold_08: 6.90100
price_threshold_09: 7.14600
price_threshold_10: 7.25200
price_threshold_11: 7.64300
price_threshold_12: 7.64800
price_threshold_13: 8.37000
price_threshold_14: 9.00000
price_threshold_15: 9.28500
price_threshold_16: 9.49900
price_threshold_17: 9.50000
price_threshold_18: 10.00900
price_threshold_19: 10.42700
price_threshold_20: 11.48300
price_threshold_21: 12.42900
price_threshold_22: 13.48300
price_threshold_23: 13.99100
data_price_hour_rel_-14_amount: 7.64300
data_price_hour_abs_00_amount: 7.64300
data_price_hour_rel_-13_amount: 6.90100
data_price_hour_abs_01_amount: 6.90100
data_price_hour_rel_-12_amount: 6.73900
data_price_hour_abs_02_amount: 6.73900
data_price_hour_rel_-11_amount: 6.10100
data_price_hour_abs_03_amount: 6.10100
data_price_hour_rel_-10_amount: 6.51900
data_price_hour_abs_04_amount: 6.51900
data_price_hour_rel_-09_amount: 7.25200
data_price_hour_abs_05_amount: 7.25200
data_price_hour_rel_-08_amount: 9.28500
data_price_hour_abs_06_amount: 9.28500
data_price_hour_rel_-07_amount: 10.00900
data_price_hour_abs_07_amount: 10.00900
data_price_hour_rel_-06_amount: 9.50000
data_price_hour_abs_08_amount: 9.50000
data_price_hour_rel_-05_amount: 9.00000
data_price_hour_abs_09_amount: 9.00000
data_price_hour_rel_-04_amount: 7.64800
data_price_hour_abs_10_amount: 7.64800
data_price_hour_rel_-03_amount: 7.14600
data_price_hour_abs_11_amount: 7.14600
data_price_hour_rel_-02_amount: 6.56700
data_price_hour_abs_12_amount: 6.56700
data_price_hour_rel_-01_amount: 5.80300
data_price_hour_abs_13_amount: 5.80300
data_price_hour_rel_+00_amount: 5.32100
data_price_hour_abs_14_amount: 5.32100
data_price_hour_rel_+01_amount: 4.21000
data_price_hour_abs_15_amount: 4.21000
data_price_hour_rel_+02_amount: 6.72800
data_price_hour_abs_16_amount: 6.72800
data_price_hour_rel_+03_amount: 8.37000
data_price_hour_abs_17_amount: 8.37000
data_price_hour_rel_+04_amount: 9.49900
data_price_hour_abs_18_amount: 9.49900
data_price_hour_rel_+05_amount: 11.48300
data_price_hour_abs_19_amount: 11.48300
data_price_hour_rel_+06_amount: 13.48300
data_price_hour_abs_20_amount: 13.48300
data_price_hour_rel_+07_amount: 13.99100
data_price_hour_abs_21_amount: 13.99100
data_price_hour_rel_+08_amount: 12.42900
data_price_hour_abs_22_amount: 12.42900
data_price_hour_rel_+09_amount: 10.42700
data_price_hour_abs_23_amount: 10.42700