date_now: 2025-08-14 14:36:46
date_now_epoch: 1755175006714
date_now_day: 14
date_now_month: 8
date_now_year: 2025
date_start: 2025-08-14 00:00:00
date_end: 2025-08-14 23:59:59
price_low: 4.10200
price_high: 28.38900
price_median: 9.46100
price_average: 10.50617
price_current: 5.49000
price_unit: Cent/kWh
price_threshold_00: 4.10200
price_threshold_01: 5.40900
price_threshold_02: 5.49000
price_threshold_03: 6.75700
price_threshold_04: 6.94300
price_threshold_05: 7.89900
price_threshold_06: 8.12600
price_threshold_07: 8.82000
price_threshold_08: 8.84500
price_threshold_09: 8.85300
price_threshold_10: 9.11000
price_threshold_11: 9.20000
price_threshold_12: 9.72200
price_threshold_13: 9.75200
price_threshold_14: 9.81000
price_threshold_15: 9.95100
price_threshold_16: 10.59500
price_threshold_17: 10.79400
price_threshold_18: 10.99200
price_threshold_19: 11.55400
price_threshold_20: 12.07100
price_threshold_21: 15.58400
price_threshold_22: 23.38000
price_threshold_23: 28.38900
data_price_hour_rel_-14_amount: 9.81000
data_price_hour_abs_00_amount: 9.81000
data_price_hour_rel_-13_amount: 9.20000
data_price_hour_abs_01_amount: 9.20000
data_price_hour_rel_-12_amount: 8.84500
data_price_hour_abs_02_amount: 8.84500
data_price_hour_rel_-11_amount: 8.82000
data_price_hour_abs_03_amount: 8.82000
data_price_hour_rel_-10_amount: 8.85300
data_price_hour_abs_04_amount: 8.85300
data_price_hour_rel_-09_amount: 9.75200
data_price_hour_abs_05_amount: 9.75200
data_price_hour_rel_-08_amount: 10.79400
data_price_hour_abs_06_amount: 10.79400
data_price_hour_rel_-07_amount: 10.99200
data_price_hour_abs_07_amount: 10.99200
data_price_hour_rel_-06_amount: 9.95100
data_price_hour_abs_08_amount: 9.95100
data_price_hour_rel_-05_amount: 9.11000
data_price_hour_abs_09_amount: 9.11000
data_price_hour_rel_-04_amount: 8.12600
data_price_hour_abs_10_amount: 8.12600
data_price_hour_rel_-03_amount: 6.75700
data_price_hour_abs_11_amount: 6.75700
data_price_hour_rel_-02_amount: 5.40900
data_price_hour_abs_12_amount: 5.40900
data_price_hour_rel_-01_amount: 4.10200
data_price_hour_abs_13_amount: 4.10200
data_price_hour_rel_+00_amount: 5.49000
data_price_hour_abs_14_amount: 5.49000
data_price_hour_rel_+01_amount: 6.94300
data_price_hour_abs_15_amount: 6.94300
data_price_hour_rel_+02_amount: 7.89900
data_price_hour_abs_16_amount: 7.89900
data_price_hour_rel_+03_amount: 9.72200
data_price_hour_abs_17_amount: 9.72200
data_price_hour_rel_+04_amount: 11.55400
data_price_hour_abs_18_amount: 11.55400
data_price_hour_rel_+05_amount: 23.38000
data_price_hour_abs_19_amount: 23.38000
data_price_hour_rel_+06_amount: 28.38900
data_price_hour_abs_20_amount: 28.38900
data_price_hour_rel_+07_amount: 15.58400
data_price_hour_abs_21_amount: 15.58400
data_price_hour_rel_+08_amount: 12.07100
data_price_hour_abs_22_amount: 12.07100
data_price_hour_rel_+09_amount: 10.59500
data_price_hour_abs_23_amount: 10.59500