date_now: 2025-01-19 13:24:38
date_now_epoch: 1737289478904
date_now_day: 19
date_now_month: 1
date_now_year: 2025
date_start: 2025-01-19 00:00:00
date_end: 2025-01-19 23:59:59
price_low: 10.75100
price_high: 15.90400
price_median: 12.39000
price_average: 12.87242
price_current: 10.75100
price_unit: Cent/kWh
price_threshold_00: 10.75100
price_threshold_01: 11.22500
price_threshold_02: 11.68100
price_threshold_03: 12.00000
price_threshold_04: 12.01800
price_threshold_05: 12.12400
price_threshold_06: 12.15600
price_threshold_07: 12.15700
price_threshold_08: 12.29400
price_threshold_09: 12.30500
price_threshold_10: 12.33300
price_threshold_11: 12.36000
price_threshold_12: 12.42000
price_threshold_13: 12.51600
price_threshold_14: 12.51900
price_threshold_15: 12.62900
price_threshold_16: 12.97300
price_threshold_17: 13.09900
price_threshold_18: 13.92600
price_threshold_19: 14.01500
price_threshold_20: 14.90600
price_threshold_21: 14.96700
price_threshold_22: 15.66000
price_threshold_23: 15.90400
data_price_hour_rel_-13_amount: 12.97300
data_price_hour_abs_00_amount: 12.97300
data_price_hour_rel_-12_amount: 12.42000
data_price_hour_abs_01_amount: 12.42000
data_price_hour_rel_-11_amount: 12.30500
data_price_hour_abs_02_amount: 12.30500
data_price_hour_rel_-10_amount: 12.12400
data_price_hour_abs_03_amount: 12.12400
data_price_hour_rel_-09_amount: 12.01800
data_price_hour_abs_04_amount: 12.01800
data_price_hour_rel_-08_amount: 12.00000
data_price_hour_abs_05_amount: 12.00000
data_price_hour_rel_-07_amount: 12.15700
data_price_hour_abs_06_amount: 12.15700
data_price_hour_rel_-06_amount: 12.33300
data_price_hour_abs_07_amount: 12.33300
data_price_hour_rel_-05_amount: 12.36000
data_price_hour_abs_08_amount: 12.36000
data_price_hour_rel_-04_amount: 12.51600
data_price_hour_abs_09_amount: 12.51600
data_price_hour_rel_-03_amount: 12.51900
data_price_hour_abs_10_amount: 12.51900
data_price_hour_rel_-02_amount: 12.15600
data_price_hour_abs_11_amount: 12.15600
data_price_hour_rel_-01_amount: 11.22500
data_price_hour_abs_12_amount: 11.22500
data_price_hour_rel_+00_amount: 10.75100
data_price_hour_abs_13_amount: 10.75100
data_price_hour_rel_+01_amount: 11.68100
data_price_hour_abs_14_amount: 11.68100
data_price_hour_rel_+02_amount: 12.62900
data_price_hour_abs_15_amount: 12.62900
data_price_hour_rel_+03_amount: 14.01500
data_price_hour_abs_16_amount: 14.01500
data_price_hour_rel_+04_amount: 14.96700
data_price_hour_abs_17_amount: 14.96700
data_price_hour_rel_+05_amount: 15.90400
data_price_hour_abs_18_amount: 15.90400
data_price_hour_rel_+06_amount: 15.66000
data_price_hour_abs_19_amount: 15.66000
data_price_hour_rel_+07_amount: 14.90600
data_price_hour_abs_20_amount: 14.90600
data_price_hour_rel_+08_amount: 13.92600
data_price_hour_abs_21_amount: 13.92600
data_price_hour_rel_+09_amount: 13.09900
data_price_hour_abs_22_amount: 13.09900
data_price_hour_rel_+10_amount: 12.29400
data_price_hour_abs_23_amount: 12.29400