date_now: 2025-02-20 13:29:15
date_now_epoch: 1740054555107
date_now_day: 20
date_now_month: 2
date_now_year: 2025
date_start: 2025-02-20 00:00:00
date_end: 2025-02-20 23:59:59
price_low: 8.21800
price_high: 12.79800
price_median: 8.86400
price_average: 9.49492
price_current: 8.45100
price_unit: Cent/kWh
price_threshold_00: 8.21800
price_threshold_01: 8.30000
price_threshold_02: 8.36400
price_threshold_03: 8.38400
price_threshold_04: 8.45100
price_threshold_05: 8.45600
price_threshold_06: 8.47800
price_threshold_07: 8.52000
price_threshold_08: 8.61700
price_threshold_09: 8.63100
price_threshold_10: 8.68700
price_threshold_11: 8.72300
price_threshold_12: 9.00500
price_threshold_13: 9.08400
price_threshold_14: 9.24100
price_threshold_15: 9.37200
price_threshold_16: 9.83400
price_threshold_17: 10.58700
price_threshold_18: 10.59100
price_threshold_19: 11.01300
price_threshold_20: 11.04100
price_threshold_21: 11.23800
price_threshold_22: 12.24500
price_threshold_23: 12.79800
data_price_hour_rel_-13_amount: 8.61700
data_price_hour_abs_00_amount: 8.61700
data_price_hour_rel_-12_amount: 8.52000
data_price_hour_abs_01_amount: 8.52000
data_price_hour_rel_-11_amount: 8.45600
data_price_hour_abs_02_amount: 8.45600
data_price_hour_rel_-10_amount: 8.36400
data_price_hour_abs_03_amount: 8.36400
data_price_hour_rel_-09_amount: 8.21800
data_price_hour_abs_04_amount: 8.21800
data_price_hour_rel_-08_amount: 8.38400
data_price_hour_abs_05_amount: 8.38400
data_price_hour_rel_-07_amount: 8.63100
data_price_hour_abs_06_amount: 8.63100
data_price_hour_rel_-06_amount: 11.04100
data_price_hour_abs_07_amount: 11.04100
data_price_hour_rel_-05_amount: 12.79800
data_price_hour_abs_08_amount: 12.79800
data_price_hour_rel_-04_amount: 10.58700
data_price_hour_abs_09_amount: 10.58700
data_price_hour_rel_-03_amount: 9.37200
data_price_hour_abs_10_amount: 9.37200
data_price_hour_rel_-02_amount: 8.72300
data_price_hour_abs_11_amount: 8.72300
data_price_hour_rel_-01_amount: 8.68700
data_price_hour_abs_12_amount: 8.68700
data_price_hour_rel_+00_amount: 8.45100
data_price_hour_abs_13_amount: 8.45100
data_price_hour_rel_+01_amount: 8.47800
data_price_hour_abs_14_amount: 8.47800
data_price_hour_rel_+02_amount: 9.00500
data_price_hour_abs_15_amount: 9.00500
data_price_hour_rel_+03_amount: 9.83400
data_price_hour_abs_16_amount: 9.83400
data_price_hour_rel_+04_amount: 11.01300
data_price_hour_abs_17_amount: 11.01300
data_price_hour_rel_+05_amount: 11.23800
data_price_hour_abs_18_amount: 11.23800
data_price_hour_rel_+06_amount: 12.24500
data_price_hour_abs_19_amount: 12.24500
data_price_hour_rel_+07_amount: 10.59100
data_price_hour_abs_20_amount: 10.59100
data_price_hour_rel_+08_amount: 9.24100
data_price_hour_abs_21_amount: 9.24100
data_price_hour_rel_+09_amount: 9.08400
data_price_hour_abs_22_amount: 9.08400
data_price_hour_rel_+10_amount: 8.30000
data_price_hour_abs_23_amount: 8.30000