date_now: 2025-01-03 13:28:02
date_now_epoch: 1735907282969
date_now_day: 3
date_now_month: 1
date_now_year: 2025
date_start: 2025-01-03 00:00:00
date_end: 2025-01-03 23:59:59
price_low: 6.99400
price_high: 11.66600
price_median: 8.44000
price_average: 8.99408
price_current: 7.78000
price_unit: Cent/kWh
price_threshold_00: 6.99400
price_threshold_01: 7.04800
price_threshold_02: 7.75000
price_threshold_03: 7.76400
price_threshold_04: 7.78000
price_threshold_05: 7.84300
price_threshold_06: 7.88100
price_threshold_07: 7.98800
price_threshold_08: 8.07600
price_threshold_09: 8.25700
price_threshold_10: 8.35600
price_threshold_11: 8.37900
price_threshold_12: 8.50100
price_threshold_13: 8.52900
price_threshold_14: 8.75300
price_threshold_15: 8.85700
price_threshold_16: 9.82200
price_threshold_17: 9.95600
price_threshold_18: 10.55100
price_threshold_19: 10.78000
price_threshold_20: 11.33000
price_threshold_21: 11.49100
price_threshold_22: 11.50600
price_threshold_23: 11.66600
data_price_hour_rel_-13_amount: 9.95600
data_price_hour_abs_00_amount: 9.95600
data_price_hour_rel_-12_amount: 8.75300
data_price_hour_abs_01_amount: 8.75300
data_price_hour_rel_-11_amount: 8.50100
data_price_hour_abs_02_amount: 8.50100
data_price_hour_rel_-10_amount: 8.37900
data_price_hour_abs_03_amount: 8.37900
data_price_hour_rel_-09_amount: 7.75000
data_price_hour_abs_04_amount: 7.75000
data_price_hour_rel_-08_amount: 7.98800
data_price_hour_abs_05_amount: 7.98800
data_price_hour_rel_-07_amount: 8.35600
data_price_hour_abs_06_amount: 8.35600
data_price_hour_rel_-06_amount: 7.84300
data_price_hour_abs_07_amount: 7.84300
data_price_hour_rel_-05_amount: 8.25700
data_price_hour_abs_08_amount: 8.25700
data_price_hour_rel_-04_amount: 8.07600
data_price_hour_abs_09_amount: 8.07600
data_price_hour_rel_-03_amount: 7.76400
data_price_hour_abs_10_amount: 7.76400
data_price_hour_rel_-02_amount: 7.04800
data_price_hour_abs_11_amount: 7.04800
data_price_hour_rel_-01_amount: 6.99400
data_price_hour_abs_12_amount: 6.99400
data_price_hour_rel_+00_amount: 7.78000
data_price_hour_abs_13_amount: 7.78000
data_price_hour_rel_+01_amount: 7.88100
data_price_hour_abs_14_amount: 7.88100
data_price_hour_rel_+02_amount: 8.52900
data_price_hour_abs_15_amount: 8.52900
data_price_hour_rel_+03_amount: 10.55100
data_price_hour_abs_16_amount: 10.55100
data_price_hour_rel_+04_amount: 11.66600
data_price_hour_abs_17_amount: 11.66600
data_price_hour_rel_+05_amount: 11.50600
data_price_hour_abs_18_amount: 11.50600
data_price_hour_rel_+06_amount: 11.49100
data_price_hour_abs_19_amount: 11.49100
data_price_hour_rel_+07_amount: 11.33000
data_price_hour_abs_20_amount: 11.33000
data_price_hour_rel_+08_amount: 10.78000
data_price_hour_abs_21_amount: 10.78000
data_price_hour_rel_+09_amount: 9.82200
data_price_hour_abs_22_amount: 9.82200
data_price_hour_rel_+10_amount: 8.85700
data_price_hour_abs_23_amount: 8.85700