date_now: 2025-11-02 13:29:33
date_now_epoch: 1762086573567
date_now_day: 2
date_now_month: 11
date_now_year: 2025
date_start: 2025-11-02 00:00:00
date_end: 2025-11-02 23:59:59
price_low: 6.03300
price_high: 13.20700
price_median: 7.77900
price_average: 8.59125
price_current: 8.31600
price_unit: Cent/kWh
price_threshold_00: 6.03300
price_threshold_01: 6.09800
price_threshold_02: 6.27300
price_threshold_03: 6.42900
price_threshold_04: 6.70200
price_threshold_05: 6.88100
price_threshold_06: 7.03500
price_threshold_07: 7.49800
price_threshold_08: 7.49900
price_threshold_09: 7.52100
price_threshold_10: 7.55300
price_threshold_11: 7.71200
price_threshold_12: 7.84600
price_threshold_13: 8.31600
price_threshold_14: 8.50400
price_threshold_15: 9.25500
price_threshold_16: 9.31800
price_threshold_17: 9.53300
price_threshold_18: 9.86000
price_threshold_19: 11.06500
price_threshold_20: 11.36100
price_threshold_21: 11.65000
price_threshold_22: 13.04100
price_threshold_23: 13.20700
data_price_hour_rel_-13_amount: 6.42900
data_price_hour_abs_00_amount: 6.42900
data_price_hour_rel_-12_amount: 6.03300
data_price_hour_abs_01_amount: 6.03300
data_price_hour_rel_-11_amount: 6.09800
data_price_hour_abs_02_amount: 6.09800
data_price_hour_rel_-10_amount: 6.27300
data_price_hour_abs_03_amount: 6.27300
data_price_hour_rel_-09_amount: 6.70200
data_price_hour_abs_04_amount: 6.70200
data_price_hour_rel_-08_amount: 6.88100
data_price_hour_abs_05_amount: 6.88100
data_price_hour_rel_-07_amount: 7.03500
data_price_hour_abs_06_amount: 7.03500
data_price_hour_rel_-06_amount: 7.55300
data_price_hour_abs_07_amount: 7.55300
data_price_hour_rel_-05_amount: 7.71200
data_price_hour_abs_08_amount: 7.71200
data_price_hour_rel_-04_amount: 7.84600
data_price_hour_abs_09_amount: 7.84600
data_price_hour_rel_-03_amount: 7.49900
data_price_hour_abs_10_amount: 7.49900
data_price_hour_rel_-02_amount: 7.49800
data_price_hour_abs_11_amount: 7.49800
data_price_hour_rel_-01_amount: 7.52100
data_price_hour_abs_12_amount: 7.52100
data_price_hour_rel_+00_amount: 8.31600
data_price_hour_abs_13_amount: 8.31600
data_price_hour_rel_+01_amount: 9.25500
data_price_hour_abs_14_amount: 9.25500
data_price_hour_rel_+02_amount: 11.06500
data_price_hour_abs_15_amount: 11.06500
data_price_hour_rel_+03_amount: 11.65000
data_price_hour_abs_16_amount: 11.65000
data_price_hour_rel_+04_amount: 13.20700
data_price_hour_abs_17_amount: 13.20700
data_price_hour_rel_+05_amount: 13.04100
data_price_hour_abs_18_amount: 13.04100
data_price_hour_rel_+06_amount: 11.36100
data_price_hour_abs_19_amount: 11.36100
data_price_hour_rel_+07_amount: 9.86000
data_price_hour_abs_20_amount: 9.86000
data_price_hour_rel_+08_amount: 9.53300
data_price_hour_abs_21_amount: 9.53300
data_price_hour_rel_+09_amount: 9.31800
data_price_hour_abs_22_amount: 9.31800
data_price_hour_rel_+10_amount: 8.50400
data_price_hour_abs_23_amount: 8.50400