date_now: 2025-05-06 14:34:48
date_now_epoch: 1746534888044
date_now_day: 6
date_now_month: 5
date_now_year: 2025
date_start: 2025-05-06 00:00:00
date_end: 2025-05-06 23:59:59
price_low: 3.81700
price_high: 16.11800
price_median: 8.51500
price_average: 9.09629
price_current: 4.54400
price_unit: Cent/kWh
price_threshold_00: 3.81700
price_threshold_01: 4.28100
price_threshold_02: 4.54400
price_threshold_03: 5.98900
price_threshold_04: 6.50000
price_threshold_05: 7.22700
price_threshold_06: 7.37300
price_threshold_07: 7.99600
price_threshold_08: 8.12900
price_threshold_09: 8.16800
price_threshold_10: 8.23900
price_threshold_11: 8.30800
price_threshold_12: 8.72200
price_threshold_13: 8.99900
price_threshold_14: 9.70800
price_threshold_15: 10.12700
price_threshold_16: 10.68900
price_threshold_17: 10.83700
price_threshold_18: 11.45700
price_threshold_19: 11.82800
price_threshold_20: 12.18600
price_threshold_21: 13.40900
price_threshold_22: 13.66000
price_threshold_23: 16.11800
data_price_hour_rel_-14_amount: 8.72200
data_price_hour_abs_00_amount: 8.72200
data_price_hour_rel_-13_amount: 8.16800
data_price_hour_abs_01_amount: 8.16800
data_price_hour_rel_-12_amount: 8.12900
data_price_hour_abs_02_amount: 8.12900
data_price_hour_rel_-11_amount: 7.99600
data_price_hour_abs_03_amount: 7.99600
data_price_hour_rel_-10_amount: 8.23900
data_price_hour_abs_04_amount: 8.23900
data_price_hour_rel_-09_amount: 9.70800
data_price_hour_abs_05_amount: 9.70800
data_price_hour_rel_-08_amount: 11.45700
data_price_hour_abs_06_amount: 11.45700
data_price_hour_rel_-07_amount: 12.18600
data_price_hour_abs_07_amount: 12.18600
data_price_hour_rel_-06_amount: 10.83700
data_price_hour_abs_08_amount: 10.83700
data_price_hour_rel_-05_amount: 8.30800
data_price_hour_abs_09_amount: 8.30800
data_price_hour_rel_-04_amount: 7.22700
data_price_hour_abs_10_amount: 7.22700
data_price_hour_rel_-03_amount: 5.98900
data_price_hour_abs_11_amount: 5.98900
data_price_hour_rel_-02_amount: 4.28100
data_price_hour_abs_12_amount: 4.28100
data_price_hour_rel_-01_amount: 3.81700
data_price_hour_abs_13_amount: 3.81700
data_price_hour_rel_+00_amount: 4.54400
data_price_hour_abs_14_amount: 4.54400
data_price_hour_rel_+01_amount: 6.50000
data_price_hour_abs_15_amount: 6.50000
data_price_hour_rel_+02_amount: 7.37300
data_price_hour_abs_16_amount: 7.37300
data_price_hour_rel_+03_amount: 8.99900
data_price_hour_abs_17_amount: 8.99900
data_price_hour_rel_+04_amount: 10.68900
data_price_hour_abs_18_amount: 10.68900
data_price_hour_rel_+05_amount: 13.40900
data_price_hour_abs_19_amount: 13.40900
data_price_hour_rel_+06_amount: 16.11800
data_price_hour_abs_20_amount: 16.11800
data_price_hour_rel_+07_amount: 13.66000
data_price_hour_abs_21_amount: 13.66000
data_price_hour_rel_+08_amount: 11.82800
data_price_hour_abs_22_amount: 11.82800
data_price_hour_rel_+09_amount: 10.12700
data_price_hour_abs_23_amount: 10.12700