date_now: 2025-12-08 13:36:59
date_now_epoch: 1765197419601
date_now_day: 8
date_now_month: 12
date_now_year: 2025
date_start: 2025-12-08 00:00:00
date_end: 2025-12-08 23:59:59
price_low: 0.55900
price_high: 10.98500
price_median: 8.31800
price_average: 7.06367
price_current: 8.68500
price_unit: Cent/kWh
price_threshold_00: 0.55900
price_threshold_01: 1.10900
price_threshold_02: 1.16600
price_threshold_03: 1.28900
price_threshold_04: 1.92700
price_threshold_05: 2.86600
price_threshold_06: 6.43200
price_threshold_07: 7.32500
price_threshold_08: 7.93500
price_threshold_09: 7.99900
price_threshold_10: 8.02100
price_threshold_11: 8.28400
price_threshold_12: 8.35200
price_threshold_13: 8.60400
price_threshold_14: 8.68500
price_threshold_15: 8.93500
price_threshold_16: 9.40800
price_threshold_17: 9.66400
price_threshold_18: 9.83400
price_threshold_19: 10.00000
price_threshold_20: 10.01500
price_threshold_21: 10.02600
price_threshold_22: 10.10800
price_threshold_23: 10.98500
data_price_hour_rel_-13_amount: 1.92700
data_price_hour_abs_00_amount: 1.92700
data_price_hour_rel_-12_amount: 1.10900
data_price_hour_abs_01_amount: 1.10900
data_price_hour_rel_-11_amount: 1.16600
data_price_hour_abs_02_amount: 1.16600
data_price_hour_rel_-10_amount: 0.55900
data_price_hour_abs_03_amount: 0.55900
data_price_hour_rel_-09_amount: 1.28900
data_price_hour_abs_04_amount: 1.28900
data_price_hour_rel_-08_amount: 2.86600
data_price_hour_abs_05_amount: 2.86600
data_price_hour_rel_-07_amount: 6.43200
data_price_hour_abs_06_amount: 6.43200
data_price_hour_rel_-06_amount: 8.28400
data_price_hour_abs_07_amount: 8.28400
data_price_hour_rel_-05_amount: 10.00000
data_price_hour_abs_08_amount: 10.00000
data_price_hour_rel_-04_amount: 9.83400
data_price_hour_abs_09_amount: 9.83400
data_price_hour_rel_-03_amount: 8.60400
data_price_hour_abs_10_amount: 8.60400
data_price_hour_rel_-02_amount: 7.99900
data_price_hour_abs_11_amount: 7.99900
data_price_hour_rel_-01_amount: 7.93500
data_price_hour_abs_12_amount: 7.93500
data_price_hour_rel_+00_amount: 8.68500
data_price_hour_abs_13_amount: 8.68500
data_price_hour_rel_+01_amount: 9.40800
data_price_hour_abs_14_amount: 9.40800
data_price_hour_rel_+02_amount: 10.01500
data_price_hour_abs_15_amount: 10.01500
data_price_hour_rel_+03_amount: 10.10800
data_price_hour_abs_16_amount: 10.10800
data_price_hour_rel_+04_amount: 10.98500
data_price_hour_abs_17_amount: 10.98500
data_price_hour_rel_+05_amount: 10.02600
data_price_hour_abs_18_amount: 10.02600
data_price_hour_rel_+06_amount: 9.66400
data_price_hour_abs_19_amount: 9.66400
data_price_hour_rel_+07_amount: 8.93500
data_price_hour_abs_20_amount: 8.93500
data_price_hour_rel_+08_amount: 8.35200
data_price_hour_abs_21_amount: 8.35200
data_price_hour_rel_+09_amount: 8.02100
data_price_hour_abs_22_amount: 8.02100
data_price_hour_rel_+10_amount: 7.32500
data_price_hour_abs_23_amount: 7.32500