date_now: 2025-07-10 14:35:57
date_now_epoch: 1752150957087
date_now_day: 10
date_now_month: 7
date_now_year: 2025
date_start: 2025-07-10 00:00:00
date_end: 2025-07-10 23:59:59
price_low: 3.95100
price_high: 13.46700
price_median: 9.24150
price_average: 9.04133
price_current: 3.95500
price_unit: Cent/kWh
price_threshold_00: 3.95100
price_threshold_01: 3.95500
price_threshold_02: 4.52200
price_threshold_03: 5.67100
price_threshold_04: 6.53300
price_threshold_05: 7.68000
price_threshold_06: 8.20000
price_threshold_07: 8.64000
price_threshold_08: 8.64500
price_threshold_09: 8.79700
price_threshold_10: 8.89000
price_threshold_11: 8.91000
price_threshold_12: 9.57300
price_threshold_13: 9.86200
price_threshold_14: 10.02000
price_threshold_15: 10.09100
price_threshold_16: 10.53500
price_threshold_17: 10.72300
price_threshold_18: 10.76100
price_threshold_19: 10.76900
price_threshold_20: 11.43900
price_threshold_21: 12.08800
price_threshold_22: 13.27000
price_threshold_23: 13.46700
data_price_hour_rel_-14_amount: 10.09100
data_price_hour_abs_00_amount: 10.09100
data_price_hour_rel_-13_amount: 9.57300
data_price_hour_abs_01_amount: 9.57300
data_price_hour_rel_-12_amount: 8.91000
data_price_hour_abs_02_amount: 8.91000
data_price_hour_rel_-11_amount: 8.64500
data_price_hour_abs_03_amount: 8.64500
data_price_hour_rel_-10_amount: 8.79700
data_price_hour_abs_04_amount: 8.79700
data_price_hour_rel_-09_amount: 9.86200
data_price_hour_abs_05_amount: 9.86200
data_price_hour_rel_-08_amount: 10.76100
data_price_hour_abs_06_amount: 10.76100
data_price_hour_rel_-07_amount: 10.72300
data_price_hour_abs_07_amount: 10.72300
data_price_hour_rel_-06_amount: 10.53500
data_price_hour_abs_08_amount: 10.53500
data_price_hour_rel_-05_amount: 8.89000
data_price_hour_abs_09_amount: 8.89000
data_price_hour_rel_-04_amount: 8.20000
data_price_hour_abs_10_amount: 8.20000
data_price_hour_rel_-03_amount: 6.53300
data_price_hour_abs_11_amount: 6.53300
data_price_hour_rel_-02_amount: 4.52200
data_price_hour_abs_12_amount: 4.52200
data_price_hour_rel_-01_amount: 3.95100
data_price_hour_abs_13_amount: 3.95100
data_price_hour_rel_+00_amount: 3.95500
data_price_hour_abs_14_amount: 3.95500
data_price_hour_rel_+01_amount: 5.67100
data_price_hour_abs_15_amount: 5.67100
data_price_hour_rel_+02_amount: 7.68000
data_price_hour_abs_16_amount: 7.68000
data_price_hour_rel_+03_amount: 8.64000
data_price_hour_abs_17_amount: 8.64000
data_price_hour_rel_+04_amount: 10.02000
data_price_hour_abs_18_amount: 10.02000
data_price_hour_rel_+05_amount: 11.43900
data_price_hour_abs_19_amount: 11.43900
data_price_hour_rel_+06_amount: 13.46700
data_price_hour_abs_20_amount: 13.46700
data_price_hour_rel_+07_amount: 13.27000
data_price_hour_abs_21_amount: 13.27000
data_price_hour_rel_+08_amount: 12.08800
data_price_hour_abs_22_amount: 12.08800
data_price_hour_rel_+09_amount: 10.76900
data_price_hour_abs_23_amount: 10.76900