date_now: 2025-06-18 14:35:16
date_now_epoch: 1750250116699
date_now_day: 18
date_now_month: 6
date_now_year: 2025
date_start: 2025-06-18 00:00:00
date_end: 2025-06-18 23:59:59
price_low: -0.23000
price_high: 17.53200
price_median: 10.25350
price_average: 7.98246
price_current: -0.23000
price_unit: Cent/kWh
price_threshold_00: -0.23000
price_threshold_01: -0.21700
price_threshold_02: -0.10400
price_threshold_03: -0.02300
price_threshold_04: 0.09900
price_threshold_05: 0.11700
price_threshold_06: 2.17700
price_threshold_07: 7.40000
price_threshold_08: 7.89700
price_threshold_09: 9.58400
price_threshold_10: 9.70100
price_threshold_11: 10.15000
price_threshold_12: 10.35700
price_threshold_13: 10.68000
price_threshold_14: 10.71500
price_threshold_15: 11.13900
price_threshold_16: 11.23500
price_threshold_17: 11.30000
price_threshold_18: 11.49000
price_threshold_19: 11.53500
price_threshold_20: 11.64000
price_threshold_21: 13.30600
price_threshold_22: 14.09900
price_threshold_23: 17.53200
data_price_hour_rel_-14_amount: 11.30000
data_price_hour_abs_00_amount: 11.30000
data_price_hour_rel_-13_amount: 10.68000
data_price_hour_abs_01_amount: 10.68000
data_price_hour_rel_-12_amount: 10.15000
data_price_hour_abs_02_amount: 10.15000
data_price_hour_rel_-11_amount: 9.58400
data_price_hour_abs_03_amount: 9.58400
data_price_hour_rel_-10_amount: 9.70100
data_price_hour_abs_04_amount: 9.70100
data_price_hour_rel_-09_amount: 10.35700
data_price_hour_abs_05_amount: 10.35700
data_price_hour_rel_-08_amount: 11.23500
data_price_hour_abs_06_amount: 11.23500
data_price_hour_rel_-07_amount: 11.49000
data_price_hour_abs_07_amount: 11.49000
data_price_hour_rel_-06_amount: 11.13900
data_price_hour_abs_08_amount: 11.13900
data_price_hour_rel_-05_amount: 7.89700
data_price_hour_abs_09_amount: 7.89700
data_price_hour_rel_-04_amount: 2.17700
data_price_hour_abs_10_amount: 2.17700
data_price_hour_rel_-03_amount: 0.11700
data_price_hour_abs_11_amount: 0.11700
data_price_hour_rel_-02_amount: -0.02300
data_price_hour_abs_12_amount: -0.02300
data_price_hour_rel_-01_amount: -0.10400
data_price_hour_abs_13_amount: -0.10400
data_price_hour_rel_+00_amount: -0.23000
data_price_hour_abs_14_amount: -0.23000
data_price_hour_rel_+01_amount: -0.21700
data_price_hour_abs_15_amount: -0.21700
data_price_hour_rel_+02_amount: 0.09900
data_price_hour_abs_16_amount: 0.09900
data_price_hour_rel_+03_amount: 7.40000
data_price_hour_abs_17_amount: 7.40000
data_price_hour_rel_+04_amount: 10.71500
data_price_hour_abs_18_amount: 10.71500
data_price_hour_rel_+05_amount: 11.64000
data_price_hour_abs_19_amount: 11.64000
data_price_hour_rel_+06_amount: 14.09900
data_price_hour_abs_20_amount: 14.09900
data_price_hour_rel_+07_amount: 17.53200
data_price_hour_abs_21_amount: 17.53200
data_price_hour_rel_+08_amount: 13.30600
data_price_hour_abs_22_amount: 13.30600
data_price_hour_rel_+09_amount: 11.53500
data_price_hour_abs_23_amount: 11.53500