date_now: 2025-11-14 13:35:12
date_now_epoch: 1763123712370
date_now_day: 14
date_now_month: 11
date_now_year: 2025
date_start: 2025-11-14 00:00:00
date_end: 2025-11-14 23:59:59
price_low: 7.86500
price_high: 13.83500
price_median: 10.57300
price_average: 10.67337
price_current: 10.54200
price_unit: Cent/kWh
price_threshold_00: 7.86500
price_threshold_01: 9.15300
price_threshold_02: 9.16000
price_threshold_03: 9.21300
price_threshold_04: 9.31600
price_threshold_05: 9.49300
price_threshold_06: 9.58000
price_threshold_07: 9.70200
price_threshold_08: 9.84400
price_threshold_09: 9.89200
price_threshold_10: 10.12300
price_threshold_11: 10.54200
price_threshold_12: 10.60400
price_threshold_13: 10.64900
price_threshold_14: 10.70600
price_threshold_15: 11.20300
price_threshold_16: 11.27800
price_threshold_17: 11.53900
price_threshold_18: 11.59700
price_threshold_19: 11.98100
price_threshold_20: 12.09000
price_threshold_21: 13.15700
price_threshold_22: 13.63900
price_threshold_23: 13.83500
data_price_hour_rel_-13_amount: 9.84400
data_price_hour_abs_00_amount: 9.84400
data_price_hour_rel_-12_amount: 9.58000
data_price_hour_abs_01_amount: 9.58000
data_price_hour_rel_-11_amount: 9.49300
data_price_hour_abs_02_amount: 9.49300
data_price_hour_rel_-10_amount: 9.15300
data_price_hour_abs_03_amount: 9.15300
data_price_hour_rel_-09_amount: 9.21300
data_price_hour_abs_04_amount: 9.21300
data_price_hour_rel_-08_amount: 9.16000
data_price_hour_abs_05_amount: 9.16000
data_price_hour_rel_-07_amount: 11.27800
data_price_hour_abs_06_amount: 11.27800
data_price_hour_rel_-06_amount: 13.83500
data_price_hour_abs_07_amount: 13.83500
data_price_hour_rel_-05_amount: 13.63900
data_price_hour_abs_08_amount: 13.63900
data_price_hour_rel_-04_amount: 12.09000
data_price_hour_abs_09_amount: 12.09000
data_price_hour_rel_-03_amount: 11.20300
data_price_hour_abs_10_amount: 11.20300
data_price_hour_rel_-02_amount: 10.60400
data_price_hour_abs_11_amount: 10.60400
data_price_hour_rel_-01_amount: 10.12300
data_price_hour_abs_12_amount: 10.12300
data_price_hour_rel_+00_amount: 10.54200
data_price_hour_abs_13_amount: 10.54200
data_price_hour_rel_+01_amount: 10.70600
data_price_hour_abs_14_amount: 10.70600
data_price_hour_rel_+02_amount: 11.53900
data_price_hour_abs_15_amount: 11.53900
data_price_hour_rel_+03_amount: 11.59700
data_price_hour_abs_16_amount: 11.59700
data_price_hour_rel_+04_amount: 13.15700
data_price_hour_abs_17_amount: 13.15700
data_price_hour_rel_+05_amount: 11.98100
data_price_hour_abs_18_amount: 11.98100
data_price_hour_rel_+06_amount: 10.64900
data_price_hour_abs_19_amount: 10.64900
data_price_hour_rel_+07_amount: 9.89200
data_price_hour_abs_20_amount: 9.89200
data_price_hour_rel_+08_amount: 9.31600
data_price_hour_abs_21_amount: 9.31600
data_price_hour_rel_+09_amount: 9.70200
data_price_hour_abs_22_amount: 9.70200
data_price_hour_rel_+10_amount: 7.86500
data_price_hour_abs_23_amount: 7.86500