date_now: 2025-01-21 13:28:18
date_now_epoch: 1737462498389
date_now_day: 21
date_now_month: 1
date_now_year: 2025
date_start: 2025-01-21 00:00:00
date_end: 2025-01-21 23:59:59
price_low: 11.35400
price_high: 30.11500
price_median: 15.26200
price_average: 16.84563
price_current: 14.28300
price_unit: Cent/kWh
price_threshold_00: 11.35400
price_threshold_01: 11.38600
price_threshold_02: 11.66700
price_threshold_03: 12.16500
price_threshold_04: 12.23400
price_threshold_05: 12.52900
price_threshold_06: 12.75200
price_threshold_07: 13.86000
price_threshold_08: 14.22000
price_threshold_09: 14.28300
price_threshold_10: 14.74400
price_threshold_11: 15.00500
price_threshold_12: 15.51900
price_threshold_13: 16.15000
price_threshold_14: 17.34300
price_threshold_15: 17.48400
price_threshold_16: 19.00600
price_threshold_17: 19.80500
price_threshold_18: 20.26800
price_threshold_19: 21.16800
price_threshold_20: 21.21300
price_threshold_21: 24.83200
price_threshold_22: 25.19300
price_threshold_23: 30.11500
data_price_hour_rel_-13_amount: 12.75200
data_price_hour_abs_00_amount: 12.75200
data_price_hour_rel_-12_amount: 12.16500
data_price_hour_abs_01_amount: 12.16500
data_price_hour_rel_-11_amount: 11.66700
data_price_hour_abs_02_amount: 11.66700
data_price_hour_rel_-10_amount: 11.38600
data_price_hour_abs_03_amount: 11.38600
data_price_hour_rel_-09_amount: 11.35400
data_price_hour_abs_04_amount: 11.35400
data_price_hour_rel_-08_amount: 12.23400
data_price_hour_abs_05_amount: 12.23400
data_price_hour_rel_-07_amount: 14.22000
data_price_hour_abs_06_amount: 14.22000
data_price_hour_rel_-06_amount: 19.00600
data_price_hour_abs_07_amount: 19.00600
data_price_hour_rel_-05_amount: 24.83200
data_price_hour_abs_08_amount: 24.83200
data_price_hour_rel_-04_amount: 21.16800
data_price_hour_abs_09_amount: 21.16800
data_price_hour_rel_-03_amount: 19.80500
data_price_hour_abs_10_amount: 19.80500
data_price_hour_rel_-02_amount: 16.15000
data_price_hour_abs_11_amount: 16.15000
data_price_hour_rel_-01_amount: 14.74400
data_price_hour_abs_12_amount: 14.74400
data_price_hour_rel_+00_amount: 14.28300
data_price_hour_abs_13_amount: 14.28300
data_price_hour_rel_+01_amount: 15.00500
data_price_hour_abs_14_amount: 15.00500
data_price_hour_rel_+02_amount: 17.34300
data_price_hour_abs_15_amount: 17.34300
data_price_hour_rel_+03_amount: 21.21300
data_price_hour_abs_16_amount: 21.21300
data_price_hour_rel_+04_amount: 30.11500
data_price_hour_abs_17_amount: 30.11500
data_price_hour_rel_+05_amount: 25.19300
data_price_hour_abs_18_amount: 25.19300
data_price_hour_rel_+06_amount: 20.26800
data_price_hour_abs_19_amount: 20.26800
data_price_hour_rel_+07_amount: 17.48400
data_price_hour_abs_20_amount: 17.48400
data_price_hour_rel_+08_amount: 15.51900
data_price_hour_abs_21_amount: 15.51900
data_price_hour_rel_+09_amount: 13.86000
data_price_hour_abs_22_amount: 13.86000
data_price_hour_rel_+10_amount: 12.52900
data_price_hour_abs_23_amount: 12.52900