date_now: 2025-12-22 13:37:25
date_now_epoch: 1766407045956
date_now_day: 22
date_now_month: 12
date_now_year: 2025
date_start: 2025-12-22 00:00:00
date_end: 2025-12-22 23:59:59
price_low: 6.63100
price_high: 10.78900
price_median: 8.74800
price_average: 8.55550
price_current: 8.86200
price_unit: Cent/kWh
price_threshold_00: 6.63100
price_threshold_01: 6.77900
price_threshold_02: 6.88300
price_threshold_03: 7.02300
price_threshold_04: 7.15200
price_threshold_05: 7.41100
price_threshold_06: 7.79700
price_threshold_07: 7.81900
price_threshold_08: 8.48200
price_threshold_09: 8.48600
price_threshold_10: 8.50000
price_threshold_11: 8.63400
price_threshold_12: 8.86200
price_threshold_13: 8.92500
price_threshold_14: 8.94800
price_threshold_15: 9.04500
price_threshold_16: 9.07900
price_threshold_17: 9.21200
price_threshold_18: 9.33400
price_threshold_19: 9.37900
price_threshold_20: 9.95400
price_threshold_21: 10.09000
price_threshold_22: 10.11800
price_threshold_23: 10.78900
data_price_hour_rel_-13_amount: 7.02300
data_price_hour_abs_00_amount: 7.02300
data_price_hour_rel_-12_amount: 6.88300
data_price_hour_abs_01_amount: 6.88300
data_price_hour_rel_-11_amount: 6.77900
data_price_hour_abs_02_amount: 6.77900
data_price_hour_rel_-10_amount: 6.63100
data_price_hour_abs_03_amount: 6.63100
data_price_hour_rel_-09_amount: 7.15200
data_price_hour_abs_04_amount: 7.15200
data_price_hour_rel_-08_amount: 7.41100
data_price_hour_abs_05_amount: 7.41100
data_price_hour_rel_-07_amount: 7.81900
data_price_hour_abs_06_amount: 7.81900
data_price_hour_rel_-06_amount: 9.04500
data_price_hour_abs_07_amount: 9.04500
data_price_hour_rel_-05_amount: 9.33400
data_price_hour_abs_08_amount: 9.33400
data_price_hour_rel_-04_amount: 9.07900
data_price_hour_abs_09_amount: 9.07900
data_price_hour_rel_-03_amount: 8.92500
data_price_hour_abs_10_amount: 8.92500
data_price_hour_rel_-02_amount: 8.50000
data_price_hour_abs_11_amount: 8.50000
data_price_hour_rel_-01_amount: 8.63400
data_price_hour_abs_12_amount: 8.63400
data_price_hour_rel_+00_amount: 8.86200
data_price_hour_abs_13_amount: 8.86200
data_price_hour_rel_+01_amount: 9.21200
data_price_hour_abs_14_amount: 9.21200
data_price_hour_rel_+02_amount: 9.95400
data_price_hour_abs_15_amount: 9.95400
data_price_hour_rel_+03_amount: 10.11800
data_price_hour_abs_16_amount: 10.11800
data_price_hour_rel_+04_amount: 10.78900
data_price_hour_abs_17_amount: 10.78900
data_price_hour_rel_+05_amount: 10.09000
data_price_hour_abs_18_amount: 10.09000
data_price_hour_rel_+06_amount: 9.37900
data_price_hour_abs_19_amount: 9.37900
data_price_hour_rel_+07_amount: 8.94800
data_price_hour_abs_20_amount: 8.94800
data_price_hour_rel_+08_amount: 8.48600
data_price_hour_abs_21_amount: 8.48600
data_price_hour_rel_+09_amount: 8.48200
data_price_hour_abs_22_amount: 8.48200
data_price_hour_rel_+10_amount: 7.79700
data_price_hour_abs_23_amount: 7.79700