date_now: 2025-06-10 14:35:09
date_now_epoch: 1749558909635
date_now_day: 10
date_now_month: 6
date_now_year: 2025
date_start: 2025-06-10 00:00:00
date_end: 2025-06-10 23:59:59
price_low: -0.42600
price_high: 9.79400
price_median: 6.93000
price_average: 5.41225
price_current: -0.42600
price_unit: Cent/kWh
price_threshold_00: -0.42600
price_threshold_01: -0.23300
price_threshold_02: -0.10400
price_threshold_03: -0.01900
price_threshold_04: 0.00300
price_threshold_05: 0.01000
price_threshold_06: 2.22100
price_threshold_07: 5.39900
price_threshold_08: 5.41600
price_threshold_09: 5.99500
price_threshold_10: 6.21800
price_threshold_11: 6.90000
price_threshold_12: 6.96000
price_threshold_13: 6.96600
price_threshold_14: 7.46200
price_threshold_15: 7.80700
price_threshold_16: 8.20800
price_threshold_17: 8.27900
price_threshold_18: 8.31700
price_threshold_19: 8.39700
price_threshold_20: 8.53100
price_threshold_21: 8.66500
price_threshold_22: 9.12800
price_threshold_23: 9.79400
data_price_hour_rel_-14_amount: 8.66500
data_price_hour_abs_00_amount: 8.66500
data_price_hour_rel_-13_amount: 7.80700
data_price_hour_abs_01_amount: 7.80700
data_price_hour_rel_-12_amount: 6.96600
data_price_hour_abs_02_amount: 6.96600
data_price_hour_rel_-11_amount: 5.99500
data_price_hour_abs_03_amount: 5.99500
data_price_hour_rel_-10_amount: 5.41600
data_price_hour_abs_04_amount: 5.41600
data_price_hour_rel_-09_amount: 6.21800
data_price_hour_abs_05_amount: 6.21800
data_price_hour_rel_-08_amount: 7.46200
data_price_hour_abs_06_amount: 7.46200
data_price_hour_rel_-07_amount: 8.27900
data_price_hour_abs_07_amount: 8.27900
data_price_hour_rel_-06_amount: 8.31700
data_price_hour_abs_08_amount: 8.31700
data_price_hour_rel_-05_amount: 6.90000
data_price_hour_abs_09_amount: 6.90000
data_price_hour_rel_-04_amount: 2.22100
data_price_hour_abs_10_amount: 2.22100
data_price_hour_rel_-03_amount: 0.01000
data_price_hour_abs_11_amount: 0.01000
data_price_hour_rel_-02_amount: -0.01900
data_price_hour_abs_12_amount: -0.01900
data_price_hour_rel_-01_amount: -0.23300
data_price_hour_abs_13_amount: -0.23300
data_price_hour_rel_+00_amount: -0.42600
data_price_hour_abs_14_amount: -0.42600
data_price_hour_rel_+01_amount: -0.10400
data_price_hour_abs_15_amount: -0.10400
data_price_hour_rel_+02_amount: 0.00300
data_price_hour_abs_16_amount: 0.00300
data_price_hour_rel_+03_amount: 5.39900
data_price_hour_abs_17_amount: 5.39900
data_price_hour_rel_+04_amount: 6.96000
data_price_hour_abs_18_amount: 6.96000
data_price_hour_rel_+05_amount: 8.20800
data_price_hour_abs_19_amount: 8.20800
data_price_hour_rel_+06_amount: 8.39700
data_price_hour_abs_20_amount: 8.39700
data_price_hour_rel_+07_amount: 9.12800
data_price_hour_abs_21_amount: 9.12800
data_price_hour_rel_+08_amount: 9.79400
data_price_hour_abs_22_amount: 9.79400
data_price_hour_rel_+09_amount: 8.53100
data_price_hour_abs_23_amount: 8.53100