date_now: 2025-05-24 14:29:40
date_now_epoch: 1748089780397
date_now_day: 24
date_now_month: 5
date_now_year: 2025
date_start: 2025-05-24 00:00:00
date_end: 2025-05-24 23:59:59
price_low: -0.17700
price_high: 11.10000
price_median: 8.01900
price_average: 5.81000
price_current: -0.03900
price_unit: Cent/kWh
price_threshold_00: -0.17700
price_threshold_01: -0.03900
price_threshold_02: -0.03900
price_threshold_03: -0.01900
price_threshold_04: -0.01500
price_threshold_05: -0.01100
price_threshold_06: -0.00100
price_threshold_07: 1.22600
price_threshold_08: 4.86700
price_threshold_09: 6.20900
price_threshold_10: 7.69000
price_threshold_11: 7.96700
price_threshold_12: 8.07100
price_threshold_13: 8.20700
price_threshold_14: 8.29300
price_threshold_15: 8.42200
price_threshold_16: 8.53400
price_threshold_17: 8.87400
price_threshold_18: 9.20600
price_threshold_19: 9.47600
price_threshold_20: 9.89900
price_threshold_21: 10.79200
price_threshold_22: 10.90800
price_threshold_23: 11.10000
data_price_hour_rel_-14_amount: 9.89900
data_price_hour_abs_00_amount: 9.89900
data_price_hour_rel_-13_amount: 9.47600
data_price_hour_abs_01_amount: 9.47600
data_price_hour_rel_-12_amount: 8.87400
data_price_hour_abs_02_amount: 8.87400
data_price_hour_rel_-11_amount: 8.42200
data_price_hour_abs_03_amount: 8.42200
data_price_hour_rel_-10_amount: 8.29300
data_price_hour_abs_04_amount: 8.29300
data_price_hour_rel_-09_amount: 8.07100
data_price_hour_abs_05_amount: 8.07100
data_price_hour_rel_-08_amount: 8.20700
data_price_hour_abs_06_amount: 8.20700
data_price_hour_rel_-07_amount: 7.69000
data_price_hour_abs_07_amount: 7.69000
data_price_hour_rel_-06_amount: 6.20900
data_price_hour_abs_08_amount: 6.20900
data_price_hour_rel_-05_amount: 1.22600
data_price_hour_abs_09_amount: 1.22600
data_price_hour_rel_-04_amount: -0.00100
data_price_hour_abs_10_amount: -0.00100
data_price_hour_rel_-03_amount: -0.01100
data_price_hour_abs_11_amount: -0.01100
data_price_hour_rel_-02_amount: -0.01500
data_price_hour_abs_12_amount: -0.01500
data_price_hour_rel_-01_amount: -0.01900
data_price_hour_abs_13_amount: -0.01900
data_price_hour_rel_+00_amount: -0.03900
data_price_hour_abs_14_amount: -0.03900
data_price_hour_rel_+01_amount: -0.17700
data_price_hour_abs_15_amount: -0.17700
data_price_hour_rel_+02_amount: -0.03900
data_price_hour_abs_16_amount: -0.03900
data_price_hour_rel_+03_amount: 4.86700
data_price_hour_abs_17_amount: 4.86700
data_price_hour_rel_+04_amount: 8.53400
data_price_hour_abs_18_amount: 8.53400
data_price_hour_rel_+05_amount: 10.90800
data_price_hour_abs_19_amount: 10.90800
data_price_hour_rel_+06_amount: 11.10000
data_price_hour_abs_20_amount: 11.10000
data_price_hour_rel_+07_amount: 10.79200
data_price_hour_abs_21_amount: 10.79200
data_price_hour_rel_+08_amount: 9.20600
data_price_hour_abs_22_amount: 9.20600
data_price_hour_rel_+09_amount: 7.96700
data_price_hour_abs_23_amount: 7.96700