date_now: 2025-02-17 13:29:36
date_now_epoch: 1739795376176
date_now_day: 17
date_now_month: 2
date_now_year: 2025
date_start: 2025-02-17 00:00:00
date_end: 2025-02-17 23:59:59
price_low: 10.67800
price_high: 27.10000
price_median: 13.58300
price_average: 15.34150
price_current: 10.67800
price_unit: Cent/kWh
price_threshold_00: 10.67800
price_threshold_01: 10.94700
price_threshold_02: 11.18900
price_threshold_03: 11.71900
price_threshold_04: 12.03400
price_threshold_05: 12.10600
price_threshold_06: 12.55200
price_threshold_07: 12.80500
price_threshold_08: 12.89400
price_threshold_09: 12.95700
price_threshold_10: 13.15400
price_threshold_11: 13.22700
price_threshold_12: 13.93900
price_threshold_13: 13.96700
price_threshold_14: 15.31600
price_threshold_15: 15.51900
price_threshold_16: 15.89600
price_threshold_17: 17.13000
price_threshold_18: 17.78600
price_threshold_19: 20.47400
price_threshold_20: 20.97900
price_threshold_21: 21.53600
price_threshold_22: 22.29200
price_threshold_23: 27.10000
data_price_hour_rel_-13_amount: 12.80500
data_price_hour_abs_00_amount: 12.80500
data_price_hour_rel_-12_amount: 12.10600
data_price_hour_abs_01_amount: 12.10600
data_price_hour_rel_-11_amount: 12.03400
data_price_hour_abs_02_amount: 12.03400
data_price_hour_rel_-10_amount: 12.55200
data_price_hour_abs_03_amount: 12.55200
data_price_hour_rel_-09_amount: 12.89400
data_price_hour_abs_04_amount: 12.89400
data_price_hour_rel_-08_amount: 13.15400
data_price_hour_abs_05_amount: 13.15400
data_price_hour_rel_-07_amount: 15.31600
data_price_hour_abs_06_amount: 15.31600
data_price_hour_rel_-06_amount: 20.47400
data_price_hour_abs_07_amount: 20.47400
data_price_hour_rel_-05_amount: 20.97900
data_price_hour_abs_08_amount: 20.97900
data_price_hour_rel_-04_amount: 17.13000
data_price_hour_abs_09_amount: 17.13000
data_price_hour_rel_-03_amount: 13.96700
data_price_hour_abs_10_amount: 13.96700
data_price_hour_rel_-02_amount: 11.71900
data_price_hour_abs_11_amount: 11.71900
data_price_hour_rel_-01_amount: 10.94700
data_price_hour_abs_12_amount: 10.94700
data_price_hour_rel_+00_amount: 10.67800
data_price_hour_abs_13_amount: 10.67800
data_price_hour_rel_+01_amount: 11.18900
data_price_hour_abs_14_amount: 11.18900
data_price_hour_rel_+02_amount: 13.22700
data_price_hour_abs_15_amount: 13.22700
data_price_hour_rel_+03_amount: 15.89600
data_price_hour_abs_16_amount: 15.89600
data_price_hour_rel_+04_amount: 22.29200
data_price_hour_abs_17_amount: 22.29200
data_price_hour_rel_+05_amount: 27.10000
data_price_hour_abs_18_amount: 27.10000
data_price_hour_rel_+06_amount: 21.53600
data_price_hour_abs_19_amount: 21.53600
data_price_hour_rel_+07_amount: 17.78600
data_price_hour_abs_20_amount: 17.78600
data_price_hour_rel_+08_amount: 15.51900
data_price_hour_abs_21_amount: 15.51900
data_price_hour_rel_+09_amount: 13.93900
data_price_hour_abs_22_amount: 13.93900
data_price_hour_rel_+10_amount: 12.95700
data_price_hour_abs_23_amount: 12.95700