date_now: 2025-03-24 13:32:02
date_now_epoch: 1742819522257
date_now_day: 24
date_now_month: 3
date_now_year: 2025
date_start: 2025-03-24 00:00:00
date_end: 2025-03-24 23:59:59
price_low: 9.89400
price_high: 21.19900
price_median: 11.78350
price_average: 12.98833
price_current: 10.08700
price_unit: Cent/kWh
price_threshold_00: 9.89400
price_threshold_01: 10.07500
price_threshold_02: 10.08700
price_threshold_03: 10.19100
price_threshold_04: 10.19900
price_threshold_05: 10.65700
price_threshold_06: 10.72900
price_threshold_07: 10.73600
price_threshold_08: 11.04500
price_threshold_09: 11.11600
price_threshold_10: 11.51600
price_threshold_11: 11.58500
price_threshold_12: 11.98200
price_threshold_13: 12.55800
price_threshold_14: 13.09500
price_threshold_15: 13.53800
price_threshold_16: 13.85500
price_threshold_17: 14.15000
price_threshold_18: 15.41500
price_threshold_19: 16.18400
price_threshold_20: 16.18600
price_threshold_21: 16.42800
price_threshold_22: 19.30000
price_threshold_23: 21.19900
data_price_hour_rel_-13_amount: 11.04500
data_price_hour_abs_00_amount: 11.04500
data_price_hour_rel_-12_amount: 10.72900
data_price_hour_abs_01_amount: 10.72900
data_price_hour_rel_-11_amount: 10.19100
data_price_hour_abs_02_amount: 10.19100
data_price_hour_rel_-10_amount: 9.89400
data_price_hour_abs_03_amount: 9.89400
data_price_hour_rel_-09_amount: 10.19900
data_price_hour_abs_04_amount: 10.19900
data_price_hour_rel_-08_amount: 11.98200
data_price_hour_abs_05_amount: 11.98200
data_price_hour_rel_-07_amount: 14.15000
data_price_hour_abs_06_amount: 14.15000
data_price_hour_rel_-06_amount: 16.42800
data_price_hour_abs_07_amount: 16.42800
data_price_hour_rel_-05_amount: 16.18600
data_price_hour_abs_08_amount: 16.18600
data_price_hour_rel_-04_amount: 13.53800
data_price_hour_abs_09_amount: 13.53800
data_price_hour_rel_-03_amount: 11.11600
data_price_hour_abs_10_amount: 11.11600
data_price_hour_rel_-02_amount: 10.73600
data_price_hour_abs_11_amount: 10.73600
data_price_hour_rel_-01_amount: 10.07500
data_price_hour_abs_12_amount: 10.07500
data_price_hour_rel_+00_amount: 10.08700
data_price_hour_abs_13_amount: 10.08700
data_price_hour_rel_+01_amount: 10.65700
data_price_hour_abs_14_amount: 10.65700
data_price_hour_rel_+02_amount: 11.58500
data_price_hour_abs_15_amount: 11.58500
data_price_hour_rel_+03_amount: 13.09500
data_price_hour_abs_16_amount: 13.09500
data_price_hour_rel_+04_amount: 15.41500
data_price_hour_abs_17_amount: 15.41500
data_price_hour_rel_+05_amount: 21.19900
data_price_hour_abs_18_amount: 21.19900
data_price_hour_rel_+06_amount: 19.30000
data_price_hour_abs_19_amount: 19.30000
data_price_hour_rel_+07_amount: 16.18400
data_price_hour_abs_20_amount: 16.18400
data_price_hour_rel_+08_amount: 13.85500
data_price_hour_abs_21_amount: 13.85500
data_price_hour_rel_+09_amount: 12.55800
data_price_hour_abs_22_amount: 12.55800
data_price_hour_rel_+10_amount: 11.51600
data_price_hour_abs_23_amount: 11.51600