date_now: 2025-12-23 13:37:53
date_now_epoch: 1766493473291
date_now_day: 23
date_now_month: 12
date_now_year: 2025
date_start: 2025-12-23 00:00:00
date_end: 2025-12-23 23:59:59
price_low: 5.81100
price_high: 8.54700
price_median: 7.86150
price_average: 7.47329
price_current: 7.92100
price_unit: Cent/kWh
price_threshold_00: 5.81100
price_threshold_01: 5.90200
price_threshold_02: 5.90600
price_threshold_03: 6.20100
price_threshold_04: 6.40900
price_threshold_05: 6.50300
price_threshold_06: 6.78500
price_threshold_07: 6.99300
price_threshold_08: 7.18400
price_threshold_09: 7.22300
price_threshold_10: 7.80100
price_threshold_11: 7.80200
price_threshold_12: 7.92100
price_threshold_13: 7.92200
price_threshold_14: 8.04900
price_threshold_15: 8.18300
price_threshold_16: 8.18700
price_threshold_17: 8.24700
price_threshold_18: 8.24700
price_threshold_19: 8.36900
price_threshold_20: 8.38400
price_threshold_21: 8.38800
price_threshold_22: 8.39500
price_threshold_23: 8.54700
data_price_hour_rel_-13_amount: 7.22300
data_price_hour_abs_00_amount: 7.22300
data_price_hour_rel_-12_amount: 6.50300
data_price_hour_abs_01_amount: 6.50300
data_price_hour_rel_-11_amount: 6.20100
data_price_hour_abs_02_amount: 6.20100
data_price_hour_rel_-10_amount: 5.90600
data_price_hour_abs_03_amount: 5.90600
data_price_hour_rel_-09_amount: 5.81100
data_price_hour_abs_04_amount: 5.81100
data_price_hour_rel_-08_amount: 5.90200
data_price_hour_abs_05_amount: 5.90200
data_price_hour_rel_-07_amount: 6.78500
data_price_hour_abs_06_amount: 6.78500
data_price_hour_rel_-06_amount: 7.80200
data_price_hour_abs_07_amount: 7.80200
data_price_hour_rel_-05_amount: 8.38800
data_price_hour_abs_08_amount: 8.38800
data_price_hour_rel_-04_amount: 8.54700
data_price_hour_abs_09_amount: 8.54700
data_price_hour_rel_-03_amount: 8.38400
data_price_hour_abs_10_amount: 8.38400
data_price_hour_rel_-02_amount: 8.18700
data_price_hour_abs_11_amount: 8.18700
data_price_hour_rel_-01_amount: 8.04900
data_price_hour_abs_12_amount: 8.04900
data_price_hour_rel_+00_amount: 7.92100
data_price_hour_abs_13_amount: 7.92100
data_price_hour_rel_+01_amount: 7.92200
data_price_hour_abs_14_amount: 7.92200
data_price_hour_rel_+02_amount: 8.18300
data_price_hour_abs_15_amount: 8.18300
data_price_hour_rel_+03_amount: 8.36900
data_price_hour_abs_16_amount: 8.36900
data_price_hour_rel_+04_amount: 8.24700
data_price_hour_abs_17_amount: 8.24700
data_price_hour_rel_+05_amount: 8.39500
data_price_hour_abs_18_amount: 8.39500
data_price_hour_rel_+06_amount: 8.24700
data_price_hour_abs_19_amount: 8.24700
data_price_hour_rel_+07_amount: 7.80100
data_price_hour_abs_20_amount: 7.80100
data_price_hour_rel_+08_amount: 6.99300
data_price_hour_abs_21_amount: 6.99300
data_price_hour_rel_+09_amount: 7.18400
data_price_hour_abs_22_amount: 7.18400
data_price_hour_rel_+10_amount: 6.40900
data_price_hour_abs_23_amount: 6.40900