date_now: 2025-07-20 14:33:33
date_now_epoch: 1753014813055
date_now_day: 20
date_now_month: 7
date_now_year: 2025
date_start: 2025-07-20 00:00:00
date_end: 2025-07-20 23:59:59
price_low: -0.00100
price_high: 11.60000
price_median: 9.02800
price_average: 7.14808
price_current: 0.00000
price_unit: Cent/kWh
price_threshold_00: -0.00100
price_threshold_01: 0.00000
price_threshold_02: 0.00000
price_threshold_03: 0.20700
price_threshold_04: 0.90400
price_threshold_05: 0.90900
price_threshold_06: 4.45800
price_threshold_07: 6.93300
price_threshold_08: 7.78600
price_threshold_09: 8.05900
price_threshold_10: 8.89400
price_threshold_11: 8.92700
price_threshold_12: 9.12900
price_threshold_13: 9.27400
price_threshold_14: 9.72000
price_threshold_15: 9.82700
price_threshold_16: 10.02600
price_threshold_17: 10.04100
price_threshold_18: 10.17000
price_threshold_19: 10.50500
price_threshold_20: 11.20000
price_threshold_21: 11.48500
price_threshold_22: 11.50100
price_threshold_23: 11.60000
data_price_hour_rel_-14_amount: 9.12900
data_price_hour_abs_00_amount: 9.12900
data_price_hour_rel_-13_amount: 8.89400
data_price_hour_abs_01_amount: 8.89400
data_price_hour_rel_-12_amount: 8.92700
data_price_hour_abs_02_amount: 8.92700
data_price_hour_rel_-11_amount: 10.04100
data_price_hour_abs_03_amount: 10.04100
data_price_hour_rel_-10_amount: 10.17000
data_price_hour_abs_04_amount: 10.17000
data_price_hour_rel_-09_amount: 9.82700
data_price_hour_abs_05_amount: 9.82700
data_price_hour_rel_-08_amount: 9.72000
data_price_hour_abs_06_amount: 9.72000
data_price_hour_rel_-07_amount: 8.05900
data_price_hour_abs_07_amount: 8.05900
data_price_hour_rel_-06_amount: 7.78600
data_price_hour_abs_08_amount: 7.78600
data_price_hour_rel_-05_amount: 4.45800
data_price_hour_abs_09_amount: 4.45800
data_price_hour_rel_-04_amount: 0.90400
data_price_hour_abs_10_amount: 0.90400
data_price_hour_rel_-03_amount: 0.20700
data_price_hour_abs_11_amount: 0.20700
data_price_hour_rel_-02_amount: 0.00000
data_price_hour_abs_12_amount: 0.00000
data_price_hour_rel_-01_amount: -0.00100
data_price_hour_abs_13_amount: -0.00100
data_price_hour_rel_+00_amount: 0.00000
data_price_hour_abs_14_amount: 0.00000
data_price_hour_rel_+01_amount: 0.90900
data_price_hour_abs_15_amount: 0.90900
data_price_hour_rel_+02_amount: 6.93300
data_price_hour_abs_16_amount: 6.93300
data_price_hour_rel_+03_amount: 9.27400
data_price_hour_abs_17_amount: 9.27400
data_price_hour_rel_+04_amount: 10.02600
data_price_hour_abs_18_amount: 10.02600
data_price_hour_rel_+05_amount: 11.20000
data_price_hour_abs_19_amount: 11.20000
data_price_hour_rel_+06_amount: 11.60000
data_price_hour_abs_20_amount: 11.60000
data_price_hour_rel_+07_amount: 11.50100
data_price_hour_abs_21_amount: 11.50100
data_price_hour_rel_+08_amount: 11.48500
data_price_hour_abs_22_amount: 11.48500
data_price_hour_rel_+09_amount: 10.50500
data_price_hour_abs_23_amount: 10.50500