date_now: 2025-03-23 13:27:39
date_now_epoch: 1742732859887
date_now_day: 23
date_now_month: 3
date_now_year: 2025
date_start: 2025-03-23 00:00:00
date_end: 2025-03-23 23:59:59
price_low: 0.50100
price_high: 14.25100
price_median: 2.45400
price_average: 5.49642
price_current: 0.50100
price_unit: Cent/kWh
price_threshold_00: 0.50100
price_threshold_01: 0.96000
price_threshold_02: 1.14600
price_threshold_03: 1.34900
price_threshold_04: 1.36900
price_threshold_05: 1.37800
price_threshold_06: 1.89900
price_threshold_07: 1.90100
price_threshold_08: 2.30900
price_threshold_09: 2.34900
price_threshold_10: 2.36500
price_threshold_11: 2.42600
price_threshold_12: 2.48200
price_threshold_13: 2.48400
price_threshold_14: 2.50100
price_threshold_15: 4.25000
price_threshold_16: 8.44200
price_threshold_17: 11.42400
price_threshold_18: 12.42300
price_threshold_19: 12.64700
price_threshold_20: 13.00000
price_threshold_21: 14.00000
price_threshold_22: 14.05800
price_threshold_23: 14.25100
data_price_hour_rel_-13_amount: 1.36900
data_price_hour_abs_00_amount: 1.36900
data_price_hour_rel_-12_amount: 1.90100
data_price_hour_abs_01_amount: 1.90100
data_price_hour_rel_-11_amount: 2.36500
data_price_hour_abs_02_amount: 2.36500
data_price_hour_rel_-10_amount: 2.34900
data_price_hour_abs_03_amount: 2.34900
data_price_hour_rel_-09_amount: 2.48200
data_price_hour_abs_04_amount: 2.48200
data_price_hour_rel_-08_amount: 2.50100
data_price_hour_abs_05_amount: 2.50100
data_price_hour_rel_-07_amount: 2.48400
data_price_hour_abs_06_amount: 2.48400
data_price_hour_rel_-06_amount: 2.42600
data_price_hour_abs_07_amount: 2.42600
data_price_hour_rel_-05_amount: 1.89900
data_price_hour_abs_08_amount: 1.89900
data_price_hour_rel_-04_amount: 2.30900
data_price_hour_abs_09_amount: 2.30900
data_price_hour_rel_-03_amount: 1.37800
data_price_hour_abs_10_amount: 1.37800
data_price_hour_rel_-02_amount: 0.96000
data_price_hour_abs_11_amount: 0.96000
data_price_hour_rel_-01_amount: 1.34900
data_price_hour_abs_12_amount: 1.34900
data_price_hour_rel_+00_amount: 0.50100
data_price_hour_abs_13_amount: 0.50100
data_price_hour_rel_+01_amount: 1.14600
data_price_hour_abs_14_amount: 1.14600
data_price_hour_rel_+02_amount: 4.25000
data_price_hour_abs_15_amount: 4.25000
data_price_hour_rel_+03_amount: 8.44200
data_price_hour_abs_16_amount: 8.44200
data_price_hour_rel_+04_amount: 12.42300
data_price_hour_abs_17_amount: 12.42300
data_price_hour_rel_+05_amount: 14.00000
data_price_hour_abs_18_amount: 14.00000
data_price_hour_rel_+06_amount: 14.25100
data_price_hour_abs_19_amount: 14.25100
data_price_hour_rel_+07_amount: 14.05800
data_price_hour_abs_20_amount: 14.05800
data_price_hour_rel_+08_amount: 13.00000
data_price_hour_abs_21_amount: 13.00000
data_price_hour_rel_+09_amount: 12.64700
data_price_hour_abs_22_amount: 12.64700
data_price_hour_rel_+10_amount: 11.42400
data_price_hour_abs_23_amount: 11.42400