date_now: 2025-06-17 14:35:32
date_now_epoch: 1750163732654
date_now_day: 17
date_now_month: 6
date_now_year: 2025
date_start: 2025-06-17 00:00:00
date_end: 2025-06-17 23:59:59
price_low: -0.62000
price_high: 24.18000
price_median: 9.67500
price_average: 8.46450
price_current: -0.62000
price_unit: Cent/kWh
price_threshold_00: -0.62000
price_threshold_01: -0.49100
price_threshold_02: -0.25600
price_threshold_03: -0.08600
price_threshold_04: -0.06100
price_threshold_05: 0.43400
price_threshold_06: 0.86500
price_threshold_07: 7.07400
price_threshold_08: 7.92300
price_threshold_09: 9.41900
price_threshold_10: 9.49500
price_threshold_11: 9.52400
price_threshold_12: 9.82600
price_threshold_13: 9.85900
price_threshold_14: 10.25100
price_threshold_15: 10.33600
price_threshold_16: 10.39800
price_threshold_17: 10.70100
price_threshold_18: 11.63600
price_threshold_19: 11.87600
price_threshold_20: 12.90800
price_threshold_21: 13.81900
price_threshold_22: 24.13800
price_threshold_23: 24.18000
data_price_hour_rel_-14_amount: 10.39800
data_price_hour_abs_00_amount: 10.39800
data_price_hour_rel_-13_amount: 9.82600
data_price_hour_abs_01_amount: 9.82600
data_price_hour_rel_-12_amount: 9.49500
data_price_hour_abs_02_amount: 9.49500
data_price_hour_rel_-11_amount: 9.41900
data_price_hour_abs_03_amount: 9.41900
data_price_hour_rel_-10_amount: 9.52400
data_price_hour_abs_04_amount: 9.52400
data_price_hour_rel_-09_amount: 10.25100
data_price_hour_abs_05_amount: 10.25100
data_price_hour_rel_-08_amount: 11.87600
data_price_hour_abs_06_amount: 11.87600
data_price_hour_rel_-07_amount: 10.70100
data_price_hour_abs_07_amount: 10.70100
data_price_hour_rel_-06_amount: 9.85900
data_price_hour_abs_08_amount: 9.85900
data_price_hour_rel_-05_amount: 7.07400
data_price_hour_abs_09_amount: 7.07400
data_price_hour_rel_-04_amount: 0.43400
data_price_hour_abs_10_amount: 0.43400
data_price_hour_rel_-03_amount: -0.06100
data_price_hour_abs_11_amount: -0.06100
data_price_hour_rel_-02_amount: -0.08600
data_price_hour_abs_12_amount: -0.08600
data_price_hour_rel_-01_amount: -0.49100
data_price_hour_abs_13_amount: -0.49100
data_price_hour_rel_+00_amount: -0.62000
data_price_hour_abs_14_amount: -0.62000
data_price_hour_rel_+01_amount: -0.25600
data_price_hour_abs_15_amount: -0.25600
data_price_hour_rel_+02_amount: 0.86500
data_price_hour_abs_16_amount: 0.86500
data_price_hour_rel_+03_amount: 7.92300
data_price_hour_abs_17_amount: 7.92300
data_price_hour_rel_+04_amount: 10.33600
data_price_hour_abs_18_amount: 10.33600
data_price_hour_rel_+05_amount: 12.90800
data_price_hour_abs_19_amount: 12.90800
data_price_hour_rel_+06_amount: 24.18000
data_price_hour_abs_20_amount: 24.18000
data_price_hour_rel_+07_amount: 24.13800
data_price_hour_abs_21_amount: 24.13800
data_price_hour_rel_+08_amount: 13.81900
data_price_hour_abs_22_amount: 13.81900
data_price_hour_rel_+09_amount: 11.63600
data_price_hour_abs_23_amount: 11.63600