date_now: 2025-11-17 13:35:55
date_now_epoch: 1763382955376
date_now_day: 17
date_now_month: 11
date_now_year: 2025
date_start: 2025-11-17 00:00:00
date_end: 2025-11-17 23:59:59
price_low: 7.13200
price_high: 12.69900
price_median: 8.96500
price_average: 9.47158
price_current: 7.77900
price_unit: Cent/kWh
price_threshold_00: 7.13200
price_threshold_01: 7.40900
price_threshold_02: 7.41000
price_threshold_03: 7.77900
price_threshold_04: 7.78100
price_threshold_05: 8.05600
price_threshold_06: 8.11400
price_threshold_07: 8.36000
price_threshold_08: 8.43900
price_threshold_09: 8.70400
price_threshold_10: 8.82900
price_threshold_11: 8.95900
price_threshold_12: 8.97100
price_threshold_13: 9.27000
price_threshold_14: 9.75200
price_threshold_15: 10.28900
price_threshold_16: 10.52200
price_threshold_17: 10.73200
price_threshold_18: 11.07000
price_threshold_19: 11.48700
price_threshold_20: 11.64900
price_threshold_21: 11.73600
price_threshold_22: 12.16900
price_threshold_23: 12.69900
data_price_hour_rel_-13_amount: 8.82900
data_price_hour_abs_00_amount: 8.82900
data_price_hour_rel_-12_amount: 8.05600
data_price_hour_abs_01_amount: 8.05600
data_price_hour_rel_-11_amount: 7.40900
data_price_hour_abs_02_amount: 7.40900
data_price_hour_rel_-10_amount: 7.13200
data_price_hour_abs_03_amount: 7.13200
data_price_hour_rel_-09_amount: 7.41000
data_price_hour_abs_04_amount: 7.41000
data_price_hour_rel_-08_amount: 8.36000
data_price_hour_abs_05_amount: 8.36000
data_price_hour_rel_-07_amount: 8.95900
data_price_hour_abs_06_amount: 8.95900
data_price_hour_rel_-06_amount: 11.48700
data_price_hour_abs_07_amount: 11.48700
data_price_hour_rel_-05_amount: 12.69900
data_price_hour_abs_08_amount: 12.69900
data_price_hour_rel_-04_amount: 12.16900
data_price_hour_abs_09_amount: 12.16900
data_price_hour_rel_-03_amount: 10.52200
data_price_hour_abs_10_amount: 10.52200
data_price_hour_rel_-02_amount: 8.43900
data_price_hour_abs_11_amount: 8.43900
data_price_hour_rel_-01_amount: 7.78100
data_price_hour_abs_12_amount: 7.78100
data_price_hour_rel_+00_amount: 7.77900
data_price_hour_abs_13_amount: 7.77900
data_price_hour_rel_+01_amount: 8.70400
data_price_hour_abs_14_amount: 8.70400
data_price_hour_rel_+02_amount: 9.75200
data_price_hour_abs_15_amount: 9.75200
data_price_hour_rel_+03_amount: 10.73200
data_price_hour_abs_16_amount: 10.73200
data_price_hour_rel_+04_amount: 11.73600
data_price_hour_abs_17_amount: 11.73600
data_price_hour_rel_+05_amount: 11.64900
data_price_hour_abs_18_amount: 11.64900
data_price_hour_rel_+06_amount: 11.07000
data_price_hour_abs_19_amount: 11.07000
data_price_hour_rel_+07_amount: 10.28900
data_price_hour_abs_20_amount: 10.28900
data_price_hour_rel_+08_amount: 9.27000
data_price_hour_abs_21_amount: 9.27000
data_price_hour_rel_+09_amount: 8.97100
data_price_hour_abs_22_amount: 8.97100
data_price_hour_rel_+10_amount: 8.11400
data_price_hour_abs_23_amount: 8.11400