date_now: 2025-12-12 13:37:44
date_now_epoch: 1765543064255
date_now_day: 12
date_now_month: 12
date_now_year: 2025
date_start: 2025-12-12 00:00:00
date_end: 2025-12-12 23:59:59
price_low: 8.37800
price_high: 14.68300
price_median: 11.76300
price_average: 11.34442
price_current: 11.82600
price_unit: Cent/kWh
price_threshold_00: 8.37800
price_threshold_01: 8.62200
price_threshold_02: 8.79000
price_threshold_03: 9.01800
price_threshold_04: 9.07100
price_threshold_05: 9.17500
price_threshold_06: 9.22100
price_threshold_07: 10.12300
price_threshold_08: 10.38200
price_threshold_09: 11.30700
price_threshold_10: 11.49300
price_threshold_11: 11.70000
price_threshold_12: 11.82600
price_threshold_13: 11.83100
price_threshold_14: 12.13300
price_threshold_15: 12.19600
price_threshold_16: 12.68200
price_threshold_17: 12.69000
price_threshold_18: 12.80600
price_threshold_19: 13.08500
price_threshold_20: 13.19500
price_threshold_21: 13.31000
price_threshold_22: 14.54900
price_threshold_23: 14.68300
data_price_hour_rel_-13_amount: 8.37800
data_price_hour_abs_00_amount: 8.37800
data_price_hour_rel_-12_amount: 8.62200
data_price_hour_abs_01_amount: 8.62200
data_price_hour_rel_-11_amount: 8.79000
data_price_hour_abs_02_amount: 8.79000
data_price_hour_rel_-10_amount: 9.01800
data_price_hour_abs_03_amount: 9.01800
data_price_hour_rel_-09_amount: 9.07100
data_price_hour_abs_04_amount: 9.07100
data_price_hour_rel_-08_amount: 9.22100
data_price_hour_abs_05_amount: 9.22100
data_price_hour_rel_-07_amount: 10.12300
data_price_hour_abs_06_amount: 10.12300
data_price_hour_rel_-06_amount: 12.13300
data_price_hour_abs_07_amount: 12.13300
data_price_hour_rel_-05_amount: 13.08500
data_price_hour_abs_08_amount: 13.08500
data_price_hour_rel_-04_amount: 12.69000
data_price_hour_abs_09_amount: 12.69000
data_price_hour_rel_-03_amount: 12.19600
data_price_hour_abs_10_amount: 12.19600
data_price_hour_rel_-02_amount: 11.83100
data_price_hour_abs_11_amount: 11.83100
data_price_hour_rel_-01_amount: 11.30700
data_price_hour_abs_12_amount: 11.30700
data_price_hour_rel_+00_amount: 11.82600
data_price_hour_abs_13_amount: 11.82600
data_price_hour_rel_+01_amount: 12.68200
data_price_hour_abs_14_amount: 12.68200
data_price_hour_rel_+02_amount: 13.19500
data_price_hour_abs_15_amount: 13.19500
data_price_hour_rel_+03_amount: 14.54900
data_price_hour_abs_16_amount: 14.54900
data_price_hour_rel_+04_amount: 14.68300
data_price_hour_abs_17_amount: 14.68300
data_price_hour_rel_+05_amount: 13.31000
data_price_hour_abs_18_amount: 13.31000
data_price_hour_rel_+06_amount: 12.80600
data_price_hour_abs_19_amount: 12.80600
data_price_hour_rel_+07_amount: 11.70000
data_price_hour_abs_20_amount: 11.70000
data_price_hour_rel_+08_amount: 11.49300
data_price_hour_abs_21_amount: 11.49300
data_price_hour_rel_+09_amount: 10.38200
data_price_hour_abs_22_amount: 10.38200
data_price_hour_rel_+10_amount: 9.17500
data_price_hour_abs_23_amount: 9.17500