date_now: 2025-05-10 14:29:09
date_now_epoch: 1746880149246
date_now_day: 10
date_now_month: 5
date_now_year: 2025
date_start: 2025-05-10 00:00:00
date_end: 2025-05-10 23:59:59
price_low: -11.45300
price_high: 16.32000
price_median: 9.48800
price_average: 5.23004
price_current: -11.05100
price_unit: Cent/kWh
price_threshold_00: -11.45300
price_threshold_01: -11.05100
price_threshold_02: -5.84800
price_threshold_03: -4.95200
price_threshold_04: -2.28800
price_threshold_05: -0.59400
price_threshold_06: -0.00700
price_threshold_07: 0.90200
price_threshold_08: 2.39900
price_threshold_09: 7.37200
price_threshold_10: 9.39100
price_threshold_11: 9.44900
price_threshold_12: 9.52700
price_threshold_13: 9.62800
price_threshold_14: 9.77300
price_threshold_15: 9.87800
price_threshold_16: 10.04700
price_threshold_17: 10.09000
price_threshold_18: 10.29100
price_threshold_19: 10.52200
price_threshold_20: 10.77200
price_threshold_21: 12.40400
price_threshold_22: 12.94900
price_threshold_23: 16.32000
data_price_hour_rel_-14_amount: 10.52200
data_price_hour_abs_00_amount: 10.52200
data_price_hour_rel_-13_amount: 10.29100
data_price_hour_abs_01_amount: 10.29100
data_price_hour_rel_-12_amount: 9.87800
data_price_hour_abs_02_amount: 9.87800
data_price_hour_rel_-11_amount: 9.62800
data_price_hour_abs_03_amount: 9.62800
data_price_hour_rel_-10_amount: 10.09000
data_price_hour_abs_04_amount: 10.09000
data_price_hour_rel_-09_amount: 10.04700
data_price_hour_abs_05_amount: 10.04700
data_price_hour_rel_-08_amount: 9.77300
data_price_hour_abs_06_amount: 9.77300
data_price_hour_rel_-07_amount: 9.39100
data_price_hour_abs_07_amount: 9.39100
data_price_hour_rel_-06_amount: 7.37200
data_price_hour_abs_08_amount: 7.37200
data_price_hour_rel_-05_amount: 0.90200
data_price_hour_abs_09_amount: 0.90200
data_price_hour_rel_-04_amount: -0.00700
data_price_hour_abs_10_amount: -0.00700
data_price_hour_rel_-03_amount: -2.28800
data_price_hour_abs_11_amount: -2.28800
data_price_hour_rel_-02_amount: -5.84800
data_price_hour_abs_12_amount: -5.84800
data_price_hour_rel_-01_amount: -11.45300
data_price_hour_abs_13_amount: -11.45300
data_price_hour_rel_+00_amount: -11.05100
data_price_hour_abs_14_amount: -11.05100
data_price_hour_rel_+01_amount: -4.95200
data_price_hour_abs_15_amount: -4.95200
data_price_hour_rel_+02_amount: -0.59400
data_price_hour_abs_16_amount: -0.59400
data_price_hour_rel_+03_amount: 2.39900
data_price_hour_abs_17_amount: 2.39900
data_price_hour_rel_+04_amount: 9.52700
data_price_hour_abs_18_amount: 9.52700
data_price_hour_rel_+05_amount: 12.40400
data_price_hour_abs_19_amount: 12.40400
data_price_hour_rel_+06_amount: 16.32000
data_price_hour_abs_20_amount: 16.32000
data_price_hour_rel_+07_amount: 12.94900
data_price_hour_abs_21_amount: 12.94900
data_price_hour_rel_+08_amount: 10.77200
data_price_hour_abs_22_amount: 10.77200
data_price_hour_rel_+09_amount: 9.44900
data_price_hour_abs_23_amount: 9.44900