date_now: 2025-07-21 14:37:33
date_now_epoch: 1753101453896
date_now_day: 21
date_now_month: 7
date_now_year: 2025
date_start: 2025-07-21 00:00:00
date_end: 2025-07-21 23:59:59
price_low: 7.97300
price_high: 12.65600
price_median: 9.94600
price_average: 10.02300
price_current: 8.57900
price_unit: Cent/kWh
price_threshold_00: 7.97300
price_threshold_01: 8.17300
price_threshold_02: 8.33000
price_threshold_03: 8.34800
price_threshold_04: 8.34900
price_threshold_05: 8.49000
price_threshold_06: 8.57900
price_threshold_07: 8.70800
price_threshold_08: 8.79600
price_threshold_09: 9.09500
price_threshold_10: 9.62200
price_threshold_11: 9.88800
price_threshold_12: 10.00400
price_threshold_13: 10.43000
price_threshold_14: 10.58200
price_threshold_15: 10.59900
price_threshold_16: 10.87600
price_threshold_17: 10.96400
price_threshold_18: 11.39600
price_threshold_19: 11.96900
price_threshold_20: 12.00900
price_threshold_21: 12.32500
price_threshold_22: 12.39100
price_threshold_23: 12.65600
data_price_hour_rel_-14_amount: 8.70800
data_price_hour_abs_00_amount: 8.70800
data_price_hour_rel_-13_amount: 7.97300
data_price_hour_abs_01_amount: 7.97300
data_price_hour_rel_-12_amount: 8.34800
data_price_hour_abs_02_amount: 8.34800
data_price_hour_rel_-11_amount: 8.33000
data_price_hour_abs_03_amount: 8.33000
data_price_hour_rel_-10_amount: 8.34900
data_price_hour_abs_04_amount: 8.34900
data_price_hour_rel_-09_amount: 9.62200
data_price_hour_abs_05_amount: 9.62200
data_price_hour_rel_-08_amount: 11.39600
data_price_hour_abs_06_amount: 11.39600
data_price_hour_rel_-07_amount: 12.65600
data_price_hour_abs_07_amount: 12.65600
data_price_hour_rel_-06_amount: 12.39100
data_price_hour_abs_08_amount: 12.39100
data_price_hour_rel_-05_amount: 10.96400
data_price_hour_abs_09_amount: 10.96400
data_price_hour_rel_-04_amount: 10.59900
data_price_hour_abs_10_amount: 10.59900
data_price_hour_rel_-03_amount: 9.88800
data_price_hour_abs_11_amount: 9.88800
data_price_hour_rel_-02_amount: 8.49000
data_price_hour_abs_12_amount: 8.49000
data_price_hour_rel_-01_amount: 8.17300
data_price_hour_abs_13_amount: 8.17300
data_price_hour_rel_+00_amount: 8.57900
data_price_hour_abs_14_amount: 8.57900
data_price_hour_rel_+01_amount: 8.79600
data_price_hour_abs_15_amount: 8.79600
data_price_hour_rel_+02_amount: 9.09500
data_price_hour_abs_16_amount: 9.09500
data_price_hour_rel_+03_amount: 10.43000
data_price_hour_abs_17_amount: 10.43000
data_price_hour_rel_+04_amount: 10.58200
data_price_hour_abs_18_amount: 10.58200
data_price_hour_rel_+05_amount: 11.96900
data_price_hour_abs_19_amount: 11.96900
data_price_hour_rel_+06_amount: 12.32500
data_price_hour_abs_20_amount: 12.32500
data_price_hour_rel_+07_amount: 12.00900
data_price_hour_abs_21_amount: 12.00900
data_price_hour_rel_+08_amount: 10.87600
data_price_hour_abs_22_amount: 10.87600
data_price_hour_rel_+09_amount: 10.00400
data_price_hour_abs_23_amount: 10.00400