date_now: 2025-09-30 14:34:40
date_now_epoch: 1759235680655
date_now_day: 30
date_now_month: 9
date_now_year: 2025
date_start: 2025-09-30 00:00:00
date_end: 2025-09-30 23:59:59
price_low: 8.60400
price_high: 35.77700
price_median: 10.28300
price_average: 13.61663
price_current: 8.72600
price_unit: Cent/kWh
price_threshold_00: 8.60400
price_threshold_01: 8.72600
price_threshold_02: 8.79100
price_threshold_03: 9.25400
price_threshold_04: 9.49900
price_threshold_05: 9.67200
price_threshold_06: 9.68000
price_threshold_07: 9.84300
price_threshold_08: 9.89300
price_threshold_09: 9.91200
price_threshold_10: 10.11000
price_threshold_11: 10.16300
price_threshold_12: 10.40300
price_threshold_13: 11.20800
price_threshold_14: 11.52000
price_threshold_15: 11.60400
price_threshold_16: 14.18500
price_threshold_17: 14.18600
price_threshold_18: 14.26400
price_threshold_19: 14.72800
price_threshold_20: 20.92300
price_threshold_21: 24.40000
price_threshold_22: 29.45400
price_threshold_23: 35.77700
data_price_hour_rel_-14_amount: 10.11000
data_price_hour_abs_00_amount: 10.11000
data_price_hour_rel_-13_amount: 9.84300
data_price_hour_abs_01_amount: 9.84300
data_price_hour_rel_-12_amount: 9.89300
data_price_hour_abs_02_amount: 9.89300
data_price_hour_rel_-11_amount: 9.49900
data_price_hour_abs_03_amount: 9.49900
data_price_hour_rel_-10_amount: 9.91200
data_price_hour_abs_04_amount: 9.91200
data_price_hour_rel_-09_amount: 11.20800
data_price_hour_abs_05_amount: 11.20800
data_price_hour_rel_-08_amount: 14.18600
data_price_hour_abs_06_amount: 14.18600
data_price_hour_rel_-07_amount: 24.40000
data_price_hour_abs_07_amount: 24.40000
data_price_hour_rel_-06_amount: 20.92300
data_price_hour_abs_08_amount: 20.92300
data_price_hour_rel_-05_amount: 14.18500
data_price_hour_abs_09_amount: 14.18500
data_price_hour_rel_-04_amount: 11.52000
data_price_hour_abs_10_amount: 11.52000
data_price_hour_rel_-03_amount: 9.67200
data_price_hour_abs_11_amount: 9.67200
data_price_hour_rel_-02_amount: 8.79100
data_price_hour_abs_12_amount: 8.79100
data_price_hour_rel_-01_amount: 8.60400
data_price_hour_abs_13_amount: 8.60400
data_price_hour_rel_+00_amount: 8.72600
data_price_hour_abs_14_amount: 8.72600
data_price_hour_rel_+01_amount: 9.68000
data_price_hour_abs_15_amount: 9.68000
data_price_hour_rel_+02_amount: 10.40300
data_price_hour_abs_16_amount: 10.40300
data_price_hour_rel_+03_amount: 14.26400
data_price_hour_abs_17_amount: 14.26400
data_price_hour_rel_+04_amount: 29.45400
data_price_hour_abs_18_amount: 29.45400
data_price_hour_rel_+05_amount: 35.77700
data_price_hour_abs_19_amount: 35.77700
data_price_hour_rel_+06_amount: 14.72800
data_price_hour_abs_20_amount: 14.72800
data_price_hour_rel_+07_amount: 11.60400
data_price_hour_abs_21_amount: 11.60400
data_price_hour_rel_+08_amount: 10.16300
data_price_hour_abs_22_amount: 10.16300
data_price_hour_rel_+09_amount: 9.25400
data_price_hour_abs_23_amount: 9.25400