date_now: 2025-11-03 13:35:53
date_now_epoch: 1762173353800
date_now_day: 3
date_now_month: 11
date_now_year: 2025
date_start: 2025-11-03 00:00:00
date_end: 2025-11-03 23:59:59
price_low: 2.87200
price_high: 11.72600
price_median: 7.52250
price_average: 7.82967
price_current: 7.19300
price_unit: Cent/kWh
price_threshold_00: 2.87200
price_threshold_01: 5.27100
price_threshold_02: 6.00100
price_threshold_03: 6.79900
price_threshold_04: 7.16300
price_threshold_05: 7.16800
price_threshold_06: 7.19300
price_threshold_07: 7.31400
price_threshold_08: 7.49700
price_threshold_09: 7.49800
price_threshold_10: 7.50000
price_threshold_11: 7.50000
price_threshold_12: 7.54500
price_threshold_13: 8.01100
price_threshold_14: 8.15800
price_threshold_15: 8.24400
price_threshold_16: 8.26100
price_threshold_17: 8.57600
price_threshold_18: 9.05600
price_threshold_19: 9.25200
price_threshold_20: 9.27400
price_threshold_21: 9.53300
price_threshold_22: 10.50000
price_threshold_23: 11.72600
data_price_hour_rel_-13_amount: 8.24400
data_price_hour_abs_00_amount: 8.24400
data_price_hour_rel_-12_amount: 8.01100
data_price_hour_abs_01_amount: 8.01100
data_price_hour_rel_-11_amount: 7.50000
data_price_hour_abs_02_amount: 7.50000
data_price_hour_rel_-10_amount: 7.31400
data_price_hour_abs_03_amount: 7.31400
data_price_hour_rel_-09_amount: 7.49700
data_price_hour_abs_04_amount: 7.49700
data_price_hour_rel_-08_amount: 7.50000
data_price_hour_abs_05_amount: 7.50000
data_price_hour_rel_-07_amount: 9.53300
data_price_hour_abs_06_amount: 9.53300
data_price_hour_rel_-06_amount: 11.72600
data_price_hour_abs_07_amount: 11.72600
data_price_hour_rel_-05_amount: 10.50000
data_price_hour_abs_08_amount: 10.50000
data_price_hour_rel_-04_amount: 8.57600
data_price_hour_abs_09_amount: 8.57600
data_price_hour_rel_-03_amount: 7.54500
data_price_hour_abs_10_amount: 7.54500
data_price_hour_rel_-02_amount: 7.16800
data_price_hour_abs_11_amount: 7.16800
data_price_hour_rel_-01_amount: 6.79900
data_price_hour_abs_12_amount: 6.79900
data_price_hour_rel_+00_amount: 7.19300
data_price_hour_abs_13_amount: 7.19300
data_price_hour_rel_+01_amount: 7.49800
data_price_hour_abs_14_amount: 7.49800
data_price_hour_rel_+02_amount: 8.26100
data_price_hour_abs_15_amount: 8.26100
data_price_hour_rel_+03_amount: 9.27400
data_price_hour_abs_16_amount: 9.27400
data_price_hour_rel_+04_amount: 9.25200
data_price_hour_abs_17_amount: 9.25200
data_price_hour_rel_+05_amount: 9.05600
data_price_hour_abs_18_amount: 9.05600
data_price_hour_rel_+06_amount: 8.15800
data_price_hour_abs_19_amount: 8.15800
data_price_hour_rel_+07_amount: 7.16300
data_price_hour_abs_20_amount: 7.16300
data_price_hour_rel_+08_amount: 6.00100
data_price_hour_abs_21_amount: 6.00100
data_price_hour_rel_+09_amount: 5.27100
data_price_hour_abs_22_amount: 5.27100
data_price_hour_rel_+10_amount: 2.87200
data_price_hour_abs_23_amount: 2.87200