date_now: 2025-09-29 14:34:10
date_now_epoch: 1759149250362
date_now_day: 29
date_now_month: 9
date_now_year: 2025
date_start: 2025-09-29 00:00:00
date_end: 2025-09-29 23:59:59
price_low: 7.70800
price_high: 40.67800
price_median: 9.60250
price_average: 13.05654
price_current: 8.33300
price_unit: Cent/kWh
price_threshold_00: 7.70800
price_threshold_01: 7.87100
price_threshold_02: 8.33300
price_threshold_03: 8.49500
price_threshold_04: 8.74000
price_threshold_05: 8.78800
price_threshold_06: 8.79400
price_threshold_07: 8.83100
price_threshold_08: 8.87600
price_threshold_09: 9.02100
price_threshold_10: 9.09500
price_threshold_11: 9.36800
price_threshold_12: 9.83700
price_threshold_13: 9.99800
price_threshold_14: 10.83000
price_threshold_15: 12.20600
price_threshold_16: 12.38500
price_threshold_17: 13.49800
price_threshold_18: 14.07900
price_threshold_19: 16.69100
price_threshold_20: 16.76000
price_threshold_21: 22.21000
price_threshold_22: 30.26500
price_threshold_23: 40.67800
data_price_hour_rel_-14_amount: 9.09500
data_price_hour_abs_00_amount: 9.09500
data_price_hour_rel_-13_amount: 8.87600
data_price_hour_abs_01_amount: 8.87600
data_price_hour_rel_-12_amount: 8.78800
data_price_hour_abs_02_amount: 8.78800
data_price_hour_rel_-11_amount: 8.79400
data_price_hour_abs_03_amount: 8.79400
data_price_hour_rel_-10_amount: 8.83100
data_price_hour_abs_04_amount: 8.83100
data_price_hour_rel_-09_amount: 9.83700
data_price_hour_abs_05_amount: 9.83700
data_price_hour_rel_-08_amount: 13.49800
data_price_hour_abs_06_amount: 13.49800
data_price_hour_rel_-07_amount: 22.21000
data_price_hour_abs_07_amount: 22.21000
data_price_hour_rel_-06_amount: 16.69100
data_price_hour_abs_08_amount: 16.69100
data_price_hour_rel_-05_amount: 12.20600
data_price_hour_abs_09_amount: 12.20600
data_price_hour_rel_-04_amount: 9.02100
data_price_hour_abs_10_amount: 9.02100
data_price_hour_rel_-03_amount: 8.49500
data_price_hour_abs_11_amount: 8.49500
data_price_hour_rel_-02_amount: 7.87100
data_price_hour_abs_12_amount: 7.87100
data_price_hour_rel_-01_amount: 7.70800
data_price_hour_abs_13_amount: 7.70800
data_price_hour_rel_+00_amount: 8.33300
data_price_hour_abs_14_amount: 8.33300
data_price_hour_rel_+01_amount: 8.74000
data_price_hour_abs_15_amount: 8.74000
data_price_hour_rel_+02_amount: 9.99800
data_price_hour_abs_16_amount: 9.99800
data_price_hour_rel_+03_amount: 14.07900
data_price_hour_abs_17_amount: 14.07900
data_price_hour_rel_+04_amount: 30.26500
data_price_hour_abs_18_amount: 30.26500
data_price_hour_rel_+05_amount: 40.67800
data_price_hour_abs_19_amount: 40.67800
data_price_hour_rel_+06_amount: 16.76000
data_price_hour_abs_20_amount: 16.76000
data_price_hour_rel_+07_amount: 12.38500
data_price_hour_abs_21_amount: 12.38500
data_price_hour_rel_+08_amount: 10.83000
data_price_hour_abs_22_amount: 10.83000
data_price_hour_rel_+09_amount: 9.36800
data_price_hour_abs_23_amount: 9.36800