date_now: 2025-11-08 13:30:18
date_now_epoch: 1762605018345
date_now_day: 8
date_now_month: 11
date_now_year: 2025
date_start: 2025-11-08 00:00:00
date_end: 2025-11-08 23:59:59
price_low: 9.39700
price_high: 13.65300
price_median: 10.18600
price_average: 10.64663
price_current: 9.59100
price_unit: Cent/kWh
price_threshold_00: 9.39700
price_threshold_01: 9.40000
price_threshold_02: 9.42000
price_threshold_03: 9.50400
price_threshold_04: 9.51600
price_threshold_05: 9.52800
price_threshold_06: 9.59100
price_threshold_07: 9.63300
price_threshold_08: 9.65300
price_threshold_09: 9.69100
price_threshold_10: 9.69500
price_threshold_11: 10.15400
price_threshold_12: 10.21800
price_threshold_13: 10.36200
price_threshold_14: 10.38400
price_threshold_15: 10.55000
price_threshold_16: 10.62600
price_threshold_17: 11.33100
price_threshold_18: 11.76200
price_threshold_19: 12.29700
price_threshold_20: 12.46400
price_threshold_21: 13.19800
price_threshold_22: 13.49200
price_threshold_23: 13.65300
data_price_hour_rel_-13_amount: 9.65300
data_price_hour_abs_00_amount: 9.65300
data_price_hour_rel_-12_amount: 9.63300
data_price_hour_abs_01_amount: 9.63300
data_price_hour_rel_-11_amount: 9.40000
data_price_hour_abs_02_amount: 9.40000
data_price_hour_rel_-10_amount: 9.39700
data_price_hour_abs_03_amount: 9.39700
data_price_hour_rel_-09_amount: 9.50400
data_price_hour_abs_04_amount: 9.50400
data_price_hour_rel_-08_amount: 9.42000
data_price_hour_abs_05_amount: 9.42000
data_price_hour_rel_-07_amount: 9.52800
data_price_hour_abs_06_amount: 9.52800
data_price_hour_rel_-06_amount: 10.38400
data_price_hour_abs_07_amount: 10.38400
data_price_hour_rel_-05_amount: 10.55000
data_price_hour_abs_08_amount: 10.55000
data_price_hour_rel_-04_amount: 10.36200
data_price_hour_abs_09_amount: 10.36200
data_price_hour_rel_-03_amount: 10.21800
data_price_hour_abs_10_amount: 10.21800
data_price_hour_rel_-02_amount: 9.69500
data_price_hour_abs_11_amount: 9.69500
data_price_hour_rel_-01_amount: 9.51600
data_price_hour_abs_12_amount: 9.51600
data_price_hour_rel_+00_amount: 9.59100
data_price_hour_abs_13_amount: 9.59100
data_price_hour_rel_+01_amount: 10.15400
data_price_hour_abs_14_amount: 10.15400
data_price_hour_rel_+02_amount: 11.76200
data_price_hour_abs_15_amount: 11.76200
data_price_hour_rel_+03_amount: 12.46400
data_price_hour_abs_16_amount: 12.46400
data_price_hour_rel_+04_amount: 13.49200
data_price_hour_abs_17_amount: 13.49200
data_price_hour_rel_+05_amount: 13.65300
data_price_hour_abs_18_amount: 13.65300
data_price_hour_rel_+06_amount: 13.19800
data_price_hour_abs_19_amount: 13.19800
data_price_hour_rel_+07_amount: 12.29700
data_price_hour_abs_20_amount: 12.29700
data_price_hour_rel_+08_amount: 11.33100
data_price_hour_abs_21_amount: 11.33100
data_price_hour_rel_+09_amount: 10.62600
data_price_hour_abs_22_amount: 10.62600
data_price_hour_rel_+10_amount: 9.69100
data_price_hour_abs_23_amount: 9.69100