date_now: 2025-07-07 14:35:06
date_now_epoch: 1751891706323
date_now_day: 7
date_now_month: 7
date_now_year: 2025
date_start: 2025-07-07 00:00:00
date_end: 2025-07-07 23:59:59
price_low: 5.06700
price_high: 15.22900
price_median: 10.14600
price_average: 9.99733
price_current: 5.30200
price_unit: Cent/kWh
price_threshold_00: 5.06700
price_threshold_01: 5.25100
price_threshold_02: 5.30200
price_threshold_03: 7.10000
price_threshold_04: 7.23000
price_threshold_05: 8.79500
price_threshold_06: 9.02400
price_threshold_07: 9.22700
price_threshold_08: 9.58200
price_threshold_09: 9.72800
price_threshold_10: 9.91200
price_threshold_11: 10.10000
price_threshold_12: 10.19200
price_threshold_13: 10.74200
price_threshold_14: 10.82200
price_threshold_15: 10.86400
price_threshold_16: 10.89800
price_threshold_17: 10.99200
price_threshold_18: 11.00900
price_threshold_19: 11.88400
price_threshold_20: 13.19900
price_threshold_21: 13.42000
price_threshold_22: 14.36700
price_threshold_23: 15.22900
data_price_hour_rel_-14_amount: 11.88400
data_price_hour_abs_00_amount: 11.88400
data_price_hour_rel_-13_amount: 10.74200
data_price_hour_abs_01_amount: 10.74200
data_price_hour_rel_-12_amount: 10.19200
data_price_hour_abs_02_amount: 10.19200
data_price_hour_rel_-11_amount: 9.91200
data_price_hour_abs_03_amount: 9.91200
data_price_hour_rel_-10_amount: 10.10000
data_price_hour_abs_04_amount: 10.10000
data_price_hour_rel_-09_amount: 10.82200
data_price_hour_abs_05_amount: 10.82200
data_price_hour_rel_-08_amount: 13.42000
data_price_hour_abs_06_amount: 13.42000
data_price_hour_rel_-07_amount: 14.36700
data_price_hour_abs_07_amount: 14.36700
data_price_hour_rel_-06_amount: 15.22900
data_price_hour_abs_08_amount: 15.22900
data_price_hour_rel_-05_amount: 13.19900
data_price_hour_abs_09_amount: 13.19900
data_price_hour_rel_-04_amount: 10.86400
data_price_hour_abs_10_amount: 10.86400
data_price_hour_rel_-03_amount: 10.89800
data_price_hour_abs_11_amount: 10.89800
data_price_hour_rel_-02_amount: 9.02400
data_price_hour_abs_12_amount: 9.02400
data_price_hour_rel_-01_amount: 7.10000
data_price_hour_abs_13_amount: 7.10000
data_price_hour_rel_+00_amount: 5.30200
data_price_hour_abs_14_amount: 5.30200
data_price_hour_rel_+01_amount: 5.06700
data_price_hour_abs_15_amount: 5.06700
data_price_hour_rel_+02_amount: 5.25100
data_price_hour_abs_16_amount: 5.25100
data_price_hour_rel_+03_amount: 7.23000
data_price_hour_abs_17_amount: 7.23000
data_price_hour_rel_+04_amount: 8.79500
data_price_hour_abs_18_amount: 8.79500
data_price_hour_rel_+05_amount: 9.22700
data_price_hour_abs_19_amount: 9.22700
data_price_hour_rel_+06_amount: 9.72800
data_price_hour_abs_20_amount: 9.72800
data_price_hour_rel_+07_amount: 10.99200
data_price_hour_abs_21_amount: 10.99200
data_price_hour_rel_+08_amount: 11.00900
data_price_hour_abs_22_amount: 11.00900
data_price_hour_rel_+09_amount: 9.58200
data_price_hour_abs_23_amount: 9.58200