date_now: 2025-01-22 13:28:26
date_now_epoch: 1737548906107
date_now_day: 22
date_now_month: 1
date_now_year: 2025
date_start: 2025-01-22 00:00:00
date_end: 2025-01-22 23:59:59
price_low: 11.46800
price_high: 23.86000
price_median: 16.60400
price_average: 16.14488
price_current: 17.00000
price_unit: Cent/kWh
price_threshold_00: 11.46800
price_threshold_01: 12.16600
price_threshold_02: 12.22200
price_threshold_03: 12.31600
price_threshold_04: 12.50600
price_threshold_05: 12.77800
price_threshold_06: 12.80000
price_threshold_07: 12.80900
price_threshold_08: 12.83200
price_threshold_09: 13.44900
price_threshold_10: 15.69200
price_threshold_11: 16.50000
price_threshold_12: 16.70800
price_threshold_13: 17.00000
price_threshold_14: 17.29400
price_threshold_15: 17.90600
price_threshold_16: 17.99200
price_threshold_17: 18.04300
price_threshold_18: 19.56700
price_threshold_19: 19.90400
price_threshold_20: 19.94100
price_threshold_21: 20.82500
price_threshold_22: 20.89900
price_threshold_23: 23.86000
data_price_hour_rel_-13_amount: 12.80000
data_price_hour_abs_00_amount: 12.80000
data_price_hour_rel_-12_amount: 12.50600
data_price_hour_abs_01_amount: 12.50600
data_price_hour_rel_-11_amount: 12.22200
data_price_hour_abs_02_amount: 12.22200
data_price_hour_rel_-10_amount: 12.16600
data_price_hour_abs_03_amount: 12.16600
data_price_hour_rel_-09_amount: 12.31600
data_price_hour_abs_04_amount: 12.31600
data_price_hour_rel_-08_amount: 12.83200
data_price_hour_abs_05_amount: 12.83200
data_price_hour_rel_-07_amount: 15.69200
data_price_hour_abs_06_amount: 15.69200
data_price_hour_rel_-06_amount: 20.82500
data_price_hour_abs_07_amount: 20.82500
data_price_hour_rel_-05_amount: 23.86000
data_price_hour_abs_08_amount: 23.86000
data_price_hour_rel_-04_amount: 19.94100
data_price_hour_abs_09_amount: 19.94100
data_price_hour_rel_-03_amount: 17.90600
data_price_hour_abs_10_amount: 17.90600
data_price_hour_rel_-02_amount: 17.29400
data_price_hour_abs_11_amount: 17.29400
data_price_hour_rel_-01_amount: 16.50000
data_price_hour_abs_12_amount: 16.50000
data_price_hour_rel_+00_amount: 17.00000
data_price_hour_abs_13_amount: 17.00000
data_price_hour_rel_+01_amount: 17.99200
data_price_hour_abs_14_amount: 17.99200
data_price_hour_rel_+02_amount: 19.56700
data_price_hour_abs_15_amount: 19.56700
data_price_hour_rel_+03_amount: 19.90400
data_price_hour_abs_16_amount: 19.90400
data_price_hour_rel_+04_amount: 20.89900
data_price_hour_abs_17_amount: 20.89900
data_price_hour_rel_+05_amount: 18.04300
data_price_hour_abs_18_amount: 18.04300
data_price_hour_rel_+06_amount: 16.70800
data_price_hour_abs_19_amount: 16.70800
data_price_hour_rel_+07_amount: 13.44900
data_price_hour_abs_20_amount: 13.44900
data_price_hour_rel_+08_amount: 12.77800
data_price_hour_abs_21_amount: 12.77800
data_price_hour_rel_+09_amount: 12.80900
data_price_hour_abs_22_amount: 12.80900
data_price_hour_rel_+10_amount: 11.46800
data_price_hour_abs_23_amount: 11.46800