date_now: 2025-04-14 14:32:05
date_now_epoch: 1744633925437
date_now_day: 14
date_now_month: 4
date_now_year: 2025
date_start: 2025-04-14 00:00:00
date_end: 2025-04-14 23:59:59
price_low: 6.16400
price_high: 18.00000
price_median: 8.60800
price_average: 9.81571
price_current: 6.43600
price_unit: Cent/kWh
price_threshold_00: 6.16400
price_threshold_01: 6.23500
price_threshold_02: 6.43600
price_threshold_03: 7.52900
price_threshold_04: 7.60000
price_threshold_05: 7.70700
price_threshold_06: 8.21100
price_threshold_07: 8.22900
price_threshold_08: 8.25900
price_threshold_09: 8.26900
price_threshold_10: 8.45200
price_threshold_11: 8.46000
price_threshold_12: 8.75600
price_threshold_13: 9.10200
price_threshold_14: 9.70200
price_threshold_15: 9.71000
price_threshold_16: 10.28300
price_threshold_17: 10.47000
price_threshold_18: 11.93500
price_threshold_19: 12.43400
price_threshold_20: 14.06100
price_threshold_21: 14.37000
price_threshold_22: 15.20300
price_threshold_23: 18.00000
data_price_hour_rel_-14_amount: 8.75600
data_price_hour_abs_00_amount: 8.75600
data_price_hour_rel_-13_amount: 8.26900
data_price_hour_abs_01_amount: 8.26900
data_price_hour_rel_-12_amount: 8.21100
data_price_hour_abs_02_amount: 8.21100
data_price_hour_rel_-11_amount: 8.22900
data_price_hour_abs_03_amount: 8.22900
data_price_hour_rel_-10_amount: 8.45200
data_price_hour_abs_04_amount: 8.45200
data_price_hour_rel_-09_amount: 9.71000
data_price_hour_abs_05_amount: 9.71000
data_price_hour_rel_-08_amount: 12.43400
data_price_hour_abs_06_amount: 12.43400
data_price_hour_rel_-07_amount: 15.20300
data_price_hour_abs_07_amount: 15.20300
data_price_hour_rel_-06_amount: 14.37000
data_price_hour_abs_08_amount: 14.37000
data_price_hour_rel_-05_amount: 10.47000
data_price_hour_abs_09_amount: 10.47000
data_price_hour_rel_-04_amount: 9.10200
data_price_hour_abs_10_amount: 9.10200
data_price_hour_rel_-03_amount: 7.70700
data_price_hour_abs_11_amount: 7.70700
data_price_hour_rel_-02_amount: 6.23500
data_price_hour_abs_12_amount: 6.23500
data_price_hour_rel_-01_amount: 6.16400
data_price_hour_abs_13_amount: 6.16400
data_price_hour_rel_+00_amount: 6.43600
data_price_hour_abs_14_amount: 6.43600
data_price_hour_rel_+01_amount: 7.52900
data_price_hour_abs_15_amount: 7.52900
data_price_hour_rel_+02_amount: 8.46000
data_price_hour_abs_16_amount: 8.46000
data_price_hour_rel_+03_amount: 9.70200
data_price_hour_abs_17_amount: 9.70200
data_price_hour_rel_+04_amount: 11.93500
data_price_hour_abs_18_amount: 11.93500
data_price_hour_rel_+05_amount: 18.00000
data_price_hour_abs_19_amount: 18.00000
data_price_hour_rel_+06_amount: 14.06100
data_price_hour_abs_20_amount: 14.06100
data_price_hour_rel_+07_amount: 10.28300
data_price_hour_abs_21_amount: 10.28300
data_price_hour_rel_+08_amount: 8.25900
data_price_hour_abs_22_amount: 8.25900
data_price_hour_rel_+09_amount: 7.60000
data_price_hour_abs_23_amount: 7.60000