date_now: 2025-05-30 14:32:57
date_now_epoch: 1748608377641
date_now_day: 30
date_now_month: 5
date_now_year: 2025
date_start: 2025-05-30 00:00:00
date_end: 2025-05-30 23:59:59
price_low: -0.31000
price_high: 14.58900
price_median: 3.56700
price_average: 4.81871
price_current: -0.30000
price_unit: Cent/kWh
price_threshold_00: -0.31000
price_threshold_01: -0.30000
price_threshold_02: -0.13400
price_threshold_03: -0.10100
price_threshold_04: -0.00400
price_threshold_05: -0.00200
price_threshold_06: 0.18300
price_threshold_07: 0.58800
price_threshold_08: 2.56700
price_threshold_09: 2.91300
price_threshold_10: 3.29900
price_threshold_11: 3.39500
price_threshold_12: 3.73900
price_threshold_13: 4.54200
price_threshold_14: 5.30100
price_threshold_15: 5.50800
price_threshold_16: 6.83800
price_threshold_17: 6.97300
price_threshold_18: 7.35200
price_threshold_19: 10.81500
price_threshold_20: 11.18400
price_threshold_21: 13.01900
price_threshold_22: 13.69500
price_threshold_23: 14.58900
data_price_hour_rel_-14_amount: 4.54200
data_price_hour_abs_00_amount: 4.54200
data_price_hour_rel_-13_amount: 2.56700
data_price_hour_abs_01_amount: 2.56700
data_price_hour_rel_-12_amount: 3.29900
data_price_hour_abs_02_amount: 3.29900
data_price_hour_rel_-11_amount: 3.39500
data_price_hour_abs_03_amount: 3.39500
data_price_hour_rel_-10_amount: 3.73900
data_price_hour_abs_04_amount: 3.73900
data_price_hour_rel_-09_amount: 5.50800
data_price_hour_abs_05_amount: 5.50800
data_price_hour_rel_-08_amount: 6.97300
data_price_hour_abs_06_amount: 6.97300
data_price_hour_rel_-07_amount: 6.83800
data_price_hour_abs_07_amount: 6.83800
data_price_hour_rel_-06_amount: 5.30100
data_price_hour_abs_08_amount: 5.30100
data_price_hour_rel_-05_amount: 2.91300
data_price_hour_abs_09_amount: 2.91300
data_price_hour_rel_-04_amount: 0.18300
data_price_hour_abs_10_amount: 0.18300
data_price_hour_rel_-03_amount: -0.00200
data_price_hour_abs_11_amount: -0.00200
data_price_hour_rel_-02_amount: -0.10100
data_price_hour_abs_12_amount: -0.10100
data_price_hour_rel_-01_amount: -0.31000
data_price_hour_abs_13_amount: -0.31000
data_price_hour_rel_+00_amount: -0.30000
data_price_hour_abs_14_amount: -0.30000
data_price_hour_rel_+01_amount: -0.13400
data_price_hour_abs_15_amount: -0.13400
data_price_hour_rel_+02_amount: -0.00400
data_price_hour_abs_16_amount: -0.00400
data_price_hour_rel_+03_amount: 0.58800
data_price_hour_abs_17_amount: 0.58800
data_price_hour_rel_+04_amount: 7.35200
data_price_hour_abs_18_amount: 7.35200
data_price_hour_rel_+05_amount: 11.18400
data_price_hour_abs_19_amount: 11.18400
data_price_hour_rel_+06_amount: 13.69500
data_price_hour_abs_20_amount: 13.69500
data_price_hour_rel_+07_amount: 14.58900
data_price_hour_abs_21_amount: 14.58900
data_price_hour_rel_+08_amount: 13.01900
data_price_hour_abs_22_amount: 13.01900
data_price_hour_rel_+09_amount: 10.81500
data_price_hour_abs_23_amount: 10.81500