date_now: 2025-11-04 13:37:25
date_now_epoch: 1762259845176
date_now_day: 4
date_now_month: 11
date_now_year: 2025
date_start: 2025-11-04 00:00:00
date_end: 2025-11-04 23:59:59
price_low: 0.49300
price_high: 12.91000
price_median: 8.09450
price_average: 7.35546
price_current: 6.69400
price_unit: Cent/kWh
price_threshold_00: 0.49300
price_threshold_01: 0.63100
price_threshold_02: 0.72600
price_threshold_03: 1.65300
price_threshold_04: 2.12000
price_threshold_05: 5.01500
price_threshold_06: 5.28700
price_threshold_07: 5.84300
price_threshold_08: 6.06500
price_threshold_09: 6.69400
price_threshold_10: 7.61200
price_threshold_11: 8.08500
price_threshold_12: 8.10400
price_threshold_13: 8.10500
price_threshold_14: 8.62400
price_threshold_15: 9.13700
price_threshold_16: 9.67500
price_threshold_17: 10.67000
price_threshold_18: 11.00000
price_threshold_19: 11.43100
price_threshold_20: 11.62700
price_threshold_21: 12.27600
price_threshold_22: 12.74800
price_threshold_23: 12.91000
data_price_hour_rel_-13_amount: 1.65300
data_price_hour_abs_00_amount: 1.65300
data_price_hour_rel_-12_amount: 0.72600
data_price_hour_abs_01_amount: 0.72600
data_price_hour_rel_-11_amount: 0.49300
data_price_hour_abs_02_amount: 0.49300
data_price_hour_rel_-10_amount: 0.63100
data_price_hour_abs_03_amount: 0.63100
data_price_hour_rel_-09_amount: 2.12000
data_price_hour_abs_04_amount: 2.12000
data_price_hour_rel_-08_amount: 5.84300
data_price_hour_abs_05_amount: 5.84300
data_price_hour_rel_-07_amount: 8.10400
data_price_hour_abs_06_amount: 8.10400
data_price_hour_rel_-06_amount: 11.43100
data_price_hour_abs_07_amount: 11.43100
data_price_hour_rel_-05_amount: 11.00000
data_price_hour_abs_08_amount: 11.00000
data_price_hour_rel_-04_amount: 8.08500
data_price_hour_abs_09_amount: 8.08500
data_price_hour_rel_-03_amount: 6.06500
data_price_hour_abs_10_amount: 6.06500
data_price_hour_rel_-02_amount: 5.28700
data_price_hour_abs_11_amount: 5.28700
data_price_hour_rel_-01_amount: 5.01500
data_price_hour_abs_12_amount: 5.01500
data_price_hour_rel_+00_amount: 6.69400
data_price_hour_abs_13_amount: 6.69400
data_price_hour_rel_+01_amount: 8.10500
data_price_hour_abs_14_amount: 8.10500
data_price_hour_rel_+02_amount: 11.62700
data_price_hour_abs_15_amount: 11.62700
data_price_hour_rel_+03_amount: 12.74800
data_price_hour_abs_16_amount: 12.74800
data_price_hour_rel_+04_amount: 12.91000
data_price_hour_abs_17_amount: 12.91000
data_price_hour_rel_+05_amount: 12.27600
data_price_hour_abs_18_amount: 12.27600
data_price_hour_rel_+06_amount: 10.67000
data_price_hour_abs_19_amount: 10.67000
data_price_hour_rel_+07_amount: 9.67500
data_price_hour_abs_20_amount: 9.67500
data_price_hour_rel_+08_amount: 9.13700
data_price_hour_abs_21_amount: 9.13700
data_price_hour_rel_+09_amount: 8.62400
data_price_hour_abs_22_amount: 8.62400
data_price_hour_rel_+10_amount: 7.61200
data_price_hour_abs_23_amount: 7.61200