date_now: 2025-02-24 13:29:50
date_now_epoch: 1740400190931
date_now_day: 24
date_now_month: 2
date_now_year: 2025
date_start: 2025-02-24 00:00:00
date_end: 2025-02-24 23:59:59
price_low: 3.71000
price_high: 14.87100
price_median: 8.56000
price_average: 9.10488
price_current: 8.30000
price_unit: Cent/kWh
price_threshold_00: 3.71000
price_threshold_01: 4.09800
price_threshold_02: 6.53400
price_threshold_03: 6.79900
price_threshold_04: 7.00300
price_threshold_05: 7.08300
price_threshold_06: 7.90400
price_threshold_07: 8.10000
price_threshold_08: 8.16300
price_threshold_09: 8.30000
price_threshold_10: 8.34400
price_threshold_11: 8.48000
price_threshold_12: 8.64000
price_threshold_13: 9.25500
price_threshold_14: 9.32600
price_threshold_15: 10.07000
price_threshold_16: 10.64800
price_threshold_17: 10.66800
price_threshold_18: 11.22900
price_threshold_19: 11.29000
price_threshold_20: 11.29400
price_threshold_21: 12.92700
price_threshold_22: 13.78100
price_threshold_23: 14.87100
data_price_hour_rel_-13_amount: 7.08300
data_price_hour_abs_00_amount: 7.08300
data_price_hour_rel_-12_amount: 6.79900
data_price_hour_abs_01_amount: 6.79900
data_price_hour_rel_-11_amount: 4.09800
data_price_hour_abs_02_amount: 4.09800
data_price_hour_rel_-10_amount: 3.71000
data_price_hour_abs_03_amount: 3.71000
data_price_hour_rel_-09_amount: 6.53400
data_price_hour_abs_04_amount: 6.53400
data_price_hour_rel_-08_amount: 7.00300
data_price_hour_abs_05_amount: 7.00300
data_price_hour_rel_-07_amount: 8.10000
data_price_hour_abs_06_amount: 8.10000
data_price_hour_rel_-06_amount: 8.48000
data_price_hour_abs_07_amount: 8.48000
data_price_hour_rel_-05_amount: 10.66800
data_price_hour_abs_08_amount: 10.66800
data_price_hour_rel_-04_amount: 9.32600
data_price_hour_abs_09_amount: 9.32600
data_price_hour_rel_-03_amount: 7.90400
data_price_hour_abs_10_amount: 7.90400
data_price_hour_rel_-02_amount: 8.34400
data_price_hour_abs_11_amount: 8.34400
data_price_hour_rel_-01_amount: 8.16300
data_price_hour_abs_12_amount: 8.16300
data_price_hour_rel_+00_amount: 8.30000
data_price_hour_abs_13_amount: 8.30000
data_price_hour_rel_+01_amount: 8.64000
data_price_hour_abs_14_amount: 8.64000
data_price_hour_rel_+02_amount: 9.25500
data_price_hour_abs_15_amount: 9.25500
data_price_hour_rel_+03_amount: 10.07000
data_price_hour_abs_16_amount: 10.07000
data_price_hour_rel_+04_amount: 11.29400
data_price_hour_abs_17_amount: 11.29400
data_price_hour_rel_+05_amount: 13.78100
data_price_hour_abs_18_amount: 13.78100
data_price_hour_rel_+06_amount: 14.87100
data_price_hour_abs_19_amount: 14.87100
data_price_hour_rel_+07_amount: 12.92700
data_price_hour_abs_20_amount: 12.92700
data_price_hour_rel_+08_amount: 11.22900
data_price_hour_abs_21_amount: 11.22900
data_price_hour_rel_+09_amount: 11.29000
data_price_hour_abs_22_amount: 11.29000
data_price_hour_rel_+10_amount: 10.64800
data_price_hour_abs_23_amount: 10.64800