date_now: 2025-07-31 14:36:12
date_now_epoch: 1753965372853
date_now_day: 31
date_now_month: 7
date_now_year: 2025
date_start: 2025-07-31 00:00:00
date_end: 2025-07-31 23:59:59
price_low: 3.50600
price_high: 12.82700
price_median: 8.49950
price_average: 8.55221
price_current: 3.50600
price_unit: Cent/kWh
price_threshold_00: 3.50600
price_threshold_01: 4.80500
price_threshold_02: 5.50700
price_threshold_03: 6.11500
price_threshold_04: 7.00400
price_threshold_05: 7.24300
price_threshold_06: 7.41700
price_threshold_07: 7.72700
price_threshold_08: 7.85100
price_threshold_09: 7.90000
price_threshold_10: 8.21100
price_threshold_11: 8.45600
price_threshold_12: 8.54300
price_threshold_13: 8.89100
price_threshold_14: 8.89300
price_threshold_15: 9.40900
price_threshold_16: 9.69000
price_threshold_17: 9.81400
price_threshold_18: 10.04600
price_threshold_19: 10.27900
price_threshold_20: 11.19200
price_threshold_21: 11.41600
price_threshold_22: 12.51100
price_threshold_23: 12.82700
data_price_hour_rel_-14_amount: 8.89300
data_price_hour_abs_00_amount: 8.89300
data_price_hour_rel_-13_amount: 8.21100
data_price_hour_abs_01_amount: 8.21100
data_price_hour_rel_-12_amount: 7.90000
data_price_hour_abs_02_amount: 7.90000
data_price_hour_rel_-11_amount: 7.72700
data_price_hour_abs_03_amount: 7.72700
data_price_hour_rel_-10_amount: 7.85100
data_price_hour_abs_04_amount: 7.85100
data_price_hour_rel_-09_amount: 8.54300
data_price_hour_abs_05_amount: 8.54300
data_price_hour_rel_-08_amount: 9.81400
data_price_hour_abs_06_amount: 9.81400
data_price_hour_rel_-07_amount: 10.04600
data_price_hour_abs_07_amount: 10.04600
data_price_hour_rel_-06_amount: 9.40900
data_price_hour_abs_08_amount: 9.40900
data_price_hour_rel_-05_amount: 8.89100
data_price_hour_abs_09_amount: 8.89100
data_price_hour_rel_-04_amount: 7.41700
data_price_hour_abs_10_amount: 7.41700
data_price_hour_rel_-03_amount: 7.00400
data_price_hour_abs_11_amount: 7.00400
data_price_hour_rel_-02_amount: 6.11500
data_price_hour_abs_12_amount: 6.11500
data_price_hour_rel_-01_amount: 4.80500
data_price_hour_abs_13_amount: 4.80500
data_price_hour_rel_+00_amount: 3.50600
data_price_hour_abs_14_amount: 3.50600
data_price_hour_rel_+01_amount: 5.50700
data_price_hour_abs_15_amount: 5.50700
data_price_hour_rel_+02_amount: 7.24300
data_price_hour_abs_16_amount: 7.24300
data_price_hour_rel_+03_amount: 8.45600
data_price_hour_abs_17_amount: 8.45600
data_price_hour_rel_+04_amount: 9.69000
data_price_hour_abs_18_amount: 9.69000
data_price_hour_rel_+05_amount: 11.19200
data_price_hour_abs_19_amount: 11.19200
data_price_hour_rel_+06_amount: 12.82700
data_price_hour_abs_20_amount: 12.82700
data_price_hour_rel_+07_amount: 12.51100
data_price_hour_abs_21_amount: 12.51100
data_price_hour_rel_+08_amount: 11.41600
data_price_hour_abs_22_amount: 11.41600
data_price_hour_rel_+09_amount: 10.27900
data_price_hour_abs_23_amount: 10.27900