date_now: 2025-04-12 14:27:54
date_now_epoch: 1744460874883
date_now_day: 12
date_now_month: 4
date_now_year: 2025
date_start: 2025-04-12 00:00:00
date_end: 2025-04-12 23:59:59
price_low: -4.20100
price_high: 15.00600
price_median: 9.32450
price_average: 6.54054
price_current: -4.20100
price_unit: Cent/kWh
price_threshold_00: -4.20100
price_threshold_01: -4.00400
price_threshold_02: -1.86800
price_threshold_03: -0.92300
price_threshold_04: -0.00800
price_threshold_05: 0.00000
price_threshold_06: 2.01900
price_threshold_07: 5.94700
price_threshold_08: 6.42700
price_threshold_09: 6.72600
price_threshold_10: 8.62700
price_threshold_11: 9.10000
price_threshold_12: 9.54900
price_threshold_13: 9.81500
price_threshold_14: 9.89900
price_threshold_15: 9.90800
price_threshold_16: 9.97400
price_threshold_17: 10.09300
price_threshold_18: 10.44100
price_threshold_19: 10.44200
price_threshold_20: 10.78400
price_threshold_21: 11.13100
price_threshold_22: 12.08900
price_threshold_23: 15.00600
data_price_hour_rel_-14_amount: 10.78400
data_price_hour_abs_00_amount: 10.78400
data_price_hour_rel_-13_amount: 10.44100
data_price_hour_abs_01_amount: 10.44100
data_price_hour_rel_-12_amount: 10.09300
data_price_hour_abs_02_amount: 10.09300
data_price_hour_rel_-11_amount: 9.81500
data_price_hour_abs_03_amount: 9.81500
data_price_hour_rel_-10_amount: 9.89900
data_price_hour_abs_04_amount: 9.89900
data_price_hour_rel_-09_amount: 9.90800
data_price_hour_abs_05_amount: 9.90800
data_price_hour_rel_-08_amount: 10.44200
data_price_hour_abs_06_amount: 10.44200
data_price_hour_rel_-07_amount: 9.97400
data_price_hour_abs_07_amount: 9.97400
data_price_hour_rel_-06_amount: 9.54900
data_price_hour_abs_08_amount: 9.54900
data_price_hour_rel_-05_amount: 6.72600
data_price_hour_abs_09_amount: 6.72600
data_price_hour_rel_-04_amount: 2.01900
data_price_hour_abs_10_amount: 2.01900
data_price_hour_rel_-03_amount: 0.00000
data_price_hour_abs_11_amount: 0.00000
data_price_hour_rel_-02_amount: -0.92300
data_price_hour_abs_12_amount: -0.92300
data_price_hour_rel_-01_amount: -4.00400
data_price_hour_abs_13_amount: -4.00400
data_price_hour_rel_+00_amount: -4.20100
data_price_hour_abs_14_amount: -4.20100
data_price_hour_rel_+01_amount: -1.86800
data_price_hour_abs_15_amount: -1.86800
data_price_hour_rel_+02_amount: -0.00800
data_price_hour_abs_16_amount: -0.00800
data_price_hour_rel_+03_amount: 5.94700
data_price_hour_abs_17_amount: 5.94700
data_price_hour_rel_+04_amount: 11.13100
data_price_hour_abs_18_amount: 11.13100
data_price_hour_rel_+05_amount: 15.00600
data_price_hour_abs_19_amount: 15.00600
data_price_hour_rel_+06_amount: 12.08900
data_price_hour_abs_20_amount: 12.08900
data_price_hour_rel_+07_amount: 9.10000
data_price_hour_abs_21_amount: 9.10000
data_price_hour_rel_+08_amount: 8.62700
data_price_hour_abs_22_amount: 8.62700
data_price_hour_rel_+09_amount: 6.42700
data_price_hour_abs_23_amount: 6.42700