date_now: 2025-10-01 14:35:11
date_now_epoch: 1759322111038
date_now_day: 1
date_now_month: 10
date_now_year: 2025
date_start: 2025-10-01 00:00:00
date_end: 2025-10-01 23:59:59
price_low: 6.60200
price_high: 33.99900
price_median: 9.22150
price_average: 11.65721
price_current: 7.26300
price_unit: Cent/kWh
price_threshold_00: 6.60200
price_threshold_01: 6.84000
price_threshold_02: 7.05700
price_threshold_03: 7.26300
price_threshold_04: 8.17300
price_threshold_05: 8.48800
price_threshold_06: 8.60400
price_threshold_07: 8.62900
price_threshold_08: 8.76500
price_threshold_09: 8.83200
price_threshold_10: 9.06500
price_threshold_11: 9.15600
price_threshold_12: 9.28700
price_threshold_13: 9.53300
price_threshold_14: 9.85100
price_threshold_15: 10.52500
price_threshold_16: 11.30300
price_threshold_17: 12.49600
price_threshold_18: 13.54000
price_threshold_19: 13.90900
price_threshold_20: 15.20200
price_threshold_21: 17.33000
price_threshold_22: 25.32400
price_threshold_23: 33.99900
data_price_hour_rel_-14_amount: 9.15600
data_price_hour_abs_00_amount: 9.15600
data_price_hour_rel_-13_amount: 8.62900
data_price_hour_abs_01_amount: 8.62900
data_price_hour_rel_-12_amount: 8.48800
data_price_hour_abs_02_amount: 8.48800
data_price_hour_rel_-11_amount: 8.83200
data_price_hour_abs_03_amount: 8.83200
data_price_hour_rel_-10_amount: 8.76500
data_price_hour_abs_04_amount: 8.76500
data_price_hour_rel_-09_amount: 9.53300
data_price_hour_abs_05_amount: 9.53300
data_price_hour_rel_-08_amount: 12.49600
data_price_hour_abs_06_amount: 12.49600
data_price_hour_rel_-07_amount: 17.33000
data_price_hour_abs_07_amount: 17.33000
data_price_hour_rel_-06_amount: 13.90900
data_price_hour_abs_08_amount: 13.90900
data_price_hour_rel_-05_amount: 10.52500
data_price_hour_abs_09_amount: 10.52500
data_price_hour_rel_-04_amount: 8.60400
data_price_hour_abs_10_amount: 8.60400
data_price_hour_rel_-03_amount: 7.05700
data_price_hour_abs_11_amount: 7.05700
data_price_hour_rel_-02_amount: 6.60200
data_price_hour_abs_12_amount: 6.60200
data_price_hour_rel_-01_amount: 6.84000
data_price_hour_abs_13_amount: 6.84000
data_price_hour_rel_+00_amount: 7.26300
data_price_hour_abs_14_amount: 7.26300
data_price_hour_rel_+01_amount: 8.17300
data_price_hour_abs_15_amount: 8.17300
data_price_hour_rel_+02_amount: 9.28700
data_price_hour_abs_16_amount: 9.28700
data_price_hour_rel_+03_amount: 13.54000
data_price_hour_abs_17_amount: 13.54000
data_price_hour_rel_+04_amount: 25.32400
data_price_hour_abs_18_amount: 25.32400
data_price_hour_rel_+05_amount: 33.99900
data_price_hour_abs_19_amount: 33.99900
data_price_hour_rel_+06_amount: 15.20200
data_price_hour_abs_20_amount: 15.20200
data_price_hour_rel_+07_amount: 11.30300
data_price_hour_abs_21_amount: 11.30300
data_price_hour_rel_+08_amount: 9.85100
data_price_hour_abs_22_amount: 9.85100
data_price_hour_rel_+09_amount: 9.06500
data_price_hour_abs_23_amount: 9.06500