date_now: 2025-02-16 13:27:51
date_now_epoch: 1739708871124
date_now_day: 16
date_now_month: 2
date_now_year: 2025
date_start: 2025-02-16 00:00:00
date_end: 2025-02-16 23:59:59
price_low: 11.87700
price_high: 16.99800
price_median: 12.92250
price_average: 13.26504
price_current: 11.87700
price_unit: Cent/kWh
price_threshold_00: 11.87700
price_threshold_01: 11.95700
price_threshold_02: 11.99000
price_threshold_03: 11.99200
price_threshold_04: 12.01800
price_threshold_05: 12.10200
price_threshold_06: 12.35700
price_threshold_07: 12.40300
price_threshold_08: 12.46700
price_threshold_09: 12.75100
price_threshold_10: 12.77000
price_threshold_11: 12.89000
price_threshold_12: 12.95500
price_threshold_13: 12.96000
price_threshold_14: 13.04900
price_threshold_15: 13.15100
price_threshold_16: 13.41100
price_threshold_17: 13.76200
price_threshold_18: 13.76800
price_threshold_19: 13.93400
price_threshold_20: 15.37200
price_threshold_21: 15.39800
price_threshold_22: 16.02900
price_threshold_23: 16.99800
data_price_hour_rel_-13_amount: 13.41100
data_price_hour_abs_00_amount: 13.41100
data_price_hour_rel_-12_amount: 12.89000
data_price_hour_abs_01_amount: 12.89000
data_price_hour_rel_-11_amount: 12.35700
data_price_hour_abs_02_amount: 12.35700
data_price_hour_rel_-10_amount: 11.99000
data_price_hour_abs_03_amount: 11.99000
data_price_hour_rel_-09_amount: 11.95700
data_price_hour_abs_04_amount: 11.95700
data_price_hour_rel_-08_amount: 12.01800
data_price_hour_abs_05_amount: 12.01800
data_price_hour_rel_-07_amount: 11.99200
data_price_hour_abs_06_amount: 11.99200
data_price_hour_rel_-06_amount: 12.75100
data_price_hour_abs_07_amount: 12.75100
data_price_hour_rel_-05_amount: 12.96000
data_price_hour_abs_08_amount: 12.96000
data_price_hour_rel_-04_amount: 13.04900
data_price_hour_abs_09_amount: 13.04900
data_price_hour_rel_-03_amount: 12.77000
data_price_hour_abs_10_amount: 12.77000
data_price_hour_rel_-02_amount: 12.40300
data_price_hour_abs_11_amount: 12.40300
data_price_hour_rel_-01_amount: 12.46700
data_price_hour_abs_12_amount: 12.46700
data_price_hour_rel_+00_amount: 11.87700
data_price_hour_abs_13_amount: 11.87700
data_price_hour_rel_+01_amount: 12.10200
data_price_hour_abs_14_amount: 12.10200
data_price_hour_rel_+02_amount: 12.95500
data_price_hour_abs_15_amount: 12.95500
data_price_hour_rel_+03_amount: 13.76800
data_price_hour_abs_16_amount: 13.76800
data_price_hour_rel_+04_amount: 15.39800
data_price_hour_abs_17_amount: 15.39800
data_price_hour_rel_+05_amount: 16.99800
data_price_hour_abs_18_amount: 16.99800
data_price_hour_rel_+06_amount: 16.02900
data_price_hour_abs_19_amount: 16.02900
data_price_hour_rel_+07_amount: 15.37200
data_price_hour_abs_20_amount: 15.37200
data_price_hour_rel_+08_amount: 13.93400
data_price_hour_abs_21_amount: 13.93400
data_price_hour_rel_+09_amount: 13.76200
data_price_hour_abs_22_amount: 13.76200
data_price_hour_rel_+10_amount: 13.15100
data_price_hour_abs_23_amount: 13.15100