date_now: 2025-12-28 13:35:01
date_now_epoch: 1766925301758
date_now_day: 28
date_now_month: 12
date_now_year: 2025
date_start: 2025-12-28 00:00:00
date_end: 2025-12-28 23:59:59
price_low: 7.88200
price_high: 11.44600
price_median: 8.84050
price_average: 9.27675
price_current: 8.00300
price_unit: Cent/kWh
price_threshold_00: 7.88200
price_threshold_01: 7.99600
price_threshold_02: 8.00200
price_threshold_03: 8.00300
price_threshold_04: 8.04500
price_threshold_05: 8.33700
price_threshold_06: 8.36100
price_threshold_07: 8.43400
price_threshold_08: 8.64800
price_threshold_09: 8.66800
price_threshold_10: 8.82100
price_threshold_11: 8.83700
price_threshold_12: 8.84400
price_threshold_13: 9.21500
price_threshold_14: 9.65700
price_threshold_15: 9.73600
price_threshold_16: 9.82800
price_threshold_17: 9.90300
price_threshold_18: 10.08700
price_threshold_19: 10.50100
price_threshold_20: 10.93300
price_threshold_21: 11.08800
price_threshold_22: 11.37000
price_threshold_23: 11.44600
data_price_hour_rel_-13_amount: 8.43400
data_price_hour_abs_00_amount: 8.43400
data_price_hour_rel_-12_amount: 8.33700
data_price_hour_abs_01_amount: 8.33700
data_price_hour_rel_-11_amount: 7.99600
data_price_hour_abs_02_amount: 7.99600
data_price_hour_rel_-10_amount: 7.88200
data_price_hour_abs_03_amount: 7.88200
data_price_hour_rel_-09_amount: 8.04500
data_price_hour_abs_04_amount: 8.04500
data_price_hour_rel_-08_amount: 8.36100
data_price_hour_abs_05_amount: 8.36100
data_price_hour_rel_-07_amount: 8.64800
data_price_hour_abs_06_amount: 8.64800
data_price_hour_rel_-06_amount: 9.21500
data_price_hour_abs_07_amount: 9.21500
data_price_hour_rel_-05_amount: 9.73600
data_price_hour_abs_08_amount: 9.73600
data_price_hour_rel_-04_amount: 9.65700
data_price_hour_abs_09_amount: 9.65700
data_price_hour_rel_-03_amount: 8.82100
data_price_hour_abs_10_amount: 8.82100
data_price_hour_rel_-02_amount: 8.83700
data_price_hour_abs_11_amount: 8.83700
data_price_hour_rel_-01_amount: 8.00200
data_price_hour_abs_12_amount: 8.00200
data_price_hour_rel_+00_amount: 8.00300
data_price_hour_abs_13_amount: 8.00300
data_price_hour_rel_+01_amount: 8.66800
data_price_hour_abs_14_amount: 8.66800
data_price_hour_rel_+02_amount: 10.08700
data_price_hour_abs_15_amount: 10.08700
data_price_hour_rel_+03_amount: 11.08800
data_price_hour_abs_16_amount: 11.08800
data_price_hour_rel_+04_amount: 11.37000
data_price_hour_abs_17_amount: 11.37000
data_price_hour_rel_+05_amount: 11.44600
data_price_hour_abs_18_amount: 11.44600
data_price_hour_rel_+06_amount: 10.93300
data_price_hour_abs_19_amount: 10.93300
data_price_hour_rel_+07_amount: 10.50100
data_price_hour_abs_20_amount: 10.50100
data_price_hour_rel_+08_amount: 9.90300
data_price_hour_abs_21_amount: 9.90300
data_price_hour_rel_+09_amount: 9.82800
data_price_hour_abs_22_amount: 9.82800
data_price_hour_rel_+10_amount: 8.84400
data_price_hour_abs_23_amount: 8.84400