date_now: 2025-01-25 13:24:31
date_now_epoch: 1737807871173
date_now_day: 25
date_now_month: 1
date_now_year: 2025
date_start: 2025-01-25 00:00:00
date_end: 2025-01-25 23:59:59
price_low: 5.90400
price_high: 15.10000
price_median: 8.77300
price_average: 9.93254
price_current: 8.19800
price_unit: Cent/kWh
price_threshold_00: 5.90400
price_threshold_01: 6.35500
price_threshold_02: 6.49600
price_threshold_03: 6.71700
price_threshold_04: 7.67700
price_threshold_05: 7.68900
price_threshold_06: 7.68900
price_threshold_07: 7.93200
price_threshold_08: 8.19800
price_threshold_09: 8.25500
price_threshold_10: 8.63200
price_threshold_11: 8.73100
price_threshold_12: 8.81500
price_threshold_13: 8.89900
price_threshold_14: 8.90000
price_threshold_15: 11.10700
price_threshold_16: 12.20300
price_threshold_17: 13.22600
price_threshold_18: 13.29700
price_threshold_19: 13.46100
price_threshold_20: 13.76000
price_threshold_21: 14.58500
price_threshold_22: 14.75300
price_threshold_23: 15.10000
data_price_hour_rel_-13_amount: 5.90400
data_price_hour_abs_00_amount: 5.90400
data_price_hour_rel_-12_amount: 6.49600
data_price_hour_abs_01_amount: 6.49600
data_price_hour_rel_-11_amount: 6.35500
data_price_hour_abs_02_amount: 6.35500
data_price_hour_rel_-10_amount: 6.71700
data_price_hour_abs_03_amount: 6.71700
data_price_hour_rel_-09_amount: 7.67700
data_price_hour_abs_04_amount: 7.67700
data_price_hour_rel_-08_amount: 7.68900
data_price_hour_abs_05_amount: 7.68900
data_price_hour_rel_-07_amount: 7.93200
data_price_hour_abs_06_amount: 7.93200
data_price_hour_rel_-06_amount: 7.68900
data_price_hour_abs_07_amount: 7.68900
data_price_hour_rel_-05_amount: 8.89900
data_price_hour_abs_08_amount: 8.89900
data_price_hour_rel_-04_amount: 8.73100
data_price_hour_abs_09_amount: 8.73100
data_price_hour_rel_-03_amount: 8.63200
data_price_hour_abs_10_amount: 8.63200
data_price_hour_rel_-02_amount: 8.81500
data_price_hour_abs_11_amount: 8.81500
data_price_hour_rel_-01_amount: 8.25500
data_price_hour_abs_12_amount: 8.25500
data_price_hour_rel_+00_amount: 8.19800
data_price_hour_abs_13_amount: 8.19800
data_price_hour_rel_+01_amount: 8.90000
data_price_hour_abs_14_amount: 8.90000
data_price_hour_rel_+02_amount: 11.10700
data_price_hour_abs_15_amount: 11.10700
data_price_hour_rel_+03_amount: 13.29700
data_price_hour_abs_16_amount: 13.29700
data_price_hour_rel_+04_amount: 14.58500
data_price_hour_abs_17_amount: 14.58500
data_price_hour_rel_+05_amount: 15.10000
data_price_hour_abs_18_amount: 15.10000
data_price_hour_rel_+06_amount: 14.75300
data_price_hour_abs_19_amount: 14.75300
data_price_hour_rel_+07_amount: 13.76000
data_price_hour_abs_20_amount: 13.76000
data_price_hour_rel_+08_amount: 13.46100
data_price_hour_abs_21_amount: 13.46100
data_price_hour_rel_+09_amount: 13.22600
data_price_hour_abs_22_amount: 13.22600
data_price_hour_rel_+10_amount: 12.20300
data_price_hour_abs_23_amount: 12.20300