date_now: 2025-09-26 14:33:15
date_now_epoch: 1758889995785
date_now_day: 26
date_now_month: 9
date_now_year: 2025
date_start: 2025-09-26 00:00:00
date_end: 2025-09-26 23:59:59
price_low: 7.31600
price_high: 13.30200
price_median: 8.98700
price_average: 9.49608
price_current: 7.50500
price_unit: Cent/kWh
price_threshold_00: 7.31600
price_threshold_01: 7.31700
price_threshold_02: 7.31800
price_threshold_03: 7.49300
price_threshold_04: 7.50000
price_threshold_05: 7.50500
price_threshold_06: 7.84800
price_threshold_07: 7.89600
price_threshold_08: 7.99900
price_threshold_09: 8.20000
price_threshold_10: 8.53600
price_threshold_11: 8.98400
price_threshold_12: 8.99000
price_threshold_13: 9.69000
price_threshold_14: 9.88100
price_threshold_15: 10.62100
price_threshold_16: 10.77400
price_threshold_17: 10.98000
price_threshold_18: 11.04100
price_threshold_19: 11.96100
price_threshold_20: 12.03300
price_threshold_21: 12.35600
price_threshold_22: 12.36500
price_threshold_23: 13.30200
data_price_hour_rel_-14_amount: 7.84800
data_price_hour_abs_00_amount: 7.84800
data_price_hour_rel_-13_amount: 7.50000
data_price_hour_abs_01_amount: 7.50000
data_price_hour_rel_-12_amount: 7.31700
data_price_hour_abs_02_amount: 7.31700
data_price_hour_rel_-11_amount: 7.31800
data_price_hour_abs_03_amount: 7.31800
data_price_hour_rel_-10_amount: 7.49300
data_price_hour_abs_04_amount: 7.49300
data_price_hour_rel_-09_amount: 8.20000
data_price_hour_abs_05_amount: 8.20000
data_price_hour_rel_-08_amount: 10.77400
data_price_hour_abs_06_amount: 10.77400
data_price_hour_rel_-07_amount: 12.03300
data_price_hour_abs_07_amount: 12.03300
data_price_hour_rel_-06_amount: 12.35600
data_price_hour_abs_08_amount: 12.35600
data_price_hour_rel_-05_amount: 11.04100
data_price_hour_abs_09_amount: 11.04100
data_price_hour_rel_-04_amount: 8.98400
data_price_hour_abs_10_amount: 8.98400
data_price_hour_rel_-03_amount: 8.53600
data_price_hour_abs_11_amount: 8.53600
data_price_hour_rel_-02_amount: 7.89600
data_price_hour_abs_12_amount: 7.89600
data_price_hour_rel_-01_amount: 7.31600
data_price_hour_abs_13_amount: 7.31600
data_price_hour_rel_+00_amount: 7.50500
data_price_hour_abs_14_amount: 7.50500
data_price_hour_rel_+01_amount: 7.99900
data_price_hour_abs_15_amount: 7.99900
data_price_hour_rel_+02_amount: 9.88100
data_price_hour_abs_16_amount: 9.88100
data_price_hour_rel_+03_amount: 10.98000
data_price_hour_abs_17_amount: 10.98000
data_price_hour_rel_+04_amount: 12.36500
data_price_hour_abs_18_amount: 12.36500
data_price_hour_rel_+05_amount: 13.30200
data_price_hour_abs_19_amount: 13.30200
data_price_hour_rel_+06_amount: 11.96100
data_price_hour_abs_20_amount: 11.96100
data_price_hour_rel_+07_amount: 10.62100
data_price_hour_abs_21_amount: 10.62100
data_price_hour_rel_+08_amount: 9.69000
data_price_hour_abs_22_amount: 9.69000
data_price_hour_rel_+09_amount: 8.99000
data_price_hour_abs_23_amount: 8.99000