date_now: 2025-02-26 13:29:37
date_now_epoch: 1740572977144
date_now_day: 26
date_now_month: 2
date_now_year: 2025
date_start: 2025-02-26 00:00:00
date_end: 2025-02-26 23:59:59
price_low: 11.24600
price_high: 17.51900
price_median: 12.75350
price_average: 13.56950
price_current: 11.98900
price_unit: Cent/kWh
price_threshold_00: 11.24600
price_threshold_01: 11.59800
price_threshold_02: 11.65600
price_threshold_03: 11.69400
price_threshold_04: 11.72700
price_threshold_05: 11.84400
price_threshold_06: 11.98200
price_threshold_07: 11.98900
price_threshold_08: 12.05300
price_threshold_09: 12.09400
price_threshold_10: 12.29900
price_threshold_11: 12.51200
price_threshold_12: 12.99500
price_threshold_13: 13.26500
price_threshold_14: 13.29000
price_threshold_15: 14.13700
price_threshold_16: 14.73800
price_threshold_17: 14.97500
price_threshold_18: 15.99300
price_threshold_19: 16.02200
price_threshold_20: 16.28200
price_threshold_21: 16.50100
price_threshold_22: 17.25700
price_threshold_23: 17.51900
data_price_hour_rel_-13_amount: 12.29900
data_price_hour_abs_00_amount: 12.29900
data_price_hour_rel_-12_amount: 11.98200
data_price_hour_abs_01_amount: 11.98200
data_price_hour_rel_-11_amount: 11.69400
data_price_hour_abs_02_amount: 11.69400
data_price_hour_rel_-10_amount: 11.59800
data_price_hour_abs_03_amount: 11.59800
data_price_hour_rel_-09_amount: 11.65600
data_price_hour_abs_04_amount: 11.65600
data_price_hour_rel_-08_amount: 11.72700
data_price_hour_abs_05_amount: 11.72700
data_price_hour_rel_-07_amount: 13.26500
data_price_hour_abs_06_amount: 13.26500
data_price_hour_rel_-06_amount: 15.99300
data_price_hour_abs_07_amount: 15.99300
data_price_hour_rel_-05_amount: 17.51900
data_price_hour_abs_08_amount: 17.51900
data_price_hour_rel_-04_amount: 16.02200
data_price_hour_abs_09_amount: 16.02200
data_price_hour_rel_-03_amount: 14.13700
data_price_hour_abs_10_amount: 14.13700
data_price_hour_rel_-02_amount: 12.99500
data_price_hour_abs_11_amount: 12.99500
data_price_hour_rel_-01_amount: 12.05300
data_price_hour_abs_12_amount: 12.05300
data_price_hour_rel_+00_amount: 11.98900
data_price_hour_abs_13_amount: 11.98900
data_price_hour_rel_+01_amount: 12.51200
data_price_hour_abs_14_amount: 12.51200
data_price_hour_rel_+02_amount: 13.29000
data_price_hour_abs_15_amount: 13.29000
data_price_hour_rel_+03_amount: 14.97500
data_price_hour_abs_16_amount: 14.97500
data_price_hour_rel_+04_amount: 16.50100
data_price_hour_abs_17_amount: 16.50100
data_price_hour_rel_+05_amount: 17.25700
data_price_hour_abs_18_amount: 17.25700
data_price_hour_rel_+06_amount: 16.28200
data_price_hour_abs_19_amount: 16.28200
data_price_hour_rel_+07_amount: 14.73800
data_price_hour_abs_20_amount: 14.73800
data_price_hour_rel_+08_amount: 11.84400
data_price_hour_abs_21_amount: 11.84400
data_price_hour_rel_+09_amount: 12.09400
data_price_hour_abs_22_amount: 12.09400
data_price_hour_rel_+10_amount: 11.24600
data_price_hour_abs_23_amount: 11.24600