date_now: 2025-03-27 13:31:32
date_now_epoch: 1743078692952
date_now_day: 27
date_now_month: 3
date_now_year: 2025
date_start: 2025-03-27 00:00:00
date_end: 2025-03-27 23:59:59
price_low: 0.66700
price_high: 17.07000
price_median: 9.99450
price_average: 9.89688
price_current: 0.66700
price_unit: Cent/kWh
price_threshold_00: 0.66700
price_threshold_01: 2.48100
price_threshold_02: 3.03400
price_threshold_03: 4.54800
price_threshold_04: 7.49300
price_threshold_05: 7.76100
price_threshold_06: 8.99200
price_threshold_07: 9.37400
price_threshold_08: 9.70700
price_threshold_09: 9.78000
price_threshold_10: 9.88500
price_threshold_11: 9.89800
price_threshold_12: 10.09100
price_threshold_13: 10.49000
price_threshold_14: 10.49300
price_threshold_15: 11.31000
price_threshold_16: 12.35000
price_threshold_17: 12.44200
price_threshold_18: 12.72500
price_threshold_19: 12.98300
price_threshold_20: 14.00000
price_threshold_21: 14.16100
price_threshold_22: 15.79000
price_threshold_23: 17.07000
data_price_hour_rel_-13_amount: 10.49300
data_price_hour_abs_00_amount: 10.49300
data_price_hour_rel_-12_amount: 9.89800
data_price_hour_abs_01_amount: 9.89800
data_price_hour_rel_-11_amount: 9.78000
data_price_hour_abs_02_amount: 9.78000
data_price_hour_rel_-10_amount: 9.88500
data_price_hour_abs_03_amount: 9.88500
data_price_hour_rel_-09_amount: 9.70700
data_price_hour_abs_04_amount: 9.70700
data_price_hour_rel_-08_amount: 10.49000
data_price_hour_abs_05_amount: 10.49000
data_price_hour_rel_-07_amount: 12.98300
data_price_hour_abs_06_amount: 12.98300
data_price_hour_rel_-06_amount: 14.00000
data_price_hour_abs_07_amount: 14.00000
data_price_hour_rel_-05_amount: 12.35000
data_price_hour_abs_08_amount: 12.35000
data_price_hour_rel_-04_amount: 8.99200
data_price_hour_abs_09_amount: 8.99200
data_price_hour_rel_-03_amount: 7.76100
data_price_hour_abs_10_amount: 7.76100
data_price_hour_rel_-02_amount: 4.54800
data_price_hour_abs_11_amount: 4.54800
data_price_hour_rel_-01_amount: 2.48100
data_price_hour_abs_12_amount: 2.48100
data_price_hour_rel_+00_amount: 0.66700
data_price_hour_abs_13_amount: 0.66700
data_price_hour_rel_+01_amount: 3.03400
data_price_hour_abs_14_amount: 3.03400
data_price_hour_rel_+02_amount: 7.49300
data_price_hour_abs_15_amount: 7.49300
data_price_hour_rel_+03_amount: 9.37400
data_price_hour_abs_16_amount: 9.37400
data_price_hour_rel_+04_amount: 12.72500
data_price_hour_abs_17_amount: 12.72500
data_price_hour_rel_+05_amount: 15.79000
data_price_hour_abs_18_amount: 15.79000
data_price_hour_rel_+06_amount: 17.07000
data_price_hour_abs_19_amount: 17.07000
data_price_hour_rel_+07_amount: 14.16100
data_price_hour_abs_20_amount: 14.16100
data_price_hour_rel_+08_amount: 12.44200
data_price_hour_abs_21_amount: 12.44200
data_price_hour_rel_+09_amount: 11.31000
data_price_hour_abs_22_amount: 11.31000
data_price_hour_rel_+10_amount: 10.09100
data_price_hour_abs_23_amount: 10.09100