date_now: 2025-04-19 14:28:02
date_now_epoch: 1745065682682
date_now_day: 19
date_now_month: 4
date_now_year: 2025
date_start: 2025-04-19 00:00:00
date_end: 2025-04-19 23:59:59
price_low: -0.72600
price_high: 14.27100
price_median: 8.41700
price_average: 6.89196
price_current: -0.72600
price_unit: Cent/kWh
price_threshold_00: -0.72600
price_threshold_01: -0.30100
price_threshold_02: -0.08600
price_threshold_03: 0.00000
price_threshold_04: 0.02000
price_threshold_05: 0.45400
price_threshold_06: 2.99900
price_threshold_07: 6.40100
price_threshold_08: 7.64300
price_threshold_09: 8.00100
price_threshold_10: 8.23900
price_threshold_11: 8.38900
price_threshold_12: 8.44500
price_threshold_13: 8.49800
price_threshold_14: 8.93200
price_threshold_15: 9.06200
price_threshold_16: 9.16700
price_threshold_17: 9.52000
price_threshold_18: 9.82700
price_threshold_19: 10.27700
price_threshold_20: 10.95500
price_threshold_21: 12.68400
price_threshold_22: 12.73600
price_threshold_23: 14.27100
data_price_hour_rel_-14_amount: 8.93200
data_price_hour_abs_00_amount: 8.93200
data_price_hour_rel_-13_amount: 8.00100
data_price_hour_abs_01_amount: 8.00100
data_price_hour_rel_-12_amount: 8.44500
data_price_hour_abs_02_amount: 8.44500
data_price_hour_rel_-11_amount: 8.23900
data_price_hour_abs_03_amount: 8.23900
data_price_hour_rel_-10_amount: 8.49800
data_price_hour_abs_04_amount: 8.49800
data_price_hour_rel_-09_amount: 9.06200
data_price_hour_abs_05_amount: 9.06200
data_price_hour_rel_-08_amount: 9.52000
data_price_hour_abs_06_amount: 9.52000
data_price_hour_rel_-07_amount: 9.16700
data_price_hour_abs_07_amount: 9.16700
data_price_hour_rel_-06_amount: 8.38900
data_price_hour_abs_08_amount: 8.38900
data_price_hour_rel_-05_amount: 7.64300
data_price_hour_abs_09_amount: 7.64300
data_price_hour_rel_-04_amount: 2.99900
data_price_hour_abs_10_amount: 2.99900
data_price_hour_rel_-03_amount: 0.45400
data_price_hour_abs_11_amount: 0.45400
data_price_hour_rel_-02_amount: 0.00000
data_price_hour_abs_12_amount: 0.00000
data_price_hour_rel_-01_amount: -0.30100
data_price_hour_abs_13_amount: -0.30100
data_price_hour_rel_+00_amount: -0.72600
data_price_hour_abs_14_amount: -0.72600
data_price_hour_rel_+01_amount: -0.08600
data_price_hour_abs_15_amount: -0.08600
data_price_hour_rel_+02_amount: 0.02000
data_price_hour_abs_16_amount: 0.02000
data_price_hour_rel_+03_amount: 6.40100
data_price_hour_abs_17_amount: 6.40100
data_price_hour_rel_+04_amount: 10.27700
data_price_hour_abs_18_amount: 10.27700
data_price_hour_rel_+05_amount: 12.68400
data_price_hour_abs_19_amount: 12.68400
data_price_hour_rel_+06_amount: 14.27100
data_price_hour_abs_20_amount: 14.27100
data_price_hour_rel_+07_amount: 12.73600
data_price_hour_abs_21_amount: 12.73600
data_price_hour_rel_+08_amount: 10.95500
data_price_hour_abs_22_amount: 10.95500
data_price_hour_rel_+09_amount: 9.82700
data_price_hour_abs_23_amount: 9.82700