date_now: 2025-09-05 14:31:31
date_now_epoch: 1757075491278
date_now_day: 5
date_now_month: 9
date_now_year: 2025
date_start: 2025-09-05 00:00:00
date_end: 2025-09-05 23:59:59
price_low: 7.01700
price_high: 15.45300
price_median: 9.31050
price_average: 9.99179
price_current: 7.01700
price_unit: Cent/kWh
price_threshold_00: 7.01700
price_threshold_01: 7.21900
price_threshold_02: 7.75300
price_threshold_03: 7.82500
price_threshold_04: 8.41500
price_threshold_05: 8.50000
price_threshold_06: 8.52000
price_threshold_07: 8.52600
price_threshold_08: 8.56000
price_threshold_09: 8.61000
price_threshold_10: 8.78300
price_threshold_11: 9.09600
price_threshold_12: 9.52500
price_threshold_13: 9.73600
price_threshold_14: 10.04000
price_threshold_15: 10.07000
price_threshold_16: 10.77100
price_threshold_17: 10.89500
price_threshold_18: 11.71000
price_threshold_19: 11.91600
price_threshold_20: 12.57500
price_threshold_21: 13.21300
price_threshold_22: 15.07500
price_threshold_23: 15.45300
data_price_hour_rel_-14_amount: 9.52500
data_price_hour_abs_00_amount: 9.52500
data_price_hour_rel_-13_amount: 8.61000
data_price_hour_abs_01_amount: 8.61000
data_price_hour_rel_-12_amount: 8.52600
data_price_hour_abs_02_amount: 8.52600
data_price_hour_rel_-11_amount: 8.52000
data_price_hour_abs_03_amount: 8.52000
data_price_hour_rel_-10_amount: 8.56000
data_price_hour_abs_04_amount: 8.56000
data_price_hour_rel_-09_amount: 9.73600
data_price_hour_abs_05_amount: 9.73600
data_price_hour_rel_-08_amount: 11.91600
data_price_hour_abs_06_amount: 11.91600
data_price_hour_rel_-07_amount: 13.21300
data_price_hour_abs_07_amount: 13.21300
data_price_hour_rel_-06_amount: 12.57500
data_price_hour_abs_08_amount: 12.57500
data_price_hour_rel_-05_amount: 10.04000
data_price_hour_abs_09_amount: 10.04000
data_price_hour_rel_-04_amount: 8.78300
data_price_hour_abs_10_amount: 8.78300
data_price_hour_rel_-03_amount: 8.41500
data_price_hour_abs_11_amount: 8.41500
data_price_hour_rel_-02_amount: 7.82500
data_price_hour_abs_12_amount: 7.82500
data_price_hour_rel_-01_amount: 7.21900
data_price_hour_abs_13_amount: 7.21900
data_price_hour_rel_+00_amount: 7.01700
data_price_hour_abs_14_amount: 7.01700
data_price_hour_rel_+01_amount: 7.75300
data_price_hour_abs_15_amount: 7.75300
data_price_hour_rel_+02_amount: 8.50000
data_price_hour_abs_16_amount: 8.50000
data_price_hour_rel_+03_amount: 9.09600
data_price_hour_abs_17_amount: 9.09600
data_price_hour_rel_+04_amount: 10.89500
data_price_hour_abs_18_amount: 10.89500
data_price_hour_rel_+05_amount: 15.45300
data_price_hour_abs_19_amount: 15.45300
data_price_hour_rel_+06_amount: 15.07500
data_price_hour_abs_20_amount: 15.07500
data_price_hour_rel_+07_amount: 11.71000
data_price_hour_abs_21_amount: 11.71000
data_price_hour_rel_+08_amount: 10.77100
data_price_hour_abs_22_amount: 10.77100
data_price_hour_rel_+09_amount: 10.07000
data_price_hour_abs_23_amount: 10.07000