date_now: 2025-08-12 14:35:31
date_now_epoch: 1755002131342
date_now_day: 12
date_now_month: 8
date_now_year: 2025
date_start: 2025-08-12 00:00:00
date_end: 2025-08-12 23:59:59
price_low: 0.30000
price_high: 15.61600
price_median: 9.27450
price_average: 8.49529
price_current: 0.51500
price_unit: Cent/kWh
price_threshold_00: 0.30000
price_threshold_01: 0.51500
price_threshold_02: 0.83800
price_threshold_03: 3.50500
price_threshold_04: 4.04100
price_threshold_05: 7.31200
price_threshold_06: 7.95300
price_threshold_07: 8.51300
price_threshold_08: 8.54100
price_threshold_09: 8.64800
price_threshold_10: 8.96700
price_threshold_11: 9.24900
price_threshold_12: 9.30000
price_threshold_13: 9.39700
price_threshold_14: 9.40600
price_threshold_15: 9.77300
price_threshold_16: 9.87100
price_threshold_17: 10.46300
price_threshold_18: 10.61000
price_threshold_19: 10.69100
price_threshold_20: 11.40700
price_threshold_21: 14.04000
price_threshold_22: 14.93100
price_threshold_23: 15.61600
data_price_hour_rel_-14_amount: 9.30000
data_price_hour_abs_00_amount: 9.30000
data_price_hour_rel_-13_amount: 8.96700
data_price_hour_abs_01_amount: 8.96700
data_price_hour_rel_-12_amount: 8.54100
data_price_hour_abs_02_amount: 8.54100
data_price_hour_rel_-11_amount: 8.51300
data_price_hour_abs_03_amount: 8.51300
data_price_hour_rel_-10_amount: 8.64800
data_price_hour_abs_04_amount: 8.64800
data_price_hour_rel_-09_amount: 9.39700
data_price_hour_abs_05_amount: 9.39700
data_price_hour_rel_-08_amount: 10.69100
data_price_hour_abs_06_amount: 10.69100
data_price_hour_rel_-07_amount: 10.46300
data_price_hour_abs_07_amount: 10.46300
data_price_hour_rel_-06_amount: 9.87100
data_price_hour_abs_08_amount: 9.87100
data_price_hour_rel_-05_amount: 9.24900
data_price_hour_abs_09_amount: 9.24900
data_price_hour_rel_-04_amount: 7.95300
data_price_hour_abs_10_amount: 7.95300
data_price_hour_rel_-03_amount: 4.04100
data_price_hour_abs_11_amount: 4.04100
data_price_hour_rel_-02_amount: 0.83800
data_price_hour_abs_12_amount: 0.83800
data_price_hour_rel_-01_amount: 0.30000
data_price_hour_abs_13_amount: 0.30000
data_price_hour_rel_+00_amount: 0.51500
data_price_hour_abs_14_amount: 0.51500
data_price_hour_rel_+01_amount: 3.50500
data_price_hour_abs_15_amount: 3.50500
data_price_hour_rel_+02_amount: 7.31200
data_price_hour_abs_16_amount: 7.31200
data_price_hour_rel_+03_amount: 9.40600
data_price_hour_abs_17_amount: 9.40600
data_price_hour_rel_+04_amount: 10.61000
data_price_hour_abs_18_amount: 10.61000
data_price_hour_rel_+05_amount: 14.93100
data_price_hour_abs_19_amount: 14.93100
data_price_hour_rel_+06_amount: 15.61600
data_price_hour_abs_20_amount: 15.61600
data_price_hour_rel_+07_amount: 14.04000
data_price_hour_abs_21_amount: 14.04000
data_price_hour_rel_+08_amount: 11.40700
data_price_hour_abs_22_amount: 11.40700
data_price_hour_rel_+09_amount: 9.77300
data_price_hour_abs_23_amount: 9.77300