date_now: 2025-05-16 14:33:24
date_now_epoch: 1747398804679
date_now_day: 16
date_now_month: 5
date_now_year: 2025
date_start: 2025-05-16 00:00:00
date_end: 2025-05-16 23:59:59
price_low: -0.31500
price_high: 15.49100
price_median: 8.86150
price_average: 7.34033
price_current: -0.15500
price_unit: Cent/kWh
price_threshold_00: -0.31500
price_threshold_01: -0.19700
price_threshold_02: -0.15500
price_threshold_03: -0.00100
price_threshold_04: -0.00100
price_threshold_05: 0.29800
price_threshold_06: 1.11100
price_threshold_07: 6.97900
price_threshold_08: 7.89900
price_threshold_09: 8.49100
price_threshold_10: 8.50000
price_threshold_11: 8.84700
price_threshold_12: 8.87600
price_threshold_13: 9.45000
price_threshold_14: 9.82600
price_threshold_15: 10.00500
price_threshold_16: 10.20800
price_threshold_17: 10.66600
price_threshold_18: 11.18100
price_threshold_19: 11.31800
price_threshold_20: 11.60800
price_threshold_21: 11.76000
price_threshold_22: 14.32300
price_threshold_23: 15.49100
data_price_hour_rel_-14_amount: 9.45000
data_price_hour_abs_00_amount: 9.45000
data_price_hour_rel_-13_amount: 8.84700
data_price_hour_abs_01_amount: 8.84700
data_price_hour_rel_-12_amount: 8.49100
data_price_hour_abs_02_amount: 8.49100
data_price_hour_rel_-11_amount: 8.50000
data_price_hour_abs_03_amount: 8.50000
data_price_hour_rel_-10_amount: 8.87600
data_price_hour_abs_04_amount: 8.87600
data_price_hour_rel_-09_amount: 9.82600
data_price_hour_abs_05_amount: 9.82600
data_price_hour_rel_-08_amount: 11.31800
data_price_hour_abs_06_amount: 11.31800
data_price_hour_rel_-07_amount: 11.76000
data_price_hour_abs_07_amount: 11.76000
data_price_hour_rel_-06_amount: 10.66600
data_price_hour_abs_08_amount: 10.66600
data_price_hour_rel_-05_amount: 7.89900
data_price_hour_abs_09_amount: 7.89900
data_price_hour_rel_-04_amount: 1.11100
data_price_hour_abs_10_amount: 1.11100
data_price_hour_rel_-03_amount: -0.00100
data_price_hour_abs_11_amount: -0.00100
data_price_hour_rel_-02_amount: -0.31500
data_price_hour_abs_12_amount: -0.31500
data_price_hour_rel_-01_amount: -0.19700
data_price_hour_abs_13_amount: -0.19700
data_price_hour_rel_+00_amount: -0.15500
data_price_hour_abs_14_amount: -0.15500
data_price_hour_rel_+01_amount: -0.00100
data_price_hour_abs_15_amount: -0.00100
data_price_hour_rel_+02_amount: 0.29800
data_price_hour_abs_16_amount: 0.29800
data_price_hour_rel_+03_amount: 6.97900
data_price_hour_abs_17_amount: 6.97900
data_price_hour_rel_+04_amount: 10.00500
data_price_hour_abs_18_amount: 10.00500
data_price_hour_rel_+05_amount: 11.18100
data_price_hour_abs_19_amount: 11.18100
data_price_hour_rel_+06_amount: 15.49100
data_price_hour_abs_20_amount: 15.49100
data_price_hour_rel_+07_amount: 14.32300
data_price_hour_abs_21_amount: 14.32300
data_price_hour_rel_+08_amount: 11.60800
data_price_hour_abs_22_amount: 11.60800
data_price_hour_rel_+09_amount: 10.20800
data_price_hour_abs_23_amount: 10.20800