date_now: 2025-06-13 14:34:06
date_now_epoch: 1749818046991
date_now_day: 13
date_now_month: 6
date_now_year: 2025
date_start: 2025-06-13 00:00:00
date_end: 2025-06-13 23:59:59
price_low: -0.60900
price_high: 11.11900
price_median: 6.36300
price_average: 5.20933
price_current: -0.60100
price_unit: Cent/kWh
price_threshold_00: -0.60900
price_threshold_01: -0.60100
price_threshold_02: -0.23800
price_threshold_03: -0.20500
price_threshold_04: -0.00300
price_threshold_05: -0.00100
price_threshold_06: 0.41000
price_threshold_07: 3.59000
price_threshold_08: 4.00300
price_threshold_09: 5.52500
price_threshold_10: 5.86100
price_threshold_11: 6.34200
price_threshold_12: 6.38400
price_threshold_13: 7.02900
price_threshold_14: 7.07100
price_threshold_15: 7.13000
price_threshold_16: 7.73900
price_threshold_17: 8.00400
price_threshold_18: 8.36800
price_threshold_19: 8.72600
price_threshold_20: 9.00000
price_threshold_21: 9.49000
price_threshold_22: 10.89000
price_threshold_23: 11.11900
data_price_hour_rel_-14_amount: 7.02900
data_price_hour_abs_00_amount: 7.02900
data_price_hour_rel_-13_amount: 5.52500
data_price_hour_abs_01_amount: 5.52500
data_price_hour_rel_-12_amount: 5.86100
data_price_hour_abs_02_amount: 5.86100
data_price_hour_rel_-11_amount: 6.34200
data_price_hour_abs_03_amount: 6.34200
data_price_hour_rel_-10_amount: 6.38400
data_price_hour_abs_04_amount: 6.38400
data_price_hour_rel_-09_amount: 7.07100
data_price_hour_abs_05_amount: 7.07100
data_price_hour_rel_-08_amount: 8.36800
data_price_hour_abs_06_amount: 8.36800
data_price_hour_rel_-07_amount: 8.72600
data_price_hour_abs_07_amount: 8.72600
data_price_hour_rel_-06_amount: 7.73900
data_price_hour_abs_08_amount: 7.73900
data_price_hour_rel_-05_amount: 4.00300
data_price_hour_abs_09_amount: 4.00300
data_price_hour_rel_-04_amount: 0.41000
data_price_hour_abs_10_amount: 0.41000
data_price_hour_rel_-03_amount: -0.00300
data_price_hour_abs_11_amount: -0.00300
data_price_hour_rel_-02_amount: -0.20500
data_price_hour_abs_12_amount: -0.20500
data_price_hour_rel_-01_amount: -0.60900
data_price_hour_abs_13_amount: -0.60900
data_price_hour_rel_+00_amount: -0.60100
data_price_hour_abs_14_amount: -0.60100
data_price_hour_rel_+01_amount: -0.23800
data_price_hour_abs_15_amount: -0.23800
data_price_hour_rel_+02_amount: -0.00100
data_price_hour_abs_16_amount: -0.00100
data_price_hour_rel_+03_amount: 3.59000
data_price_hour_abs_17_amount: 3.59000
data_price_hour_rel_+04_amount: 8.00400
data_price_hour_abs_18_amount: 8.00400
data_price_hour_rel_+05_amount: 10.89000
data_price_hour_abs_19_amount: 10.89000
data_price_hour_rel_+06_amount: 11.11900
data_price_hour_abs_20_amount: 11.11900
data_price_hour_rel_+07_amount: 9.49000
data_price_hour_abs_21_amount: 9.49000
data_price_hour_rel_+08_amount: 9.00000
data_price_hour_abs_22_amount: 9.00000
data_price_hour_rel_+09_amount: 7.13000
data_price_hour_abs_23_amount: 7.13000