date_now: 2025-07-16 14:37:17
date_now_epoch: 1752669437277
date_now_day: 16
date_now_month: 7
date_now_year: 2025
date_start: 2025-07-16 00:00:00
date_end: 2025-07-16 23:59:59
price_low: 6.80600
price_high: 12.90400
price_median: 9.22000
price_average: 9.57504
price_current: 6.80600
price_unit: Cent/kWh
price_threshold_00: 6.80600
price_threshold_01: 6.92000
price_threshold_02: 7.86200
price_threshold_03: 8.08600
price_threshold_04: 8.19600
price_threshold_05: 8.34300
price_threshold_06: 8.42600
price_threshold_07: 8.56500
price_threshold_08: 8.66700
price_threshold_09: 8.90900
price_threshold_10: 8.98000
price_threshold_11: 9.04100
price_threshold_12: 9.39900
price_threshold_13: 9.54900
price_threshold_14: 9.76300
price_threshold_15: 10.42100
price_threshold_16: 10.57400
price_threshold_17: 10.83700
price_threshold_18: 11.05500
price_threshold_19: 11.19200
price_threshold_20: 11.26300
price_threshold_21: 11.97200
price_threshold_22: 12.07100
price_threshold_23: 12.90400
data_price_hour_rel_-14_amount: 9.76300
data_price_hour_abs_00_amount: 9.76300
data_price_hour_rel_-13_amount: 9.39900
data_price_hour_abs_01_amount: 9.39900
data_price_hour_rel_-12_amount: 8.66700
data_price_hour_abs_02_amount: 8.66700
data_price_hour_rel_-11_amount: 8.34300
data_price_hour_abs_03_amount: 8.34300
data_price_hour_rel_-10_amount: 8.42600
data_price_hour_abs_04_amount: 8.42600
data_price_hour_rel_-09_amount: 9.04100
data_price_hour_abs_05_amount: 9.04100
data_price_hour_rel_-08_amount: 10.57400
data_price_hour_abs_06_amount: 10.57400
data_price_hour_rel_-07_amount: 11.26300
data_price_hour_abs_07_amount: 11.26300
data_price_hour_rel_-06_amount: 11.19200
data_price_hour_abs_08_amount: 11.19200
data_price_hour_rel_-05_amount: 10.42100
data_price_hour_abs_09_amount: 10.42100
data_price_hour_rel_-04_amount: 8.98000
data_price_hour_abs_10_amount: 8.98000
data_price_hour_rel_-03_amount: 8.56500
data_price_hour_abs_11_amount: 8.56500
data_price_hour_rel_-02_amount: 8.19600
data_price_hour_abs_12_amount: 8.19600
data_price_hour_rel_-01_amount: 7.86200
data_price_hour_abs_13_amount: 7.86200
data_price_hour_rel_+00_amount: 6.80600
data_price_hour_abs_14_amount: 6.80600
data_price_hour_rel_+01_amount: 6.92000
data_price_hour_abs_15_amount: 6.92000
data_price_hour_rel_+02_amount: 8.08600
data_price_hour_abs_16_amount: 8.08600
data_price_hour_rel_+03_amount: 8.90900
data_price_hour_abs_17_amount: 8.90900
data_price_hour_rel_+04_amount: 9.54900
data_price_hour_abs_18_amount: 9.54900
data_price_hour_rel_+05_amount: 10.83700
data_price_hour_abs_19_amount: 10.83700
data_price_hour_rel_+06_amount: 11.97200
data_price_hour_abs_20_amount: 11.97200
data_price_hour_rel_+07_amount: 12.90400
data_price_hour_abs_21_amount: 12.90400
data_price_hour_rel_+08_amount: 12.07100
data_price_hour_abs_22_amount: 12.07100
data_price_hour_rel_+09_amount: 11.05500
data_price_hour_abs_23_amount: 11.05500