date_now: 2025-06-11 14:34:58
date_now_epoch: 1749645298146
date_now_day: 11
date_now_month: 6
date_now_year: 2025
date_start: 2025-06-11 00:00:00
date_end: 2025-06-11 23:59:59
price_low: -0.34000
price_high: 21.70000
price_median: 7.21950
price_average: 7.16046
price_current: -0.34000
price_unit: Cent/kWh
price_threshold_00: -0.34000
price_threshold_01: -0.24000
price_threshold_02: -0.09700
price_threshold_03: -0.03600
price_threshold_04: -0.00100
price_threshold_05: 0.13000
price_threshold_06: 2.29800
price_threshold_07: 6.64700
price_threshold_08: 6.67000
price_threshold_09: 6.98600
price_threshold_10: 7.05800
price_threshold_11: 7.13800
price_threshold_12: 7.30100
price_threshold_13: 7.35900
price_threshold_14: 8.36000
price_threshold_15: 8.50900
price_threshold_16: 8.93400
price_threshold_17: 9.40700
price_threshold_18: 10.12600
price_threshold_19: 10.78000
price_threshold_20: 11.93400
price_threshold_21: 13.22800
price_threshold_22: 18.00000
price_threshold_23: 21.70000
data_price_hour_rel_-14_amount: 7.30100
data_price_hour_abs_00_amount: 7.30100
data_price_hour_rel_-13_amount: 7.13800
data_price_hour_abs_01_amount: 7.13800
data_price_hour_rel_-12_amount: 7.05800
data_price_hour_abs_02_amount: 7.05800
data_price_hour_rel_-11_amount: 6.98600
data_price_hour_abs_03_amount: 6.98600
data_price_hour_rel_-10_amount: 7.35900
data_price_hour_abs_04_amount: 7.35900
data_price_hour_rel_-09_amount: 8.36000
data_price_hour_abs_05_amount: 8.36000
data_price_hour_rel_-08_amount: 10.12600
data_price_hour_abs_06_amount: 10.12600
data_price_hour_rel_-07_amount: 10.78000
data_price_hour_abs_07_amount: 10.78000
data_price_hour_rel_-06_amount: 8.50900
data_price_hour_abs_08_amount: 8.50900
data_price_hour_rel_-05_amount: 6.67000
data_price_hour_abs_09_amount: 6.67000
data_price_hour_rel_-04_amount: 2.29800
data_price_hour_abs_10_amount: 2.29800
data_price_hour_rel_-03_amount: 0.13000
data_price_hour_abs_11_amount: 0.13000
data_price_hour_rel_-02_amount: -0.03600
data_price_hour_abs_12_amount: -0.03600
data_price_hour_rel_-01_amount: -0.09700
data_price_hour_abs_13_amount: -0.09700
data_price_hour_rel_+00_amount: -0.34000
data_price_hour_abs_14_amount: -0.34000
data_price_hour_rel_+01_amount: -0.24000
data_price_hour_abs_15_amount: -0.24000
data_price_hour_rel_+02_amount: -0.00100
data_price_hour_abs_16_amount: -0.00100
data_price_hour_rel_+03_amount: 6.64700
data_price_hour_abs_17_amount: 6.64700
data_price_hour_rel_+04_amount: 8.93400
data_price_hour_abs_18_amount: 8.93400
data_price_hour_rel_+05_amount: 13.22800
data_price_hour_abs_19_amount: 13.22800
data_price_hour_rel_+06_amount: 21.70000
data_price_hour_abs_20_amount: 21.70000
data_price_hour_rel_+07_amount: 18.00000
data_price_hour_abs_21_amount: 18.00000
data_price_hour_rel_+08_amount: 11.93400
data_price_hour_abs_22_amount: 11.93400
data_price_hour_rel_+09_amount: 9.40700
data_price_hour_abs_23_amount: 9.40700