date_now: 2025-04-09 14:32:07
date_now_epoch: 1744201927122
date_now_day: 9
date_now_month: 4
date_now_year: 2025
date_start: 2025-04-09 00:00:00
date_end: 2025-04-09 23:59:59
price_low: 0.67200
price_high: 17.55600
price_median: 9.72500
price_average: 9.15608
price_current: 1.32700
price_unit: Cent/kWh
price_threshold_00: 0.67200
price_threshold_01: 1.32700
price_threshold_02: 1.36100
price_threshold_03: 3.48700
price_threshold_04: 5.96900
price_threshold_05: 6.29800
price_threshold_06: 8.27100
price_threshold_07: 8.35000
price_threshold_08: 9.44500
price_threshold_09: 9.46700
price_threshold_10: 9.57900
price_threshold_11: 9.59900
price_threshold_12: 9.85100
price_threshold_13: 9.95100
price_threshold_14: 10.19400
price_threshold_15: 10.34800
price_threshold_16: 10.49900
price_threshold_17: 10.94500
price_threshold_18: 11.12300
price_threshold_19: 13.15600
price_threshold_20: 13.15700
price_threshold_21: 13.87300
price_threshold_22: 15.26800
price_threshold_23: 17.55600
data_price_hour_rel_-14_amount: 10.49900
data_price_hour_abs_00_amount: 10.49900
data_price_hour_rel_-13_amount: 9.59900
data_price_hour_abs_01_amount: 9.59900
data_price_hour_rel_-12_amount: 9.46700
data_price_hour_abs_02_amount: 9.46700
data_price_hour_rel_-11_amount: 9.44500
data_price_hour_abs_03_amount: 9.44500
data_price_hour_rel_-10_amount: 9.57900
data_price_hour_abs_04_amount: 9.57900
data_price_hour_rel_-09_amount: 10.94500
data_price_hour_abs_05_amount: 10.94500
data_price_hour_rel_-08_amount: 15.26800
data_price_hour_abs_06_amount: 15.26800
data_price_hour_rel_-07_amount: 17.55600
data_price_hour_abs_07_amount: 17.55600
data_price_hour_rel_-06_amount: 13.15600
data_price_hour_abs_08_amount: 13.15600
data_price_hour_rel_-05_amount: 9.95100
data_price_hour_abs_09_amount: 9.95100
data_price_hour_rel_-04_amount: 8.27100
data_price_hour_abs_10_amount: 8.27100
data_price_hour_rel_-03_amount: 5.96900
data_price_hour_abs_11_amount: 5.96900
data_price_hour_rel_-02_amount: 1.36100
data_price_hour_abs_12_amount: 1.36100
data_price_hour_rel_-01_amount: 0.67200
data_price_hour_abs_13_amount: 0.67200
data_price_hour_rel_+00_amount: 1.32700
data_price_hour_abs_14_amount: 1.32700
data_price_hour_rel_+01_amount: 3.48700
data_price_hour_abs_15_amount: 3.48700
data_price_hour_rel_+02_amount: 6.29800
data_price_hour_abs_16_amount: 6.29800
data_price_hour_rel_+03_amount: 8.35000
data_price_hour_abs_17_amount: 8.35000
data_price_hour_rel_+04_amount: 10.34800
data_price_hour_abs_18_amount: 10.34800
data_price_hour_rel_+05_amount: 13.15700
data_price_hour_abs_19_amount: 13.15700
data_price_hour_rel_+06_amount: 13.87300
data_price_hour_abs_20_amount: 13.87300
data_price_hour_rel_+07_amount: 11.12300
data_price_hour_abs_21_amount: 11.12300
data_price_hour_rel_+08_amount: 10.19400
data_price_hour_abs_22_amount: 10.19400
data_price_hour_rel_+09_amount: 9.85100
data_price_hour_abs_23_amount: 9.85100