date_now: 2025-11-24 13:36:37
date_now_epoch: 1763987797262
date_now_day: 24
date_now_month: 11
date_now_year: 2025
date_start: 2025-11-24 00:00:00
date_end: 2025-11-24 23:59:59
price_low: 7.00600
price_high: 26.34800
price_median: 12.02450
price_average: 13.23646
price_current: 14.99900
price_unit: Cent/kWh
price_threshold_00: 7.00600
price_threshold_01: 7.22600
price_threshold_02: 7.24600
price_threshold_03: 7.32800
price_threshold_04: 7.37600
price_threshold_05: 8.00700
price_threshold_06: 9.03100
price_threshold_07: 10.43900
price_threshold_08: 10.54100
price_threshold_09: 10.77900
price_threshold_10: 11.02600
price_threshold_11: 11.74500
price_threshold_12: 12.30400
price_threshold_13: 12.80400
price_threshold_14: 13.42400
price_threshold_15: 13.52400
price_threshold_16: 14.99900
price_threshold_17: 15.11900
price_threshold_18: 17.35400
price_threshold_19: 18.83100
price_threshold_20: 19.58100
price_threshold_21: 22.57800
price_threshold_22: 23.05900
price_threshold_23: 26.34800
data_price_hour_rel_-13_amount: 7.24600
data_price_hour_abs_00_amount: 7.24600
data_price_hour_rel_-12_amount: 7.00600
data_price_hour_abs_01_amount: 7.00600
data_price_hour_rel_-11_amount: 7.22600
data_price_hour_abs_02_amount: 7.22600
data_price_hour_rel_-10_amount: 7.32800
data_price_hour_abs_03_amount: 7.32800
data_price_hour_rel_-09_amount: 7.37600
data_price_hour_abs_04_amount: 7.37600
data_price_hour_rel_-08_amount: 8.00700
data_price_hour_abs_05_amount: 8.00700
data_price_hour_rel_-07_amount: 9.03100
data_price_hour_abs_06_amount: 9.03100
data_price_hour_rel_-06_amount: 10.43900
data_price_hour_abs_07_amount: 10.43900
data_price_hour_rel_-05_amount: 10.77900
data_price_hour_abs_08_amount: 10.77900
data_price_hour_rel_-04_amount: 11.02600
data_price_hour_abs_09_amount: 11.02600
data_price_hour_rel_-03_amount: 11.74500
data_price_hour_abs_10_amount: 11.74500
data_price_hour_rel_-02_amount: 12.80400
data_price_hour_abs_11_amount: 12.80400
data_price_hour_rel_-01_amount: 13.42400
data_price_hour_abs_12_amount: 13.42400
data_price_hour_rel_+00_amount: 14.99900
data_price_hour_abs_13_amount: 14.99900
data_price_hour_rel_+01_amount: 17.35400
data_price_hour_abs_14_amount: 17.35400
data_price_hour_rel_+02_amount: 19.58100
data_price_hour_abs_15_amount: 19.58100
data_price_hour_rel_+03_amount: 22.57800
data_price_hour_abs_16_amount: 22.57800
data_price_hour_rel_+04_amount: 26.34800
data_price_hour_abs_17_amount: 26.34800
data_price_hour_rel_+05_amount: 23.05900
data_price_hour_abs_18_amount: 23.05900
data_price_hour_rel_+06_amount: 18.83100
data_price_hour_abs_19_amount: 18.83100
data_price_hour_rel_+07_amount: 15.11900
data_price_hour_abs_20_amount: 15.11900
data_price_hour_rel_+08_amount: 13.52400
data_price_hour_abs_21_amount: 13.52400
data_price_hour_rel_+09_amount: 12.30400
data_price_hour_abs_22_amount: 12.30400
data_price_hour_rel_+10_amount: 10.54100
data_price_hour_abs_23_amount: 10.54100