date_now: 2025-09-09 14:34:51
date_now_epoch: 1757421291738
date_now_day: 9
date_now_month: 9
date_now_year: 2025
date_start: 2025-09-09 00:00:00
date_end: 2025-09-09 23:59:59
price_low: 8.55100
price_high: 38.64000
price_median: 11.34900
price_average: 14.24529
price_current: 8.55100
price_unit: Cent/kWh
price_threshold_00: 8.55100
price_threshold_01: 8.56900
price_threshold_02: 8.71800
price_threshold_03: 9.24900
price_threshold_04: 9.92500
price_threshold_05: 10.17300
price_threshold_06: 10.33500
price_threshold_07: 10.93000
price_threshold_08: 10.98000
price_threshold_09: 11.03500
price_threshold_10: 11.08600
price_threshold_11: 11.24600
price_threshold_12: 11.45200
price_threshold_13: 11.57900
price_threshold_14: 11.81800
price_threshold_15: 12.74100
price_threshold_16: 12.75900
price_threshold_17: 13.33700
price_threshold_18: 18.23900
price_threshold_19: 19.26800
price_threshold_20: 19.69800
price_threshold_21: 21.55900
price_threshold_22: 30.00000
price_threshold_23: 38.64000
data_price_hour_rel_-14_amount: 11.45200
data_price_hour_abs_00_amount: 11.45200
data_price_hour_rel_-13_amount: 11.24600
data_price_hour_abs_01_amount: 11.24600
data_price_hour_rel_-12_amount: 11.03500
data_price_hour_abs_02_amount: 11.03500
data_price_hour_rel_-11_amount: 10.98000
data_price_hour_abs_03_amount: 10.98000
data_price_hour_rel_-10_amount: 11.08600
data_price_hour_abs_04_amount: 11.08600
data_price_hour_rel_-09_amount: 11.81800
data_price_hour_abs_05_amount: 11.81800
data_price_hour_rel_-08_amount: 18.23900
data_price_hour_abs_06_amount: 18.23900
data_price_hour_rel_-07_amount: 30.00000
data_price_hour_abs_07_amount: 30.00000
data_price_hour_rel_-06_amount: 19.69800
data_price_hour_abs_08_amount: 19.69800
data_price_hour_rel_-05_amount: 12.75900
data_price_hour_abs_09_amount: 12.75900
data_price_hour_rel_-04_amount: 10.17300
data_price_hour_abs_10_amount: 10.17300
data_price_hour_rel_-03_amount: 9.92500
data_price_hour_abs_11_amount: 9.92500
data_price_hour_rel_-02_amount: 8.71800
data_price_hour_abs_12_amount: 8.71800
data_price_hour_rel_-01_amount: 8.56900
data_price_hour_abs_13_amount: 8.56900
data_price_hour_rel_+00_amount: 8.55100
data_price_hour_abs_14_amount: 8.55100
data_price_hour_rel_+01_amount: 9.24900
data_price_hour_abs_15_amount: 9.24900
data_price_hour_rel_+02_amount: 10.33500
data_price_hour_abs_16_amount: 10.33500
data_price_hour_rel_+03_amount: 12.74100
data_price_hour_abs_17_amount: 12.74100
data_price_hour_rel_+04_amount: 19.26800
data_price_hour_abs_18_amount: 19.26800
data_price_hour_rel_+05_amount: 38.64000
data_price_hour_abs_19_amount: 38.64000
data_price_hour_rel_+06_amount: 21.55900
data_price_hour_abs_20_amount: 21.55900
data_price_hour_rel_+07_amount: 13.33700
data_price_hour_abs_21_amount: 13.33700
data_price_hour_rel_+08_amount: 11.57900
data_price_hour_abs_22_amount: 11.57900
data_price_hour_rel_+09_amount: 10.93000
data_price_hour_abs_23_amount: 10.93000