date_now: 2025-08-18 14:36:46
date_now_epoch: 1755520606660
date_now_day: 18
date_now_month: 8
date_now_year: 2025
date_start: 2025-08-18 00:00:00
date_end: 2025-08-18 23:59:59
price_low: 1.42300
price_high: 19.74200
price_median: 8.98900
price_average: 9.15313
price_current: 1.83400
price_unit: Cent/kWh
price_threshold_00: 1.42300
price_threshold_01: 1.83400
price_threshold_02: 2.00400
price_threshold_03: 4.59300
price_threshold_04: 5.45600
price_threshold_05: 7.09400
price_threshold_06: 7.20600
price_threshold_07: 8.38500
price_threshold_08: 8.43300
price_threshold_09: 8.71300
price_threshold_10: 8.88400
price_threshold_11: 8.94600
price_threshold_12: 9.03200
price_threshold_13: 9.19900
price_threshold_14: 9.92700
price_threshold_15: 10.20000
price_threshold_16: 10.74900
price_threshold_17: 10.98700
price_threshold_18: 10.98700
price_threshold_19: 11.85100
price_threshold_20: 12.46700
price_threshold_21: 13.01300
price_threshold_22: 18.55000
price_threshold_23: 19.74200
data_price_hour_rel_-14_amount: 9.19900
data_price_hour_abs_00_amount: 9.19900
data_price_hour_rel_-13_amount: 8.71300
data_price_hour_abs_01_amount: 8.71300
data_price_hour_rel_-12_amount: 8.43300
data_price_hour_abs_02_amount: 8.43300
data_price_hour_rel_-11_amount: 8.38500
data_price_hour_abs_03_amount: 8.38500
data_price_hour_rel_-10_amount: 8.94600
data_price_hour_abs_04_amount: 8.94600
data_price_hour_rel_-09_amount: 9.92700
data_price_hour_abs_05_amount: 9.92700
data_price_hour_rel_-08_amount: 11.85100
data_price_hour_abs_06_amount: 11.85100
data_price_hour_rel_-07_amount: 13.01300
data_price_hour_abs_07_amount: 13.01300
data_price_hour_rel_-06_amount: 10.98700
data_price_hour_abs_08_amount: 10.98700
data_price_hour_rel_-05_amount: 8.88400
data_price_hour_abs_09_amount: 8.88400
data_price_hour_rel_-04_amount: 7.20600
data_price_hour_abs_10_amount: 7.20600
data_price_hour_rel_-03_amount: 4.59300
data_price_hour_abs_11_amount: 4.59300
data_price_hour_rel_-02_amount: 2.00400
data_price_hour_abs_12_amount: 2.00400
data_price_hour_rel_-01_amount: 1.42300
data_price_hour_abs_13_amount: 1.42300
data_price_hour_rel_+00_amount: 1.83400
data_price_hour_abs_14_amount: 1.83400
data_price_hour_rel_+01_amount: 5.45600
data_price_hour_abs_15_amount: 5.45600
data_price_hour_rel_+02_amount: 7.09400
data_price_hour_abs_16_amount: 7.09400
data_price_hour_rel_+03_amount: 9.03200
data_price_hour_abs_17_amount: 9.03200
data_price_hour_rel_+04_amount: 10.98700
data_price_hour_abs_18_amount: 10.98700
data_price_hour_rel_+05_amount: 18.55000
data_price_hour_abs_19_amount: 18.55000
data_price_hour_rel_+06_amount: 19.74200
data_price_hour_abs_20_amount: 19.74200
data_price_hour_rel_+07_amount: 12.46700
data_price_hour_abs_21_amount: 12.46700
data_price_hour_rel_+08_amount: 10.74900
data_price_hour_abs_22_amount: 10.74900
data_price_hour_rel_+09_amount: 10.20000
data_price_hour_abs_23_amount: 10.20000