date_now: 2025-02-02 13:24:09
date_now_epoch: 1738499049447
date_now_day: 2
date_now_month: 2
date_now_year: 2025
date_start: 2025-02-02 00:00:00
date_end: 2025-02-02 23:59:59
price_low: 11.18800
price_high: 17.39500
price_median: 13.16400
price_average: 13.71279
price_current: 11.18800
price_unit: Cent/kWh
price_threshold_00: 11.18800
price_threshold_01: 11.64200
price_threshold_02: 12.06600
price_threshold_03: 12.22400
price_threshold_04: 12.23400
price_threshold_05: 12.29900
price_threshold_06: 12.34100
price_threshold_07: 12.69100
price_threshold_08: 12.79700
price_threshold_09: 12.80900
price_threshold_10: 12.93300
price_threshold_11: 13.00400
price_threshold_12: 13.32400
price_threshold_13: 13.32600
price_threshold_14: 13.59000
price_threshold_15: 13.73000
price_threshold_16: 13.77000
price_threshold_17: 14.84400
price_threshold_18: 15.12100
price_threshold_19: 15.57700
price_threshold_20: 16.40300
price_threshold_21: 16.55000
price_threshold_22: 17.24900
price_threshold_23: 17.39500
data_price_hour_rel_-13_amount: 13.32600
data_price_hour_abs_00_amount: 13.32600
data_price_hour_rel_-12_amount: 12.69100
data_price_hour_abs_01_amount: 12.69100
data_price_hour_rel_-11_amount: 12.29900
data_price_hour_abs_02_amount: 12.29900
data_price_hour_rel_-10_amount: 12.06600
data_price_hour_abs_03_amount: 12.06600
data_price_hour_rel_-09_amount: 12.23400
data_price_hour_abs_04_amount: 12.23400
data_price_hour_rel_-08_amount: 12.34100
data_price_hour_abs_05_amount: 12.34100
data_price_hour_rel_-07_amount: 12.80900
data_price_hour_abs_06_amount: 12.80900
data_price_hour_rel_-06_amount: 13.59000
data_price_hour_abs_07_amount: 13.59000
data_price_hour_rel_-05_amount: 13.73000
data_price_hour_abs_08_amount: 13.73000
data_price_hour_rel_-04_amount: 13.77000
data_price_hour_abs_09_amount: 13.77000
data_price_hour_rel_-03_amount: 13.00400
data_price_hour_abs_10_amount: 13.00400
data_price_hour_rel_-02_amount: 12.93300
data_price_hour_abs_11_amount: 12.93300
data_price_hour_rel_-01_amount: 12.22400
data_price_hour_abs_12_amount: 12.22400
data_price_hour_rel_+00_amount: 11.18800
data_price_hour_abs_13_amount: 11.18800
data_price_hour_rel_+01_amount: 11.64200
data_price_hour_abs_14_amount: 11.64200
data_price_hour_rel_+02_amount: 12.79700
data_price_hour_abs_15_amount: 12.79700
data_price_hour_rel_+03_amount: 15.12100
data_price_hour_abs_16_amount: 15.12100
data_price_hour_rel_+04_amount: 16.40300
data_price_hour_abs_17_amount: 16.40300
data_price_hour_rel_+05_amount: 17.24900
data_price_hour_abs_18_amount: 17.24900
data_price_hour_rel_+06_amount: 17.39500
data_price_hour_abs_19_amount: 17.39500
data_price_hour_rel_+07_amount: 16.55000
data_price_hour_abs_20_amount: 16.55000
data_price_hour_rel_+08_amount: 15.57700
data_price_hour_abs_21_amount: 15.57700
data_price_hour_rel_+09_amount: 14.84400
data_price_hour_abs_22_amount: 14.84400
data_price_hour_rel_+10_amount: 13.32400
data_price_hour_abs_23_amount: 13.32400