date_now: 2025-03-12 13:30:21
date_now_epoch: 1741782621740
date_now_day: 12
date_now_month: 3
date_now_year: 2025
date_start: 2025-03-12 00:00:00
date_end: 2025-03-12 23:59:59
price_low: 9.73800
price_high: 19.97500
price_median: 11.40250
price_average: 12.48708
price_current: 9.99100
price_unit: Cent/kWh
price_threshold_00: 9.73800
price_threshold_01: 9.77900
price_threshold_02: 9.80700
price_threshold_03: 9.96900
price_threshold_04: 9.99100
price_threshold_05: 10.00900
price_threshold_06: 10.16500
price_threshold_07: 10.17300
price_threshold_08: 10.18000
price_threshold_09: 10.26200
price_threshold_10: 10.99100
price_threshold_11: 11.03100
price_threshold_12: 11.77400
price_threshold_13: 12.00000
price_threshold_14: 12.50000
price_threshold_15: 13.22000
price_threshold_16: 14.21000
price_threshold_17: 14.45400
price_threshold_18: 14.80500
price_threshold_19: 14.84100
price_threshold_20: 15.70300
price_threshold_21: 16.16400
price_threshold_22: 17.94900
price_threshold_23: 19.97500
data_price_hour_rel_-13_amount: 10.17300
data_price_hour_abs_00_amount: 10.17300
data_price_hour_rel_-12_amount: 10.00900
data_price_hour_abs_01_amount: 10.00900
data_price_hour_rel_-11_amount: 9.77900
data_price_hour_abs_02_amount: 9.77900
data_price_hour_rel_-10_amount: 9.73800
data_price_hour_abs_03_amount: 9.73800
data_price_hour_rel_-09_amount: 10.18000
data_price_hour_abs_04_amount: 10.18000
data_price_hour_rel_-08_amount: 11.03100
data_price_hour_abs_05_amount: 11.03100
data_price_hour_rel_-07_amount: 14.45400
data_price_hour_abs_06_amount: 14.45400
data_price_hour_rel_-06_amount: 16.16400
data_price_hour_abs_07_amount: 16.16400
data_price_hour_rel_-05_amount: 14.84100
data_price_hour_abs_08_amount: 14.84100
data_price_hour_rel_-04_amount: 12.50000
data_price_hour_abs_09_amount: 12.50000
data_price_hour_rel_-03_amount: 10.26200
data_price_hour_abs_10_amount: 10.26200
data_price_hour_rel_-02_amount: 9.96900
data_price_hour_abs_11_amount: 9.96900
data_price_hour_rel_-01_amount: 9.80700
data_price_hour_abs_12_amount: 9.80700
data_price_hour_rel_+00_amount: 9.99100
data_price_hour_abs_13_amount: 9.99100
data_price_hour_rel_+01_amount: 10.16500
data_price_hour_abs_14_amount: 10.16500
data_price_hour_rel_+02_amount: 11.77400
data_price_hour_abs_15_amount: 11.77400
data_price_hour_rel_+03_amount: 14.21000
data_price_hour_abs_16_amount: 14.21000
data_price_hour_rel_+04_amount: 15.70300
data_price_hour_abs_17_amount: 15.70300
data_price_hour_rel_+05_amount: 19.97500
data_price_hour_abs_18_amount: 19.97500
data_price_hour_rel_+06_amount: 17.94900
data_price_hour_abs_19_amount: 17.94900
data_price_hour_rel_+07_amount: 14.80500
data_price_hour_abs_20_amount: 14.80500
data_price_hour_rel_+08_amount: 13.22000
data_price_hour_abs_21_amount: 13.22000
data_price_hour_rel_+09_amount: 12.00000
data_price_hour_abs_22_amount: 12.00000
data_price_hour_rel_+10_amount: 10.99100
data_price_hour_abs_23_amount: 10.99100