date_now: 2025-03-14 13:29:05
date_now_epoch: 1741955345212
date_now_day: 14
date_now_month: 3
date_now_year: 2025
date_start: 2025-03-14 00:00:00
date_end: 2025-03-14 23:59:59
price_low: 10.38300
price_high: 15.53300
price_median: 11.16950
price_average: 12.12346
price_current: 10.45900
price_unit: Cent/kWh
price_threshold_00: 10.38300
price_threshold_01: 10.45000
price_threshold_02: 10.45900
price_threshold_03: 10.51700
price_threshold_04: 10.53000
price_threshold_05: 10.53800
price_threshold_06: 10.59000
price_threshold_07: 10.60000
price_threshold_08: 10.63500
price_threshold_09: 10.90900
price_threshold_10: 10.93900
price_threshold_11: 11.13900
price_threshold_12: 11.20000
price_threshold_13: 11.39900
price_threshold_14: 11.40000
price_threshold_15: 12.48400
price_threshold_16: 13.00100
price_threshold_17: 13.20900
price_threshold_18: 14.30200
price_threshold_19: 14.64400
price_threshold_20: 15.09100
price_threshold_21: 15.50000
price_threshold_22: 15.51100
price_threshold_23: 15.53300
data_price_hour_rel_-13_amount: 10.90900
data_price_hour_abs_00_amount: 10.90900
data_price_hour_rel_-12_amount: 10.60000
data_price_hour_abs_01_amount: 10.60000
data_price_hour_rel_-11_amount: 10.59000
data_price_hour_abs_02_amount: 10.59000
data_price_hour_rel_-10_amount: 10.38300
data_price_hour_abs_03_amount: 10.38300
data_price_hour_rel_-09_amount: 10.53000
data_price_hour_abs_04_amount: 10.53000
data_price_hour_rel_-08_amount: 11.39900
data_price_hour_abs_05_amount: 11.39900
data_price_hour_rel_-07_amount: 14.30200
data_price_hour_abs_06_amount: 14.30200
data_price_hour_rel_-06_amount: 15.51100
data_price_hour_abs_07_amount: 15.51100
data_price_hour_rel_-05_amount: 15.50000
data_price_hour_abs_08_amount: 15.50000
data_price_hour_rel_-04_amount: 13.20900
data_price_hour_abs_09_amount: 13.20900
data_price_hour_rel_-03_amount: 11.20000
data_price_hour_abs_10_amount: 11.20000
data_price_hour_rel_-02_amount: 10.63500
data_price_hour_abs_11_amount: 10.63500
data_price_hour_rel_-01_amount: 10.45000
data_price_hour_abs_12_amount: 10.45000
data_price_hour_rel_+00_amount: 10.45900
data_price_hour_abs_13_amount: 10.45900
data_price_hour_rel_+01_amount: 10.53800
data_price_hour_abs_14_amount: 10.53800
data_price_hour_rel_+02_amount: 10.93900
data_price_hour_abs_15_amount: 10.93900
data_price_hour_rel_+03_amount: 12.48400
data_price_hour_abs_16_amount: 12.48400
data_price_hour_rel_+04_amount: 14.64400
data_price_hour_abs_17_amount: 14.64400
data_price_hour_rel_+05_amount: 15.53300
data_price_hour_abs_18_amount: 15.53300
data_price_hour_rel_+06_amount: 15.09100
data_price_hour_abs_19_amount: 15.09100
data_price_hour_rel_+07_amount: 13.00100
data_price_hour_abs_20_amount: 13.00100
data_price_hour_rel_+08_amount: 11.13900
data_price_hour_abs_21_amount: 11.13900
data_price_hour_rel_+09_amount: 11.40000
data_price_hour_abs_22_amount: 11.40000
data_price_hour_rel_+10_amount: 10.51700
data_price_hour_abs_23_amount: 10.51700