date_now: 2025-06-15 14:31:06
date_now_epoch: 1749990666344
date_now_day: 15
date_now_month: 6
date_now_year: 2025
date_start: 2025-06-15 00:00:00
date_end: 2025-06-15 23:59:59
price_low: -0.56100
price_high: 13.54300
price_median: 8.61100
price_average: 6.18446
price_current: -0.50000
price_unit: Cent/kWh
price_threshold_00: -0.56100
price_threshold_01: -0.50000
price_threshold_02: -0.20000
price_threshold_03: -0.12200
price_threshold_04: -0.00200
price_threshold_05: -0.00100
price_threshold_06: 0.00000
price_threshold_07: 0.55500
price_threshold_08: 5.38600
price_threshold_09: 5.47900
price_threshold_10: 6.62100
price_threshold_11: 8.49900
price_threshold_12: 8.72300
price_threshold_13: 8.88700
price_threshold_14: 9.09400
price_threshold_15: 9.19300
price_threshold_16: 9.19900
price_threshold_17: 9.21500
price_threshold_18: 9.64300
price_threshold_19: 10.65400
price_threshold_20: 10.90000
price_threshold_21: 11.45900
price_threshold_22: 12.76300
price_threshold_23: 13.54300
data_price_hour_rel_-14_amount: 9.19300
data_price_hour_abs_00_amount: 9.19300
data_price_hour_rel_-13_amount: 8.88700
data_price_hour_abs_01_amount: 8.88700
data_price_hour_rel_-12_amount: 8.72300
data_price_hour_abs_02_amount: 8.72300
data_price_hour_rel_-11_amount: 9.09400
data_price_hour_abs_03_amount: 9.09400
data_price_hour_rel_-10_amount: 9.19900
data_price_hour_abs_04_amount: 9.19900
data_price_hour_rel_-09_amount: 9.21500
data_price_hour_abs_05_amount: 9.21500
data_price_hour_rel_-08_amount: 8.49900
data_price_hour_abs_06_amount: 8.49900
data_price_hour_rel_-07_amount: 6.62100
data_price_hour_abs_07_amount: 6.62100
data_price_hour_rel_-06_amount: 5.38600
data_price_hour_abs_08_amount: 5.38600
data_price_hour_rel_-05_amount: 0.55500
data_price_hour_abs_09_amount: 0.55500
data_price_hour_rel_-04_amount: 0.00000
data_price_hour_abs_10_amount: 0.00000
data_price_hour_rel_-03_amount: -0.00200
data_price_hour_abs_11_amount: -0.00200
data_price_hour_rel_-02_amount: -0.12200
data_price_hour_abs_12_amount: -0.12200
data_price_hour_rel_-01_amount: -0.56100
data_price_hour_abs_13_amount: -0.56100
data_price_hour_rel_+00_amount: -0.50000
data_price_hour_abs_14_amount: -0.50000
data_price_hour_rel_+01_amount: -0.20000
data_price_hour_abs_15_amount: -0.20000
data_price_hour_rel_+02_amount: -0.00100
data_price_hour_abs_16_amount: -0.00100
data_price_hour_rel_+03_amount: 5.47900
data_price_hour_abs_17_amount: 5.47900
data_price_hour_rel_+04_amount: 9.64300
data_price_hour_abs_18_amount: 9.64300
data_price_hour_rel_+05_amount: 10.90000
data_price_hour_abs_19_amount: 10.90000
data_price_hour_rel_+06_amount: 11.45900
data_price_hour_abs_20_amount: 11.45900
data_price_hour_rel_+07_amount: 13.54300
data_price_hour_abs_21_amount: 13.54300
data_price_hour_rel_+08_amount: 12.76300
data_price_hour_abs_22_amount: 12.76300
data_price_hour_rel_+09_amount: 10.65400
data_price_hour_abs_23_amount: 10.65400