date_now: 2025-04-29 14:34:18
date_now_epoch: 1745930058967
date_now_day: 29
date_now_month: 4
date_now_year: 2025
date_start: 2025-04-29 00:00:00
date_end: 2025-04-29 23:59:59
price_low: -0.19000
price_high: 17.47500
price_median: 8.43100
price_average: 7.32029
price_current: -0.16700
price_unit: Cent/kWh
price_threshold_00: -0.19000
price_threshold_01: -0.16700
price_threshold_02: -0.07600
price_threshold_03: -0.00100
price_threshold_04: 0.00000
price_threshold_05: 0.93100
price_threshold_06: 1.48200
price_threshold_07: 7.76000
price_threshold_08: 7.80000
price_threshold_09: 7.91700
price_threshold_10: 8.00300
price_threshold_11: 8.17600
price_threshold_12: 8.68600
price_threshold_13: 9.05700
price_threshold_14: 9.06400
price_threshold_15: 9.78200
price_threshold_16: 9.99800
price_threshold_17: 10.20000
price_threshold_18: 10.70000
price_threshold_19: 10.88300
price_threshold_20: 11.31300
price_threshold_21: 12.91100
price_threshold_22: 13.98300
price_threshold_23: 17.47500
data_price_hour_rel_-14_amount: 9.06400
data_price_hour_abs_00_amount: 9.06400
data_price_hour_rel_-13_amount: 8.68600
data_price_hour_abs_01_amount: 8.68600
data_price_hour_rel_-12_amount: 8.17600
data_price_hour_abs_02_amount: 8.17600
data_price_hour_rel_-11_amount: 7.91700
data_price_hour_abs_03_amount: 7.91700
data_price_hour_rel_-10_amount: 8.00300
data_price_hour_abs_04_amount: 8.00300
data_price_hour_rel_-09_amount: 9.05700
data_price_hour_abs_05_amount: 9.05700
data_price_hour_rel_-08_amount: 10.70000
data_price_hour_abs_06_amount: 10.70000
data_price_hour_rel_-07_amount: 11.31300
data_price_hour_abs_07_amount: 11.31300
data_price_hour_rel_-06_amount: 9.99800
data_price_hour_abs_08_amount: 9.99800
data_price_hour_rel_-05_amount: 7.80000
data_price_hour_abs_09_amount: 7.80000
data_price_hour_rel_-04_amount: 0.93100
data_price_hour_abs_10_amount: 0.93100
data_price_hour_rel_-03_amount: 0.00000
data_price_hour_abs_11_amount: 0.00000
data_price_hour_rel_-02_amount: -0.07600
data_price_hour_abs_12_amount: -0.07600
data_price_hour_rel_-01_amount: -0.19000
data_price_hour_abs_13_amount: -0.19000
data_price_hour_rel_+00_amount: -0.16700
data_price_hour_abs_14_amount: -0.16700
data_price_hour_rel_+01_amount: -0.00100
data_price_hour_abs_15_amount: -0.00100
data_price_hour_rel_+02_amount: 1.48200
data_price_hour_abs_16_amount: 1.48200
data_price_hour_rel_+03_amount: 7.76000
data_price_hour_abs_17_amount: 7.76000
data_price_hour_rel_+04_amount: 10.20000
data_price_hour_abs_18_amount: 10.20000
data_price_hour_rel_+05_amount: 13.98300
data_price_hour_abs_19_amount: 13.98300
data_price_hour_rel_+06_amount: 17.47500
data_price_hour_abs_20_amount: 17.47500
data_price_hour_rel_+07_amount: 12.91100
data_price_hour_abs_21_amount: 12.91100
data_price_hour_rel_+08_amount: 10.88300
data_price_hour_abs_22_amount: 10.88300
data_price_hour_rel_+09_amount: 9.78200
data_price_hour_abs_23_amount: 9.78200