date_now: 2025-09-02 14:34:03
date_now_epoch: 1756816443648
date_now_day: 2
date_now_month: 9
date_now_year: 2025
date_start: 2025-09-02 00:00:00
date_end: 2025-09-02 23:59:59
price_low: 7.85400
price_high: 31.15100
price_median: 9.85750
price_average: 12.20879
price_current: 7.85400
price_unit: Cent/kWh
price_threshold_00: 7.85400
price_threshold_01: 7.89400
price_threshold_02: 7.97300
price_threshold_03: 8.43700
price_threshold_04: 8.46600
price_threshold_05: 9.01100
price_threshold_06: 9.08400
price_threshold_07: 9.12100
price_threshold_08: 9.25000
price_threshold_09: 9.48000
price_threshold_10: 9.50000
price_threshold_11: 9.50100
price_threshold_12: 10.21400
price_threshold_13: 10.68500
price_threshold_14: 10.89700
price_threshold_15: 11.04700
price_threshold_16: 12.10500
price_threshold_17: 13.43900
price_threshold_18: 14.09200
price_threshold_19: 14.74800
price_threshold_20: 15.36700
price_threshold_21: 17.31600
price_threshold_22: 26.37900
price_threshold_23: 31.15100
data_price_hour_rel_-14_amount: 9.50100
data_price_hour_abs_00_amount: 9.50100
data_price_hour_rel_-13_amount: 9.01100
data_price_hour_abs_01_amount: 9.01100
data_price_hour_rel_-12_amount: 9.08400
data_price_hour_abs_02_amount: 9.08400
data_price_hour_rel_-11_amount: 9.25000
data_price_hour_abs_03_amount: 9.25000
data_price_hour_rel_-10_amount: 9.48000
data_price_hour_abs_04_amount: 9.48000
data_price_hour_rel_-09_amount: 10.68500
data_price_hour_abs_05_amount: 10.68500
data_price_hour_rel_-08_amount: 13.43900
data_price_hour_abs_06_amount: 13.43900
data_price_hour_rel_-07_amount: 15.36700
data_price_hour_abs_07_amount: 15.36700
data_price_hour_rel_-06_amount: 14.74800
data_price_hour_abs_08_amount: 14.74800
data_price_hour_rel_-05_amount: 12.10500
data_price_hour_abs_09_amount: 12.10500
data_price_hour_rel_-04_amount: 10.21400
data_price_hour_abs_10_amount: 10.21400
data_price_hour_rel_-03_amount: 8.46600
data_price_hour_abs_11_amount: 8.46600
data_price_hour_rel_-02_amount: 7.89400
data_price_hour_abs_12_amount: 7.89400
data_price_hour_rel_-01_amount: 7.97300
data_price_hour_abs_13_amount: 7.97300
data_price_hour_rel_+00_amount: 7.85400
data_price_hour_abs_14_amount: 7.85400
data_price_hour_rel_+01_amount: 8.43700
data_price_hour_abs_15_amount: 8.43700
data_price_hour_rel_+02_amount: 9.50000
data_price_hour_abs_16_amount: 9.50000
data_price_hour_rel_+03_amount: 10.89700
data_price_hour_abs_17_amount: 10.89700
data_price_hour_rel_+04_amount: 17.31600
data_price_hour_abs_18_amount: 17.31600
data_price_hour_rel_+05_amount: 31.15100
data_price_hour_abs_19_amount: 31.15100
data_price_hour_rel_+06_amount: 26.37900
data_price_hour_abs_20_amount: 26.37900
data_price_hour_rel_+07_amount: 14.09200
data_price_hour_abs_21_amount: 14.09200
data_price_hour_rel_+08_amount: 11.04700
data_price_hour_abs_22_amount: 11.04700
data_price_hour_rel_+09_amount: 9.12100
data_price_hour_abs_23_amount: 9.12100