date_now: 2025-12-24 13:37:17
date_now_epoch: 1766579837239
date_now_day: 24
date_now_month: 12
date_now_year: 2025
date_start: 2025-12-24 00:00:00
date_end: 2025-12-24 23:59:59
price_low: 5.58400
price_high: 8.91300
price_median: 6.83350
price_average: 6.93850
price_current: 6.79900
price_unit: Cent/kWh
price_threshold_00: 5.58400
price_threshold_01: 5.58500
price_threshold_02: 5.58500
price_threshold_03: 5.58600
price_threshold_04: 5.68000
price_threshold_05: 5.72200
price_threshold_06: 6.02500
price_threshold_07: 6.51600
price_threshold_08: 6.74500
price_threshold_09: 6.79900
price_threshold_10: 6.79900
price_threshold_11: 6.81600
price_threshold_12: 6.85100
price_threshold_13: 6.90100
price_threshold_14: 6.92900
price_threshold_15: 7.17700
price_threshold_16: 7.37600
price_threshold_17: 7.60200
price_threshold_18: 7.89100
price_threshold_19: 8.10000
price_threshold_20: 8.24700
price_threshold_21: 8.30500
price_threshold_22: 8.79000
price_threshold_23: 8.91300
data_price_hour_rel_-13_amount: 6.02500
data_price_hour_abs_00_amount: 6.02500
data_price_hour_rel_-12_amount: 5.58600
data_price_hour_abs_01_amount: 5.58600
data_price_hour_rel_-11_amount: 5.68000
data_price_hour_abs_02_amount: 5.68000
data_price_hour_rel_-10_amount: 5.58400
data_price_hour_abs_03_amount: 5.58400
data_price_hour_rel_-09_amount: 5.58500
data_price_hour_abs_04_amount: 5.58500
data_price_hour_rel_-08_amount: 5.58500
data_price_hour_abs_05_amount: 5.58500
data_price_hour_rel_-07_amount: 5.72200
data_price_hour_abs_06_amount: 5.72200
data_price_hour_rel_-06_amount: 6.74500
data_price_hour_abs_07_amount: 6.74500
data_price_hour_rel_-05_amount: 8.10000
data_price_hour_abs_08_amount: 8.10000
data_price_hour_rel_-04_amount: 8.24700
data_price_hour_abs_09_amount: 8.24700
data_price_hour_rel_-03_amount: 7.60200
data_price_hour_abs_10_amount: 7.60200
data_price_hour_rel_-02_amount: 6.92900
data_price_hour_abs_11_amount: 6.92900
data_price_hour_rel_-01_amount: 6.85100
data_price_hour_abs_12_amount: 6.85100
data_price_hour_rel_+00_amount: 6.79900
data_price_hour_abs_13_amount: 6.79900
data_price_hour_rel_+01_amount: 7.37600
data_price_hour_abs_14_amount: 7.37600
data_price_hour_rel_+02_amount: 8.30500
data_price_hour_abs_15_amount: 8.30500
data_price_hour_rel_+03_amount: 8.79000
data_price_hour_abs_16_amount: 8.79000
data_price_hour_rel_+04_amount: 8.91300
data_price_hour_abs_17_amount: 8.91300
data_price_hour_rel_+05_amount: 7.89100
data_price_hour_abs_18_amount: 7.89100
data_price_hour_rel_+06_amount: 7.17700
data_price_hour_abs_19_amount: 7.17700
data_price_hour_rel_+07_amount: 6.81600
data_price_hour_abs_20_amount: 6.81600
data_price_hour_rel_+08_amount: 6.79900
data_price_hour_abs_21_amount: 6.79900
data_price_hour_rel_+09_amount: 6.90100
data_price_hour_abs_22_amount: 6.90100
data_price_hour_rel_+10_amount: 6.51600
data_price_hour_abs_23_amount: 6.51600