date_now: 2025-06-21 14:30:51
date_now_epoch: 1750509051489
date_now_day: 21
date_now_month: 6
date_now_year: 2025
date_start: 2025-06-21 00:00:00
date_end: 2025-06-21 23:59:59
price_low: -2.99800
price_high: 16.53000
price_median: 10.08300
price_average: 7.26125
price_current: -2.63100
price_unit: Cent/kWh
price_threshold_00: -2.99800
price_threshold_01: -2.63100
price_threshold_02: -1.39600
price_threshold_03: -0.44200
price_threshold_04: -0.20100
price_threshold_05: 0.00900
price_threshold_06: 0.01900
price_threshold_07: 2.34000
price_threshold_08: 5.99900
price_threshold_09: 7.59300
price_threshold_10: 9.07400
price_threshold_11: 10.07100
price_threshold_12: 10.09500
price_threshold_13: 10.44500
price_threshold_14: 10.67600
price_threshold_15: 10.81500
price_threshold_16: 10.91000
price_threshold_17: 11.04800
price_threshold_18: 11.85200
price_threshold_19: 11.92000
price_threshold_20: 12.79000
price_threshold_21: 14.07800
price_threshold_22: 15.67400
price_threshold_23: 16.53000
data_price_hour_rel_-14_amount: 11.85200
data_price_hour_abs_00_amount: 11.85200
data_price_hour_rel_-13_amount: 11.04800
data_price_hour_abs_01_amount: 11.04800
data_price_hour_rel_-12_amount: 10.81500
data_price_hour_abs_02_amount: 10.81500
data_price_hour_rel_-11_amount: 10.67600
data_price_hour_abs_03_amount: 10.67600
data_price_hour_rel_-10_amount: 10.91000
data_price_hour_abs_04_amount: 10.91000
data_price_hour_rel_-09_amount: 10.44500
data_price_hour_abs_05_amount: 10.44500
data_price_hour_rel_-08_amount: 10.07100
data_price_hour_abs_06_amount: 10.07100
data_price_hour_rel_-07_amount: 9.07400
data_price_hour_abs_07_amount: 9.07400
data_price_hour_rel_-06_amount: 7.59300
data_price_hour_abs_08_amount: 7.59300
data_price_hour_rel_-05_amount: 2.34000
data_price_hour_abs_09_amount: 2.34000
data_price_hour_rel_-04_amount: 0.01900
data_price_hour_abs_10_amount: 0.01900
data_price_hour_rel_-03_amount: -0.20100
data_price_hour_abs_11_amount: -0.20100
data_price_hour_rel_-02_amount: -1.39600
data_price_hour_abs_12_amount: -1.39600
data_price_hour_rel_-01_amount: -2.99800
data_price_hour_abs_13_amount: -2.99800
data_price_hour_rel_+00_amount: -2.63100
data_price_hour_abs_14_amount: -2.63100
data_price_hour_rel_+01_amount: -0.44200
data_price_hour_abs_15_amount: -0.44200
data_price_hour_rel_+02_amount: 0.00900
data_price_hour_abs_16_amount: 0.00900
data_price_hour_rel_+03_amount: 5.99900
data_price_hour_abs_17_amount: 5.99900
data_price_hour_rel_+04_amount: 10.09500
data_price_hour_abs_18_amount: 10.09500
data_price_hour_rel_+05_amount: 12.79000
data_price_hour_abs_19_amount: 12.79000
data_price_hour_rel_+06_amount: 15.67400
data_price_hour_abs_20_amount: 15.67400
data_price_hour_rel_+07_amount: 16.53000
data_price_hour_abs_21_amount: 16.53000
data_price_hour_rel_+08_amount: 14.07800
data_price_hour_abs_22_amount: 14.07800
data_price_hour_rel_+09_amount: 11.92000
data_price_hour_abs_23_amount: 11.92000