date_now: 2025-11-21 13:34:07
date_now_epoch: 1763728447615
date_now_day: 21
date_now_month: 11
date_now_year: 2025
date_start: 2025-11-21 00:00:00
date_end: 2025-11-21 23:59:59
price_low: 9.01900
price_high: 25.18700
price_median: 13.66500
price_average: 14.64833
price_current: 13.55800
price_unit: Cent/kWh
price_threshold_00: 9.01900
price_threshold_01: 9.02800
price_threshold_02: 9.36300
price_threshold_03: 9.41400
price_threshold_04: 9.50300
price_threshold_05: 10.15500
price_threshold_06: 10.18700
price_threshold_07: 10.49000
price_threshold_08: 11.73100
price_threshold_09: 13.03400
price_threshold_10: 13.35300
price_threshold_11: 13.55800
price_threshold_12: 13.77200
price_threshold_13: 14.19500
price_threshold_14: 15.10200
price_threshold_15: 15.37500
price_threshold_16: 17.13700
price_threshold_17: 18.04200
price_threshold_18: 18.18300
price_threshold_19: 19.68400
price_threshold_20: 20.50900
price_threshold_21: 20.53800
price_threshold_22: 25.00100
price_threshold_23: 25.18700
data_price_hour_rel_-13_amount: 10.15500
data_price_hour_abs_00_amount: 10.15500
data_price_hour_rel_-12_amount: 9.41400
data_price_hour_abs_01_amount: 9.41400
data_price_hour_rel_-11_amount: 9.02800
data_price_hour_abs_02_amount: 9.02800
data_price_hour_rel_-10_amount: 9.01900
data_price_hour_abs_03_amount: 9.01900
data_price_hour_rel_-09_amount: 9.36300
data_price_hour_abs_04_amount: 9.36300
data_price_hour_rel_-08_amount: 10.18700
data_price_hour_abs_05_amount: 10.18700
data_price_hour_rel_-07_amount: 13.35300
data_price_hour_abs_06_amount: 13.35300
data_price_hour_rel_-06_amount: 18.04200
data_price_hour_abs_07_amount: 18.04200
data_price_hour_rel_-05_amount: 20.53800
data_price_hour_abs_08_amount: 20.53800
data_price_hour_rel_-04_amount: 18.18300
data_price_hour_abs_09_amount: 18.18300
data_price_hour_rel_-03_amount: 15.10200
data_price_hour_abs_10_amount: 15.10200
data_price_hour_rel_-02_amount: 13.77200
data_price_hour_abs_11_amount: 13.77200
data_price_hour_rel_-01_amount: 13.03400
data_price_hour_abs_12_amount: 13.03400
data_price_hour_rel_+00_amount: 13.55800
data_price_hour_abs_13_amount: 13.55800
data_price_hour_rel_+01_amount: 15.37500
data_price_hour_abs_14_amount: 15.37500
data_price_hour_rel_+02_amount: 19.68400
data_price_hour_abs_15_amount: 19.68400
data_price_hour_rel_+03_amount: 25.18700
data_price_hour_abs_16_amount: 25.18700
data_price_hour_rel_+04_amount: 25.00100
data_price_hour_abs_17_amount: 25.00100
data_price_hour_rel_+05_amount: 20.50900
data_price_hour_abs_18_amount: 20.50900
data_price_hour_rel_+06_amount: 17.13700
data_price_hour_abs_19_amount: 17.13700
data_price_hour_rel_+07_amount: 14.19500
data_price_hour_abs_20_amount: 14.19500
data_price_hour_rel_+08_amount: 11.73100
data_price_hour_abs_21_amount: 11.73100
data_price_hour_rel_+09_amount: 10.49000
data_price_hour_abs_22_amount: 10.49000
data_price_hour_rel_+10_amount: 9.50300
data_price_hour_abs_23_amount: 9.50300