date_now: 2025-07-08 14:35:48
date_now_epoch: 1751978148114
date_now_day: 8
date_now_month: 7
date_now_year: 2025
date_start: 2025-07-08 00:00:00
date_end: 2025-07-08 23:59:59
price_low: 5.30400
price_high: 12.33400
price_median: 8.86350
price_average: 9.00125
price_current: 5.30400
price_unit: Cent/kWh
price_threshold_00: 5.30400
price_threshold_01: 5.46500
price_threshold_02: 5.47200
price_threshold_03: 6.01500
price_threshold_04: 6.52000
price_threshold_05: 7.84400
price_threshold_06: 7.99800
price_threshold_07: 8.17800
price_threshold_08: 8.39200
price_threshold_09: 8.47800
price_threshold_10: 8.53700
price_threshold_11: 8.61300
price_threshold_12: 9.11400
price_threshold_13: 9.29000
price_threshold_14: 9.40600
price_threshold_15: 10.09500
price_threshold_16: 10.21000
price_threshold_17: 10.38300
price_threshold_18: 10.79900
price_threshold_19: 11.66500
price_threshold_20: 11.77600
price_threshold_21: 11.86500
price_threshold_22: 12.27700
price_threshold_23: 12.33400
data_price_hour_rel_-14_amount: 10.38300
data_price_hour_abs_00_amount: 10.38300
data_price_hour_rel_-13_amount: 9.29000
data_price_hour_abs_01_amount: 9.29000
data_price_hour_rel_-12_amount: 8.61300
data_price_hour_abs_02_amount: 8.61300
data_price_hour_rel_-11_amount: 8.47800
data_price_hour_abs_03_amount: 8.47800
data_price_hour_rel_-10_amount: 8.53700
data_price_hour_abs_04_amount: 8.53700
data_price_hour_rel_-09_amount: 9.11400
data_price_hour_abs_05_amount: 9.11400
data_price_hour_rel_-08_amount: 10.79900
data_price_hour_abs_06_amount: 10.79900
data_price_hour_rel_-07_amount: 11.86500
data_price_hour_abs_07_amount: 11.86500
data_price_hour_rel_-06_amount: 11.77600
data_price_hour_abs_08_amount: 11.77600
data_price_hour_rel_-05_amount: 9.40600
data_price_hour_abs_09_amount: 9.40600
data_price_hour_rel_-04_amount: 8.17800
data_price_hour_abs_10_amount: 8.17800
data_price_hour_rel_-03_amount: 7.84400
data_price_hour_abs_11_amount: 7.84400
data_price_hour_rel_-02_amount: 6.01500
data_price_hour_abs_12_amount: 6.01500
data_price_hour_rel_-01_amount: 5.47200
data_price_hour_abs_13_amount: 5.47200
data_price_hour_rel_+00_amount: 5.30400
data_price_hour_abs_14_amount: 5.30400
data_price_hour_rel_+01_amount: 5.46500
data_price_hour_abs_15_amount: 5.46500
data_price_hour_rel_+02_amount: 6.52000
data_price_hour_abs_16_amount: 6.52000
data_price_hour_rel_+03_amount: 7.99800
data_price_hour_abs_17_amount: 7.99800
data_price_hour_rel_+04_amount: 8.39200
data_price_hour_abs_18_amount: 8.39200
data_price_hour_rel_+05_amount: 10.21000
data_price_hour_abs_19_amount: 10.21000
data_price_hour_rel_+06_amount: 12.27700
data_price_hour_abs_20_amount: 12.27700
data_price_hour_rel_+07_amount: 12.33400
data_price_hour_abs_21_amount: 12.33400
data_price_hour_rel_+08_amount: 11.66500
data_price_hour_abs_22_amount: 11.66500
data_price_hour_rel_+09_amount: 10.09500
data_price_hour_abs_23_amount: 10.09500