date_now: 2025-03-17 13:31:33
date_now_epoch: 1742214693996
date_now_day: 17
date_now_month: 3
date_now_year: 2025
date_start: 2025-03-17 00:00:00
date_end: 2025-03-17 23:59:59
price_low: 2.79500
price_high: 17.73300
price_median: 9.60250
price_average: 9.91108
price_current: 2.79500
price_unit: Cent/kWh
price_threshold_00: 2.79500
price_threshold_01: 3.11700
price_threshold_02: 5.01400
price_threshold_03: 5.05600
price_threshold_04: 6.82100
price_threshold_05: 7.00100
price_threshold_06: 7.81000
price_threshold_07: 7.87900
price_threshold_08: 7.90100
price_threshold_09: 8.09100
price_threshold_10: 8.58500
price_threshold_11: 9.35000
price_threshold_12: 9.85500
price_threshold_13: 10.07300
price_threshold_14: 10.33000
price_threshold_15: 10.78600
price_threshold_16: 11.88500
price_threshold_17: 13.51800
price_threshold_18: 13.52400
price_threshold_19: 14.15000
price_threshold_20: 14.30500
price_threshold_21: 15.28700
price_threshold_22: 17.00000
price_threshold_23: 17.73300
data_price_hour_rel_-13_amount: 7.81000
data_price_hour_abs_00_amount: 7.81000
data_price_hour_rel_-12_amount: 7.90100
data_price_hour_abs_01_amount: 7.90100
data_price_hour_rel_-11_amount: 7.87900
data_price_hour_abs_02_amount: 7.87900
data_price_hour_rel_-10_amount: 8.09100
data_price_hour_abs_03_amount: 8.09100
data_price_hour_rel_-09_amount: 8.58500
data_price_hour_abs_04_amount: 8.58500
data_price_hour_rel_-08_amount: 10.33000
data_price_hour_abs_05_amount: 10.33000
data_price_hour_rel_-07_amount: 13.51800
data_price_hour_abs_06_amount: 13.51800
data_price_hour_rel_-06_amount: 15.28700
data_price_hour_abs_07_amount: 15.28700
data_price_hour_rel_-05_amount: 13.52400
data_price_hour_abs_08_amount: 13.52400
data_price_hour_rel_-04_amount: 10.07300
data_price_hour_abs_09_amount: 10.07300
data_price_hour_rel_-03_amount: 6.82100
data_price_hour_abs_10_amount: 6.82100
data_price_hour_rel_-02_amount: 5.05600
data_price_hour_abs_11_amount: 5.05600
data_price_hour_rel_-01_amount: 3.11700
data_price_hour_abs_12_amount: 3.11700
data_price_hour_rel_+00_amount: 2.79500
data_price_hour_abs_13_amount: 2.79500
data_price_hour_rel_+01_amount: 5.01400
data_price_hour_abs_14_amount: 5.01400
data_price_hour_rel_+02_amount: 7.00100
data_price_hour_abs_15_amount: 7.00100
data_price_hour_rel_+03_amount: 9.85500
data_price_hour_abs_16_amount: 9.85500
data_price_hour_rel_+04_amount: 14.30500
data_price_hour_abs_17_amount: 14.30500
data_price_hour_rel_+05_amount: 17.73300
data_price_hour_abs_18_amount: 17.73300
data_price_hour_rel_+06_amount: 17.00000
data_price_hour_abs_19_amount: 17.00000
data_price_hour_rel_+07_amount: 14.15000
data_price_hour_abs_20_amount: 14.15000
data_price_hour_rel_+08_amount: 11.88500
data_price_hour_abs_21_amount: 11.88500
data_price_hour_rel_+09_amount: 10.78600
data_price_hour_abs_22_amount: 10.78600
data_price_hour_rel_+10_amount: 9.35000
data_price_hour_abs_23_amount: 9.35000