date_now: 2025-02-28 13:29:03
date_now_epoch: 1740745743460
date_now_day: 28
date_now_month: 2
date_now_year: 2025
date_start: 2025-02-28 00:00:00
date_end: 2025-02-28 23:59:59
price_low: 10.69300
price_high: 16.18200
price_median: 12.65000
price_average: 12.87729
price_current: 10.85700
price_unit: Cent/kWh
price_threshold_00: 10.69300
price_threshold_01: 10.85700
price_threshold_02: 10.93800
price_threshold_03: 10.95100
price_threshold_04: 11.05400
price_threshold_05: 11.15800
price_threshold_06: 11.20300
price_threshold_07: 11.26300
price_threshold_08: 11.54700
price_threshold_09: 11.59700
price_threshold_10: 11.90300
price_threshold_11: 12.55700
price_threshold_12: 12.74300
price_threshold_13: 12.77000
price_threshold_14: 13.29400
price_threshold_15: 13.50500
price_threshold_16: 13.59900
price_threshold_17: 14.39600
price_threshold_18: 14.55000
price_threshold_19: 15.00000
price_threshold_20: 15.28500
price_threshold_21: 15.88600
price_threshold_22: 16.12400
price_threshold_23: 16.18200
data_price_hour_rel_-13_amount: 11.54700
data_price_hour_abs_00_amount: 11.54700
data_price_hour_rel_-12_amount: 11.05400
data_price_hour_abs_01_amount: 11.05400
data_price_hour_rel_-11_amount: 10.93800
data_price_hour_abs_02_amount: 10.93800
data_price_hour_rel_-10_amount: 10.69300
data_price_hour_abs_03_amount: 10.69300
data_price_hour_rel_-09_amount: 11.20300
data_price_hour_abs_04_amount: 11.20300
data_price_hour_rel_-08_amount: 11.26300
data_price_hour_abs_05_amount: 11.26300
data_price_hour_rel_-07_amount: 13.59900
data_price_hour_abs_06_amount: 13.59900
data_price_hour_rel_-06_amount: 15.00000
data_price_hour_abs_07_amount: 15.00000
data_price_hour_rel_-05_amount: 16.18200
data_price_hour_abs_08_amount: 16.18200
data_price_hour_rel_-04_amount: 14.55000
data_price_hour_abs_09_amount: 14.55000
data_price_hour_rel_-03_amount: 12.77000
data_price_hour_abs_10_amount: 12.77000
data_price_hour_rel_-02_amount: 11.59700
data_price_hour_abs_11_amount: 11.59700
data_price_hour_rel_-01_amount: 10.95100
data_price_hour_abs_12_amount: 10.95100
data_price_hour_rel_+00_amount: 10.85700
data_price_hour_abs_13_amount: 10.85700
data_price_hour_rel_+01_amount: 11.15800
data_price_hour_abs_14_amount: 11.15800
data_price_hour_rel_+02_amount: 12.55700
data_price_hour_abs_15_amount: 12.55700
data_price_hour_rel_+03_amount: 13.50500
data_price_hour_abs_16_amount: 13.50500
data_price_hour_rel_+04_amount: 15.28500
data_price_hour_abs_17_amount: 15.28500
data_price_hour_rel_+05_amount: 16.12400
data_price_hour_abs_18_amount: 16.12400
data_price_hour_rel_+06_amount: 15.88600
data_price_hour_abs_19_amount: 15.88600
data_price_hour_rel_+07_amount: 14.39600
data_price_hour_abs_20_amount: 14.39600
data_price_hour_rel_+08_amount: 13.29400
data_price_hour_abs_21_amount: 13.29400
data_price_hour_rel_+09_amount: 12.74300
data_price_hour_abs_22_amount: 12.74300
data_price_hour_rel_+10_amount: 11.90300
data_price_hour_abs_23_amount: 11.90300