date_now: 2025-03-06 13:30:05
date_now_epoch: 1741264205141
date_now_day: 6
date_now_month: 3
date_now_year: 2025
date_start: 2025-03-06 00:00:00
date_end: 2025-03-06 23:59:59
price_low: 0.00200
price_high: 16.53600
price_median: 9.28350
price_average: 8.98192
price_current: 0.00200
price_unit: Cent/kWh
price_threshold_00: 0.00200
price_threshold_01: 0.00800
price_threshold_02: 0.40200
price_threshold_03: 1.31600
price_threshold_04: 5.04700
price_threshold_05: 7.10000
price_threshold_06: 7.87000
price_threshold_07: 8.39000
price_threshold_08: 8.48400
price_threshold_09: 8.70000
price_threshold_10: 8.81200
price_threshold_11: 9.11100
price_threshold_12: 9.45600
price_threshold_13: 9.59100
price_threshold_14: 10.14700
price_threshold_15: 10.66300
price_threshold_16: 10.85000
price_threshold_17: 11.65200
price_threshold_18: 12.56400
price_threshold_19: 13.92800
price_threshold_20: 14.89500
price_threshold_21: 14.91000
price_threshold_22: 15.13200
price_threshold_23: 16.53600
data_price_hour_rel_-13_amount: 8.39000
data_price_hour_abs_00_amount: 8.39000
data_price_hour_rel_-12_amount: 8.48400
data_price_hour_abs_01_amount: 8.48400
data_price_hour_rel_-11_amount: 8.70000
data_price_hour_abs_02_amount: 8.70000
data_price_hour_rel_-10_amount: 8.81200
data_price_hour_abs_03_amount: 8.81200
data_price_hour_rel_-09_amount: 9.45600
data_price_hour_abs_04_amount: 9.45600
data_price_hour_rel_-08_amount: 9.59100
data_price_hour_abs_05_amount: 9.59100
data_price_hour_rel_-07_amount: 13.92800
data_price_hour_abs_06_amount: 13.92800
data_price_hour_rel_-06_amount: 15.13200
data_price_hour_abs_07_amount: 15.13200
data_price_hour_rel_-05_amount: 10.85000
data_price_hour_abs_08_amount: 10.85000
data_price_hour_rel_-04_amount: 7.87000
data_price_hour_abs_09_amount: 7.87000
data_price_hour_rel_-03_amount: 5.04700
data_price_hour_abs_10_amount: 5.04700
data_price_hour_rel_-02_amount: 0.40200
data_price_hour_abs_11_amount: 0.40200
data_price_hour_rel_-01_amount: 0.00800
data_price_hour_abs_12_amount: 0.00800
data_price_hour_rel_+00_amount: 0.00200
data_price_hour_abs_13_amount: 0.00200
data_price_hour_rel_+01_amount: 1.31600
data_price_hour_abs_14_amount: 1.31600
data_price_hour_rel_+02_amount: 7.10000
data_price_hour_abs_15_amount: 7.10000
data_price_hour_rel_+03_amount: 11.65200
data_price_hour_abs_16_amount: 11.65200
data_price_hour_rel_+04_amount: 14.89500
data_price_hour_abs_17_amount: 14.89500
data_price_hour_rel_+05_amount: 16.53600
data_price_hour_abs_18_amount: 16.53600
data_price_hour_rel_+06_amount: 14.91000
data_price_hour_abs_19_amount: 14.91000
data_price_hour_rel_+07_amount: 12.56400
data_price_hour_abs_20_amount: 12.56400
data_price_hour_rel_+08_amount: 10.66300
data_price_hour_abs_21_amount: 10.66300
data_price_hour_rel_+09_amount: 10.14700
data_price_hour_abs_22_amount: 10.14700
data_price_hour_rel_+10_amount: 9.11100
data_price_hour_abs_23_amount: 9.11100