date_now: 2025-11-19 13:36:19
date_now_epoch: 1763555779936
date_now_day: 19
date_now_month: 11
date_now_year: 2025
date_start: 2025-11-19 00:00:00
date_end: 2025-11-19 23:59:59
price_low: 8.31900
price_high: 13.66700
price_median: 9.91000
price_average: 10.25354
price_current: 9.36000
price_unit: Cent/kWh
price_threshold_00: 8.31900
price_threshold_01: 8.41700
price_threshold_02: 8.43900
price_threshold_03: 8.62300
price_threshold_04: 8.70000
price_threshold_05: 8.73800
price_threshold_06: 8.95900
price_threshold_07: 9.16200
price_threshold_08: 9.18900
price_threshold_09: 9.36000
price_threshold_10: 9.75200
price_threshold_11: 9.90300
price_threshold_12: 9.91700
price_threshold_13: 10.02300
price_threshold_14: 10.46200
price_threshold_15: 10.56900
price_threshold_16: 11.30500
price_threshold_17: 11.51600
price_threshold_18: 11.78100
price_threshold_19: 11.90500
price_threshold_20: 11.91900
price_threshold_21: 12.70300
price_threshold_22: 12.75700
price_threshold_23: 13.66700
data_price_hour_rel_-13_amount: 8.73800
data_price_hour_abs_00_amount: 8.73800
data_price_hour_rel_-12_amount: 8.62300
data_price_hour_abs_01_amount: 8.62300
data_price_hour_rel_-11_amount: 8.41700
data_price_hour_abs_02_amount: 8.41700
data_price_hour_rel_-10_amount: 8.31900
data_price_hour_abs_03_amount: 8.31900
data_price_hour_rel_-09_amount: 8.43900
data_price_hour_abs_04_amount: 8.43900
data_price_hour_rel_-08_amount: 8.70000
data_price_hour_abs_05_amount: 8.70000
data_price_hour_rel_-07_amount: 9.90300
data_price_hour_abs_06_amount: 9.90300
data_price_hour_rel_-06_amount: 12.70300
data_price_hour_abs_07_amount: 12.70300
data_price_hour_rel_-05_amount: 13.66700
data_price_hour_abs_08_amount: 13.66700
data_price_hour_rel_-04_amount: 11.51600
data_price_hour_abs_09_amount: 11.51600
data_price_hour_rel_-03_amount: 9.75200
data_price_hour_abs_10_amount: 9.75200
data_price_hour_rel_-02_amount: 9.16200
data_price_hour_abs_11_amount: 9.16200
data_price_hour_rel_-01_amount: 8.95900
data_price_hour_abs_12_amount: 8.95900
data_price_hour_rel_+00_amount: 9.36000
data_price_hour_abs_13_amount: 9.36000
data_price_hour_rel_+01_amount: 10.46200
data_price_hour_abs_14_amount: 10.46200
data_price_hour_rel_+02_amount: 11.30500
data_price_hour_abs_15_amount: 11.30500
data_price_hour_rel_+03_amount: 11.78100
data_price_hour_abs_16_amount: 11.78100
data_price_hour_rel_+04_amount: 12.75700
data_price_hour_abs_17_amount: 12.75700
data_price_hour_rel_+05_amount: 11.91900
data_price_hour_abs_18_amount: 11.91900
data_price_hour_rel_+06_amount: 11.90500
data_price_hour_abs_19_amount: 11.90500
data_price_hour_rel_+07_amount: 10.56900
data_price_hour_abs_20_amount: 10.56900
data_price_hour_rel_+08_amount: 10.02300
data_price_hour_abs_21_amount: 10.02300
data_price_hour_rel_+09_amount: 9.91700
data_price_hour_abs_22_amount: 9.91700
data_price_hour_rel_+10_amount: 9.18900
data_price_hour_abs_23_amount: 9.18900