date_now: 2025-08-16 14:31:59
date_now_epoch: 1755347519657
date_now_day: 16
date_now_month: 8
date_now_year: 2025
date_start: 2025-08-16 00:00:00
date_end: 2025-08-16 23:59:59
price_low: -0.00100
price_high: 10.26200
price_median: 8.47000
price_average: 6.09329
price_current: -0.00100
price_unit: Cent/kWh
price_threshold_00: -0.00100
price_threshold_01: -0.00100
price_threshold_02: -0.00100
price_threshold_03: 0.01700
price_threshold_04: 0.07100
price_threshold_05: 0.38000
price_threshold_06: 1.62100
price_threshold_07: 2.51200
price_threshold_08: 6.79400
price_threshold_09: 6.99200
price_threshold_10: 8.09900
price_threshold_11: 8.40500
price_threshold_12: 8.53500
price_threshold_13: 8.70900
price_threshold_14: 8.97800
price_threshold_15: 9.00000
price_threshold_16: 9.00200
price_threshold_17: 9.09200
price_threshold_18: 9.10100
price_threshold_19: 9.50000
price_threshold_20: 9.50000
price_threshold_21: 9.61100
price_threshold_22: 10.06100
price_threshold_23: 10.26200
data_price_hour_rel_-14_amount: 9.61100
data_price_hour_abs_00_amount: 9.61100
data_price_hour_rel_-13_amount: 9.09200
data_price_hour_abs_01_amount: 9.09200
data_price_hour_rel_-12_amount: 8.97800
data_price_hour_abs_02_amount: 8.97800
data_price_hour_rel_-11_amount: 8.53500
data_price_hour_abs_03_amount: 8.53500
data_price_hour_rel_-10_amount: 8.40500
data_price_hour_abs_04_amount: 8.40500
data_price_hour_rel_-09_amount: 8.70900
data_price_hour_abs_05_amount: 8.70900
data_price_hour_rel_-08_amount: 9.10100
data_price_hour_abs_06_amount: 9.10100
data_price_hour_rel_-07_amount: 9.00200
data_price_hour_abs_07_amount: 9.00200
data_price_hour_rel_-06_amount: 8.09900
data_price_hour_abs_08_amount: 8.09900
data_price_hour_rel_-05_amount: 6.79400
data_price_hour_abs_09_amount: 6.79400
data_price_hour_rel_-04_amount: 2.51200
data_price_hour_abs_10_amount: 2.51200
data_price_hour_rel_-03_amount: 0.38000
data_price_hour_abs_11_amount: 0.38000
data_price_hour_rel_-02_amount: 0.01700
data_price_hour_abs_12_amount: 0.01700
data_price_hour_rel_-01_amount: -0.00100
data_price_hour_abs_13_amount: -0.00100
data_price_hour_rel_+00_amount: -0.00100
data_price_hour_abs_14_amount: -0.00100
data_price_hour_rel_+01_amount: -0.00100
data_price_hour_abs_15_amount: -0.00100
data_price_hour_rel_+02_amount: 0.07100
data_price_hour_abs_16_amount: 0.07100
data_price_hour_rel_+03_amount: 1.62100
data_price_hour_abs_17_amount: 1.62100
data_price_hour_rel_+04_amount: 6.99200
data_price_hour_abs_18_amount: 6.99200
data_price_hour_rel_+05_amount: 9.50000
data_price_hour_abs_19_amount: 9.50000
data_price_hour_rel_+06_amount: 10.26200
data_price_hour_abs_20_amount: 10.26200
data_price_hour_rel_+07_amount: 10.06100
data_price_hour_abs_21_amount: 10.06100
data_price_hour_rel_+08_amount: 9.50000
data_price_hour_abs_22_amount: 9.50000
data_price_hour_rel_+09_amount: 9.00000
data_price_hour_abs_23_amount: 9.00000