date_now: 2025-12-25 13:36:19
date_now_epoch: 1766666179996
date_now_day: 25
date_now_month: 12
date_now_year: 2025
date_start: 2025-12-25 00:00:00
date_end: 2025-12-25 23:59:59
price_low: 4.78700
price_high: 9.61500
price_median: 6.37150
price_average: 6.97538
price_current: 4.78700
price_unit: Cent/kWh
price_threshold_00: 4.78700
price_threshold_01: 4.84900
price_threshold_02: 4.89800
price_threshold_03: 4.91700
price_threshold_04: 5.26100
price_threshold_05: 5.37700
price_threshold_06: 5.40300
price_threshold_07: 5.45300
price_threshold_08: 5.58500
price_threshold_09: 5.68600
price_threshold_10: 5.84400
price_threshold_11: 6.32200
price_threshold_12: 6.42100
price_threshold_13: 6.47100
price_threshold_14: 6.85500
price_threshold_15: 8.94200
price_threshold_16: 9.10300
price_threshold_17: 9.14700
price_threshold_18: 9.17200
price_threshold_19: 9.22400
price_threshold_20: 9.27000
price_threshold_21: 9.40100
price_threshold_22: 9.40600
price_threshold_23: 9.61500
data_price_hour_rel_-13_amount: 6.32200
data_price_hour_abs_00_amount: 6.32200
data_price_hour_rel_-12_amount: 5.84400
data_price_hour_abs_01_amount: 5.84400
data_price_hour_rel_-11_amount: 5.68600
data_price_hour_abs_02_amount: 5.68600
data_price_hour_rel_-10_amount: 5.58500
data_price_hour_abs_03_amount: 5.58500
data_price_hour_rel_-09_amount: 5.45300
data_price_hour_abs_04_amount: 5.45300
data_price_hour_rel_-08_amount: 5.26100
data_price_hour_abs_05_amount: 5.26100
data_price_hour_rel_-07_amount: 4.91700
data_price_hour_abs_06_amount: 4.91700
data_price_hour_rel_-06_amount: 5.40300
data_price_hour_abs_07_amount: 5.40300
data_price_hour_rel_-05_amount: 6.42100
data_price_hour_abs_08_amount: 6.42100
data_price_hour_rel_-04_amount: 6.47100
data_price_hour_abs_09_amount: 6.47100
data_price_hour_rel_-03_amount: 5.37700
data_price_hour_abs_10_amount: 5.37700
data_price_hour_rel_-02_amount: 4.89800
data_price_hour_abs_11_amount: 4.89800
data_price_hour_rel_-01_amount: 4.84900
data_price_hour_abs_12_amount: 4.84900
data_price_hour_rel_+00_amount: 4.78700
data_price_hour_abs_13_amount: 4.78700
data_price_hour_rel_+01_amount: 6.85500
data_price_hour_abs_14_amount: 6.85500
data_price_hour_rel_+02_amount: 8.94200
data_price_hour_abs_15_amount: 8.94200
data_price_hour_rel_+03_amount: 9.22400
data_price_hour_abs_16_amount: 9.22400
data_price_hour_rel_+04_amount: 9.40100
data_price_hour_abs_17_amount: 9.40100
data_price_hour_rel_+05_amount: 9.40600
data_price_hour_abs_18_amount: 9.40600
data_price_hour_rel_+06_amount: 9.17200
data_price_hour_abs_19_amount: 9.17200
data_price_hour_rel_+07_amount: 9.10300
data_price_hour_abs_20_amount: 9.10300
data_price_hour_rel_+08_amount: 9.27000
data_price_hour_abs_21_amount: 9.27000
data_price_hour_rel_+09_amount: 9.61500
data_price_hour_abs_22_amount: 9.61500
data_price_hour_rel_+10_amount: 9.14700
data_price_hour_abs_23_amount: 9.14700