date_now: 2025-05-13 14:34:23
date_now_epoch: 1747139663112
date_now_day: 13
date_now_month: 5
date_now_year: 2025
date_start: 2025-05-13 00:00:00
date_end: 2025-05-13 23:59:59
price_low: -1.60000
price_high: 22.35800
price_median: 9.19050
price_average: 7.95042
price_current: -0.65500
price_unit: Cent/kWh
price_threshold_00: -1.60000
price_threshold_01: -0.65500
price_threshold_02: -0.60000
price_threshold_03: -0.38300
price_threshold_04: -0.07500
price_threshold_05: 0.05500
price_threshold_06: 1.60900
price_threshold_07: 7.40000
price_threshold_08: 7.93600
price_threshold_09: 8.85500
price_threshold_10: 8.92000
price_threshold_11: 8.98700
price_threshold_12: 9.39400
price_threshold_13: 9.67100
price_threshold_14: 10.04200
price_threshold_15: 10.26300
price_threshold_16: 10.40000
price_threshold_17: 10.52300
price_threshold_18: 11.19700
price_threshold_19: 12.83300
price_threshold_20: 13.67700
price_threshold_21: 14.89600
price_threshold_22: 15.10700
price_threshold_23: 22.35800
data_price_hour_rel_-14_amount: 8.98700
data_price_hour_abs_00_amount: 8.98700
data_price_hour_rel_-13_amount: 8.85500
data_price_hour_abs_01_amount: 8.85500
data_price_hour_rel_-12_amount: 8.92000
data_price_hour_abs_02_amount: 8.92000
data_price_hour_rel_-11_amount: 9.39400
data_price_hour_abs_03_amount: 9.39400
data_price_hour_rel_-10_amount: 9.67100
data_price_hour_abs_04_amount: 9.67100
data_price_hour_rel_-09_amount: 10.40000
data_price_hour_abs_05_amount: 10.40000
data_price_hour_rel_-08_amount: 13.67700
data_price_hour_abs_06_amount: 13.67700
data_price_hour_rel_-07_amount: 12.83300
data_price_hour_abs_07_amount: 12.83300
data_price_hour_rel_-06_amount: 10.04200
data_price_hour_abs_08_amount: 10.04200
data_price_hour_rel_-05_amount: 7.93600
data_price_hour_abs_09_amount: 7.93600
data_price_hour_rel_-04_amount: 1.60900
data_price_hour_abs_10_amount: 1.60900
data_price_hour_rel_-03_amount: -0.07500
data_price_hour_abs_11_amount: -0.07500
data_price_hour_rel_-02_amount: -0.60000
data_price_hour_abs_12_amount: -0.60000
data_price_hour_rel_-01_amount: -1.60000
data_price_hour_abs_13_amount: -1.60000
data_price_hour_rel_+00_amount: -0.65500
data_price_hour_abs_14_amount: -0.65500
data_price_hour_rel_+01_amount: -0.38300
data_price_hour_abs_15_amount: -0.38300
data_price_hour_rel_+02_amount: 0.05500
data_price_hour_abs_16_amount: 0.05500
data_price_hour_rel_+03_amount: 7.40000
data_price_hour_abs_17_amount: 7.40000
data_price_hour_rel_+04_amount: 10.52300
data_price_hour_abs_18_amount: 10.52300
data_price_hour_rel_+05_amount: 15.10700
data_price_hour_abs_19_amount: 15.10700
data_price_hour_rel_+06_amount: 22.35800
data_price_hour_abs_20_amount: 22.35800
data_price_hour_rel_+07_amount: 14.89600
data_price_hour_abs_21_amount: 14.89600
data_price_hour_rel_+08_amount: 11.19700
data_price_hour_abs_22_amount: 11.19700
data_price_hour_rel_+09_amount: 10.26300
data_price_hour_abs_23_amount: 10.26300