date_now: 2025-12-05 13:36:42
date_now_epoch: 1764938202160
date_now_day: 5
date_now_month: 12
date_now_year: 2025
date_start: 2025-12-05 00:00:00
date_end: 2025-12-05 23:59:59
price_low: 8.41200
price_high: 18.44300
price_median: 13.93950
price_average: 13.32875
price_current: 15.74500
price_unit: Cent/kWh
price_threshold_00: 8.41200
price_threshold_01: 9.05700
price_threshold_02: 9.09200
price_threshold_03: 9.30800
price_threshold_04: 9.38600
price_threshold_05: 9.40300
price_threshold_06: 9.57400
price_threshold_07: 9.75600
price_threshold_08: 10.08700
price_threshold_09: 11.51500
price_threshold_10: 12.39900
price_threshold_11: 13.15400
price_threshold_12: 14.72500
price_threshold_13: 15.74500
price_threshold_14: 15.83100
price_threshold_15: 16.11800
price_threshold_16: 16.15600
price_threshold_17: 16.23500
price_threshold_18: 16.24200
price_threshold_19: 16.75200
price_threshold_20: 16.95000
price_threshold_21: 17.13500
price_threshold_22: 18.41500
price_threshold_23: 18.44300
data_price_hour_rel_-13_amount: 9.57400
data_price_hour_abs_00_amount: 9.57400
data_price_hour_rel_-12_amount: 9.38600
data_price_hour_abs_01_amount: 9.38600
data_price_hour_rel_-11_amount: 9.09200
data_price_hour_abs_02_amount: 9.09200
data_price_hour_rel_-10_amount: 9.05700
data_price_hour_abs_03_amount: 9.05700
data_price_hour_rel_-09_amount: 9.40300
data_price_hour_abs_04_amount: 9.40300
data_price_hour_rel_-08_amount: 10.08700
data_price_hour_abs_05_amount: 10.08700
data_price_hour_rel_-07_amount: 12.39900
data_price_hour_abs_06_amount: 12.39900
data_price_hour_rel_-06_amount: 16.24200
data_price_hour_abs_07_amount: 16.24200
data_price_hour_rel_-05_amount: 18.44300
data_price_hour_abs_08_amount: 18.44300
data_price_hour_rel_-04_amount: 18.41500
data_price_hour_abs_09_amount: 18.41500
data_price_hour_rel_-03_amount: 17.13500
data_price_hour_abs_10_amount: 17.13500
data_price_hour_rel_-02_amount: 16.75200
data_price_hour_abs_11_amount: 16.75200
data_price_hour_rel_-01_amount: 16.15600
data_price_hour_abs_12_amount: 16.15600
data_price_hour_rel_+00_amount: 15.74500
data_price_hour_abs_13_amount: 15.74500
data_price_hour_rel_+01_amount: 16.11800
data_price_hour_abs_14_amount: 16.11800
data_price_hour_rel_+02_amount: 16.23500
data_price_hour_abs_15_amount: 16.23500
data_price_hour_rel_+03_amount: 16.95000
data_price_hour_abs_16_amount: 16.95000
data_price_hour_rel_+04_amount: 15.83100
data_price_hour_abs_17_amount: 15.83100
data_price_hour_rel_+05_amount: 14.72500
data_price_hour_abs_18_amount: 14.72500
data_price_hour_rel_+06_amount: 13.15400
data_price_hour_abs_19_amount: 13.15400
data_price_hour_rel_+07_amount: 11.51500
data_price_hour_abs_20_amount: 11.51500
data_price_hour_rel_+08_amount: 9.75600
data_price_hour_abs_21_amount: 9.75600
data_price_hour_rel_+09_amount: 9.30800
data_price_hour_abs_22_amount: 9.30800
data_price_hour_rel_+10_amount: 8.41200
data_price_hour_abs_23_amount: 8.41200