date_now: 2025-01-18 13:24:44
date_now_epoch: 1737203084545
date_now_day: 18
date_now_month: 1
date_now_year: 2025
date_start: 2025-01-18 00:00:00
date_end: 2025-01-18 23:59:59
price_low: 11.50100
price_high: 16.78500
price_median: 13.02850
price_average: 13.41492
price_current: 11.50100
price_unit: Cent/kWh
price_threshold_00: 11.50100
price_threshold_01: 11.64600
price_threshold_02: 11.88500
price_threshold_03: 11.88700
price_threshold_04: 11.93200
price_threshold_05: 11.97500
price_threshold_06: 11.97700
price_threshold_07: 12.09800
price_threshold_08: 12.10500
price_threshold_09: 12.15600
price_threshold_10: 12.52900
price_threshold_11: 12.93600
price_threshold_12: 13.12100
price_threshold_13: 13.33200
price_threshold_14: 13.33900
price_threshold_15: 13.64000
price_threshold_16: 14.34200
price_threshold_17: 14.41000
price_threshold_18: 14.56300
price_threshold_19: 14.97100
price_threshold_20: 15.61200
price_threshold_21: 16.45900
price_threshold_22: 16.75700
price_threshold_23: 16.78500
data_price_hour_rel_-13_amount: 12.52900
data_price_hour_abs_00_amount: 12.52900
data_price_hour_rel_-12_amount: 12.10500
data_price_hour_abs_01_amount: 12.10500
data_price_hour_rel_-11_amount: 12.09800
data_price_hour_abs_02_amount: 12.09800
data_price_hour_rel_-10_amount: 11.88500
data_price_hour_abs_03_amount: 11.88500
data_price_hour_rel_-09_amount: 11.64600
data_price_hour_abs_04_amount: 11.64600
data_price_hour_rel_-08_amount: 11.97700
data_price_hour_abs_05_amount: 11.97700
data_price_hour_rel_-07_amount: 11.97500
data_price_hour_abs_06_amount: 11.97500
data_price_hour_rel_-06_amount: 13.33900
data_price_hour_abs_07_amount: 13.33900
data_price_hour_rel_-05_amount: 14.56300
data_price_hour_abs_08_amount: 14.56300
data_price_hour_rel_-04_amount: 14.41000
data_price_hour_abs_09_amount: 14.41000
data_price_hour_rel_-03_amount: 13.12100
data_price_hour_abs_10_amount: 13.12100
data_price_hour_rel_-02_amount: 12.15600
data_price_hour_abs_11_amount: 12.15600
data_price_hour_rel_-01_amount: 11.88700
data_price_hour_abs_12_amount: 11.88700
data_price_hour_rel_+00_amount: 11.50100
data_price_hour_abs_13_amount: 11.50100
data_price_hour_rel_+01_amount: 11.93200
data_price_hour_abs_14_amount: 11.93200
data_price_hour_rel_+02_amount: 13.33200
data_price_hour_abs_15_amount: 13.33200
data_price_hour_rel_+03_amount: 14.97100
data_price_hour_abs_16_amount: 14.97100
data_price_hour_rel_+04_amount: 16.45900
data_price_hour_abs_17_amount: 16.45900
data_price_hour_rel_+05_amount: 16.75700
data_price_hour_abs_18_amount: 16.75700
data_price_hour_rel_+06_amount: 16.78500
data_price_hour_abs_19_amount: 16.78500
data_price_hour_rel_+07_amount: 15.61200
data_price_hour_abs_20_amount: 15.61200
data_price_hour_rel_+08_amount: 14.34200
data_price_hour_abs_21_amount: 14.34200
data_price_hour_rel_+09_amount: 13.64000
data_price_hour_abs_22_amount: 13.64000
data_price_hour_rel_+10_amount: 12.93600
data_price_hour_abs_23_amount: 12.93600