date_now: 2025-10-08 14:34:13
date_now_epoch: 1759926853479
date_now_day: 8
date_now_month: 10
date_now_year: 2025
date_start: 2025-10-08 00:00:00
date_end: 2025-10-08 23:59:59
price_low: 8.69800
price_high: 19.90000
price_median: 10.57800
price_average: 11.75750
price_current: 9.04400
price_unit: Cent/kWh
price_threshold_00: 8.69800
price_threshold_01: 8.75600
price_threshold_02: 8.84400
price_threshold_03: 8.93300
price_threshold_04: 8.96700
price_threshold_05: 9.04400
price_threshold_06: 9.08200
price_threshold_07: 9.34500
price_threshold_08: 9.74000
price_threshold_09: 9.78300
price_threshold_10: 9.94300
price_threshold_11: 10.33200
price_threshold_12: 10.82400
price_threshold_13: 11.47400
price_threshold_14: 11.71100
price_threshold_15: 11.74700
price_threshold_16: 11.84400
price_threshold_17: 13.51700
price_threshold_18: 14.17000
price_threshold_19: 14.94800
price_threshold_20: 15.55800
price_threshold_21: 16.63900
price_threshold_22: 18.38100
price_threshold_23: 19.90000
data_price_hour_rel_-14_amount: 9.34500
data_price_hour_abs_00_amount: 9.34500
data_price_hour_rel_-13_amount: 8.84400
data_price_hour_abs_01_amount: 8.84400
data_price_hour_rel_-12_amount: 8.75600
data_price_hour_abs_02_amount: 8.75600
data_price_hour_rel_-11_amount: 8.69800
data_price_hour_abs_03_amount: 8.69800
data_price_hour_rel_-10_amount: 8.96700
data_price_hour_abs_04_amount: 8.96700
data_price_hour_rel_-09_amount: 9.74000
data_price_hour_abs_05_amount: 9.74000
data_price_hour_rel_-08_amount: 11.71100
data_price_hour_abs_06_amount: 11.71100
data_price_hour_rel_-07_amount: 15.55800
data_price_hour_abs_07_amount: 15.55800
data_price_hour_rel_-06_amount: 16.63900
data_price_hour_abs_08_amount: 16.63900
data_price_hour_rel_-05_amount: 13.51700
data_price_hour_abs_09_amount: 13.51700
data_price_hour_rel_-04_amount: 11.84400
data_price_hour_abs_10_amount: 11.84400
data_price_hour_rel_-03_amount: 10.33200
data_price_hour_abs_11_amount: 10.33200
data_price_hour_rel_-02_amount: 9.08200
data_price_hour_abs_12_amount: 9.08200
data_price_hour_rel_-01_amount: 8.93300
data_price_hour_abs_13_amount: 8.93300
data_price_hour_rel_+00_amount: 9.04400
data_price_hour_abs_14_amount: 9.04400
data_price_hour_rel_+01_amount: 9.94300
data_price_hour_abs_15_amount: 9.94300
data_price_hour_rel_+02_amount: 11.74700
data_price_hour_abs_16_amount: 11.74700
data_price_hour_rel_+03_amount: 14.94800
data_price_hour_abs_17_amount: 14.94800
data_price_hour_rel_+04_amount: 18.38100
data_price_hour_abs_18_amount: 18.38100
data_price_hour_rel_+05_amount: 19.90000
data_price_hour_abs_19_amount: 19.90000
data_price_hour_rel_+06_amount: 14.17000
data_price_hour_abs_20_amount: 14.17000
data_price_hour_rel_+07_amount: 11.47400
data_price_hour_abs_21_amount: 11.47400
data_price_hour_rel_+08_amount: 10.82400
data_price_hour_abs_22_amount: 10.82400
data_price_hour_rel_+09_amount: 9.78300
data_price_hour_abs_23_amount: 9.78300