date_now: 2025-09-21 14:29:03
date_now_epoch: 1758457743378
date_now_day: 21
date_now_month: 9
date_now_year: 2025
date_start: 2025-09-21 00:00:00
date_end: 2025-09-21 23:59:59
price_low: -0.20200
price_high: 12.05700
price_median: 0.35800
price_average: 3.21771
price_current: -0.13100
price_unit: Cent/kWh
price_threshold_00: -0.20200
price_threshold_01: -0.13100
price_threshold_02: -0.12000
price_threshold_03: -0.00900
price_threshold_04: -0.00100
price_threshold_05: 0.00000
price_threshold_06: 0.13100
price_threshold_07: 0.16500
price_threshold_08: 0.20800
price_threshold_09: 0.30100
price_threshold_10: 0.32300
price_threshold_11: 0.34600
price_threshold_12: 0.37000
price_threshold_13: 0.44100
price_threshold_14: 0.52300
price_threshold_15: 0.80700
price_threshold_16: 0.94700
price_threshold_17: 8.51800
price_threshold_18: 9.16800
price_threshold_19: 9.63500
price_threshold_20: 10.46800
price_threshold_21: 11.39600
price_threshold_22: 11.88400
price_threshold_23: 12.05700
data_price_hour_rel_-14_amount: 0.80700
data_price_hour_abs_00_amount: 0.80700
data_price_hour_rel_-13_amount: 0.37000
data_price_hour_abs_01_amount: 0.37000
data_price_hour_rel_-12_amount: 0.34600
data_price_hour_abs_02_amount: 0.34600
data_price_hour_rel_-11_amount: 0.16500
data_price_hour_abs_03_amount: 0.16500
data_price_hour_rel_-10_amount: 0.20800
data_price_hour_abs_04_amount: 0.20800
data_price_hour_rel_-09_amount: 0.32300
data_price_hour_abs_05_amount: 0.32300
data_price_hour_rel_-08_amount: 0.44100
data_price_hour_abs_06_amount: 0.44100
data_price_hour_rel_-07_amount: 0.52300
data_price_hour_abs_07_amount: 0.52300
data_price_hour_rel_-06_amount: 0.30100
data_price_hour_abs_08_amount: 0.30100
data_price_hour_rel_-05_amount: 0.13100
data_price_hour_abs_09_amount: 0.13100
data_price_hour_rel_-04_amount: 0.00000
data_price_hour_abs_10_amount: 0.00000
data_price_hour_rel_-03_amount: -0.00900
data_price_hour_abs_11_amount: -0.00900
data_price_hour_rel_-02_amount: -0.12000
data_price_hour_abs_12_amount: -0.12000
data_price_hour_rel_-01_amount: -0.20200
data_price_hour_abs_13_amount: -0.20200
data_price_hour_rel_+00_amount: -0.13100
data_price_hour_abs_14_amount: -0.13100
data_price_hour_rel_+01_amount: -0.00100
data_price_hour_abs_15_amount: -0.00100
data_price_hour_rel_+02_amount: 0.94700
data_price_hour_abs_16_amount: 0.94700
data_price_hour_rel_+03_amount: 8.51800
data_price_hour_abs_17_amount: 8.51800
data_price_hour_rel_+04_amount: 11.39600
data_price_hour_abs_18_amount: 11.39600
data_price_hour_rel_+05_amount: 12.05700
data_price_hour_abs_19_amount: 12.05700
data_price_hour_rel_+06_amount: 11.88400
data_price_hour_abs_20_amount: 11.88400
data_price_hour_rel_+07_amount: 10.46800
data_price_hour_abs_21_amount: 10.46800
data_price_hour_rel_+08_amount: 9.63500
data_price_hour_abs_22_amount: 9.63500
data_price_hour_rel_+09_amount: 9.16800
data_price_hour_abs_23_amount: 9.16800