date_now: 2025-07-01 14:35:19
date_now_epoch: 1751373319925
date_now_day: 1
date_now_month: 7
date_now_year: 2025
date_start: 2025-07-01 00:00:00
date_end: 2025-07-01 23:59:59
price_low: 4.24700
price_high: 47.61900
price_median: 9.58950
price_average: 13.83646
price_current: 5.76500
price_unit: Cent/kWh
price_threshold_00: 4.24700
price_threshold_01: 4.45400
price_threshold_02: 5.76500
price_threshold_03: 6.95600
price_threshold_04: 7.81400
price_threshold_05: 8.43100
price_threshold_06: 8.80800
price_threshold_07: 8.91000
price_threshold_08: 9.00100
price_threshold_09: 9.08000
price_threshold_10: 9.11900
price_threshold_11: 9.52900
price_threshold_12: 9.65000
price_threshold_13: 10.20200
price_threshold_14: 11.12800
price_threshold_15: 11.47200
price_threshold_16: 11.49700
price_threshold_17: 12.01100
price_threshold_18: 14.76500
price_threshold_19: 15.20800
price_threshold_20: 25.00100
price_threshold_21: 30.72700
price_threshold_22: 40.68100
price_threshold_23: 47.61900
data_price_hour_rel_-14_amount: 11.12800
data_price_hour_abs_00_amount: 11.12800
data_price_hour_rel_-13_amount: 9.52900
data_price_hour_abs_01_amount: 9.52900
data_price_hour_rel_-12_amount: 8.91000
data_price_hour_abs_02_amount: 8.91000
data_price_hour_rel_-11_amount: 8.80800
data_price_hour_abs_03_amount: 8.80800
data_price_hour_rel_-10_amount: 9.00100
data_price_hour_abs_04_amount: 9.00100
data_price_hour_rel_-09_amount: 9.65000
data_price_hour_abs_05_amount: 9.65000
data_price_hour_rel_-08_amount: 11.49700
data_price_hour_abs_06_amount: 11.49700
data_price_hour_rel_-07_amount: 12.01100
data_price_hour_abs_07_amount: 12.01100
data_price_hour_rel_-06_amount: 11.47200
data_price_hour_abs_08_amount: 11.47200
data_price_hour_rel_-05_amount: 9.11900
data_price_hour_abs_09_amount: 9.11900
data_price_hour_rel_-04_amount: 8.43100
data_price_hour_abs_10_amount: 8.43100
data_price_hour_rel_-03_amount: 6.95600
data_price_hour_abs_11_amount: 6.95600
data_price_hour_rel_-02_amount: 4.45400
data_price_hour_abs_12_amount: 4.45400
data_price_hour_rel_-01_amount: 4.24700
data_price_hour_abs_13_amount: 4.24700
data_price_hour_rel_+00_amount: 5.76500
data_price_hour_abs_14_amount: 5.76500
data_price_hour_rel_+01_amount: 7.81400
data_price_hour_abs_15_amount: 7.81400
data_price_hour_rel_+02_amount: 9.08000
data_price_hour_abs_16_amount: 9.08000
data_price_hour_rel_+03_amount: 10.20200
data_price_hour_abs_17_amount: 10.20200
data_price_hour_rel_+04_amount: 15.20800
data_price_hour_abs_18_amount: 15.20800
data_price_hour_rel_+05_amount: 30.72700
data_price_hour_abs_19_amount: 30.72700
data_price_hour_rel_+06_amount: 47.61900
data_price_hour_abs_20_amount: 47.61900
data_price_hour_rel_+07_amount: 40.68100
data_price_hour_abs_21_amount: 40.68100
data_price_hour_rel_+08_amount: 25.00100
data_price_hour_abs_22_amount: 25.00100
data_price_hour_rel_+09_amount: 14.76500
data_price_hour_abs_23_amount: 14.76500