date_now: 2025-10-13 14:33:58
date_now_epoch: 1760358838430
date_now_day: 13
date_now_month: 10
date_now_year: 2025
date_start: 2025-10-13 00:00:00
date_end: 2025-10-13 23:59:59
price_low: 8.91200
price_high: 30.65800
price_median: 11.45900
price_average: 13.90512
price_current: 9.21000
price_unit: Cent/kWh
price_threshold_00: 8.91200
price_threshold_01: 8.98600
price_threshold_02: 9.02600
price_threshold_03: 9.08300
price_threshold_04: 9.21000
price_threshold_05: 9.34500
price_threshold_06: 9.34500
price_threshold_07: 9.51000
price_threshold_08: 9.81000
price_threshold_09: 10.18400
price_threshold_10: 11.00000
price_threshold_11: 11.12800
price_threshold_12: 11.79000
price_threshold_13: 12.19900
price_threshold_14: 12.51000
price_threshold_15: 13.14100
price_threshold_16: 13.71800
price_threshold_17: 15.01900
price_threshold_18: 18.06000
price_threshold_19: 18.69500
price_threshold_20: 19.95600
price_threshold_21: 21.86400
price_threshold_22: 30.57400
price_threshold_23: 30.65800
data_price_hour_rel_-14_amount: 9.34500
data_price_hour_abs_00_amount: 9.34500
data_price_hour_rel_-13_amount: 9.02600
data_price_hour_abs_01_amount: 9.02600
data_price_hour_rel_-12_amount: 9.08300
data_price_hour_abs_02_amount: 9.08300
data_price_hour_rel_-11_amount: 8.91200
data_price_hour_abs_03_amount: 8.91200
data_price_hour_rel_-10_amount: 9.34500
data_price_hour_abs_04_amount: 9.34500
data_price_hour_rel_-09_amount: 9.81000
data_price_hour_abs_05_amount: 9.81000
data_price_hour_rel_-08_amount: 13.14100
data_price_hour_abs_06_amount: 13.14100
data_price_hour_rel_-07_amount: 21.86400
data_price_hour_abs_07_amount: 21.86400
data_price_hour_rel_-06_amount: 19.95600
data_price_hour_abs_08_amount: 19.95600
data_price_hour_rel_-05_amount: 15.01900
data_price_hour_abs_09_amount: 15.01900
data_price_hour_rel_-04_amount: 12.51000
data_price_hour_abs_10_amount: 12.51000
data_price_hour_rel_-03_amount: 11.00000
data_price_hour_abs_11_amount: 11.00000
data_price_hour_rel_-02_amount: 9.51000
data_price_hour_abs_12_amount: 9.51000
data_price_hour_rel_-01_amount: 8.98600
data_price_hour_abs_13_amount: 8.98600
data_price_hour_rel_+00_amount: 9.21000
data_price_hour_abs_14_amount: 9.21000
data_price_hour_rel_+01_amount: 10.18400
data_price_hour_abs_15_amount: 10.18400
data_price_hour_rel_+02_amount: 11.79000
data_price_hour_abs_16_amount: 11.79000
data_price_hour_rel_+03_amount: 18.06000
data_price_hour_abs_17_amount: 18.06000
data_price_hour_rel_+04_amount: 30.57400
data_price_hour_abs_18_amount: 30.57400
data_price_hour_rel_+05_amount: 30.65800
data_price_hour_abs_19_amount: 30.65800
data_price_hour_rel_+06_amount: 18.69500
data_price_hour_abs_20_amount: 18.69500
data_price_hour_rel_+07_amount: 13.71800
data_price_hour_abs_21_amount: 13.71800
data_price_hour_rel_+08_amount: 12.19900
data_price_hour_abs_22_amount: 12.19900
data_price_hour_rel_+09_amount: 11.12800
data_price_hour_abs_23_amount: 11.12800