date_now: 2025-10-15 14:35:31
date_now_epoch: 1760531731246
date_now_day: 15
date_now_month: 10
date_now_year: 2025
date_start: 2025-10-15 00:00:00
date_end: 2025-10-15 23:59:59
price_low: 8.81700
price_high: 27.87400
price_median: 12.34900
price_average: 14.57254
price_current: 11.53900
price_unit: Cent/kWh
price_threshold_00: 8.81700
price_threshold_01: 9.82100
price_threshold_02: 10.36200
price_threshold_03: 10.64800
price_threshold_04: 10.76800
price_threshold_05: 11.18700
price_threshold_06: 11.28800
price_threshold_07: 11.44000
price_threshold_08: 11.53900
price_threshold_09: 11.54600
price_threshold_10: 11.94300
price_threshold_11: 12.26400
price_threshold_12: 12.43400
price_threshold_13: 12.61100
price_threshold_14: 13.56900
price_threshold_15: 14.23600
price_threshold_16: 15.19600
price_threshold_17: 15.28500
price_threshold_18: 17.00000
price_threshold_19: 18.10500
price_threshold_20: 22.00000
price_threshold_21: 22.18800
price_threshold_22: 27.62000
price_threshold_23: 27.87400
data_price_hour_rel_-14_amount: 11.54600
data_price_hour_abs_00_amount: 11.54600
data_price_hour_rel_-13_amount: 11.18700
data_price_hour_abs_01_amount: 11.18700
data_price_hour_rel_-12_amount: 10.76800
data_price_hour_abs_02_amount: 10.76800
data_price_hour_rel_-11_amount: 10.36200
data_price_hour_abs_03_amount: 10.36200
data_price_hour_rel_-10_amount: 10.64800
data_price_hour_abs_04_amount: 10.64800
data_price_hour_rel_-09_amount: 11.44000
data_price_hour_abs_05_amount: 11.44000
data_price_hour_rel_-08_amount: 15.19600
data_price_hour_abs_06_amount: 15.19600
data_price_hour_rel_-07_amount: 27.87400
data_price_hour_abs_07_amount: 27.87400
data_price_hour_rel_-06_amount: 27.62000
data_price_hour_abs_08_amount: 27.62000
data_price_hour_rel_-05_amount: 18.10500
data_price_hour_abs_09_amount: 18.10500
data_price_hour_rel_-04_amount: 14.23600
data_price_hour_abs_10_amount: 14.23600
data_price_hour_rel_-03_amount: 12.61100
data_price_hour_abs_11_amount: 12.61100
data_price_hour_rel_-02_amount: 11.94300
data_price_hour_abs_12_amount: 11.94300
data_price_hour_rel_-01_amount: 11.28800
data_price_hour_abs_13_amount: 11.28800
data_price_hour_rel_+00_amount: 11.53900
data_price_hour_abs_14_amount: 11.53900
data_price_hour_rel_+01_amount: 12.26400
data_price_hour_abs_15_amount: 12.26400
data_price_hour_rel_+02_amount: 13.56900
data_price_hour_abs_16_amount: 13.56900
data_price_hour_rel_+03_amount: 17.00000
data_price_hour_abs_17_amount: 17.00000
data_price_hour_rel_+04_amount: 22.18800
data_price_hour_abs_18_amount: 22.18800
data_price_hour_rel_+05_amount: 22.00000
data_price_hour_abs_19_amount: 22.00000
data_price_hour_rel_+06_amount: 15.28500
data_price_hour_abs_20_amount: 15.28500
data_price_hour_rel_+07_amount: 12.43400
data_price_hour_abs_21_amount: 12.43400
data_price_hour_rel_+08_amount: 9.82100
data_price_hour_abs_22_amount: 9.82100
data_price_hour_rel_+09_amount: 8.81700
data_price_hour_abs_23_amount: 8.81700