date_now: 2025-09-28 14:29:19
date_now_epoch: 1759062559840
date_now_day: 28
date_now_month: 9
date_now_year: 2025
date_start: 2025-09-28 00:00:00
date_end: 2025-09-28 23:59:59
price_low: 0.85300
price_high: 13.79700
price_median: 9.66500
price_average: 8.71829
price_current: 1.30000
price_unit: Cent/kWh
price_threshold_00: 0.85300
price_threshold_01: 1.30000
price_threshold_02: 1.71100
price_threshold_03: 3.74700
price_threshold_04: 6.13300
price_threshold_05: 8.20800
price_threshold_06: 8.60000
price_threshold_07: 9.14700
price_threshold_08: 9.43200
price_threshold_09: 9.50400
price_threshold_10: 9.53100
price_threshold_11: 9.57400
price_threshold_12: 9.75600
price_threshold_13: 9.75800
price_threshold_14: 9.77700
price_threshold_15: 9.87700
price_threshold_16: 10.09100
price_threshold_17: 10.22900
price_threshold_18: 10.57900
price_threshold_19: 10.58900
price_threshold_20: 11.35100
price_threshold_21: 12.59300
price_threshold_22: 13.10200
price_threshold_23: 13.79700
data_price_hour_rel_-14_amount: 9.75600
data_price_hour_abs_00_amount: 9.75600
data_price_hour_rel_-13_amount: 9.53100
data_price_hour_abs_01_amount: 9.53100
data_price_hour_rel_-12_amount: 9.43200
data_price_hour_abs_02_amount: 9.43200
data_price_hour_rel_-11_amount: 9.14700
data_price_hour_abs_03_amount: 9.14700
data_price_hour_rel_-10_amount: 9.77700
data_price_hour_abs_04_amount: 9.77700
data_price_hour_rel_-09_amount: 9.75800
data_price_hour_abs_05_amount: 9.75800
data_price_hour_rel_-08_amount: 10.09100
data_price_hour_abs_06_amount: 10.09100
data_price_hour_rel_-07_amount: 10.57900
data_price_hour_abs_07_amount: 10.57900
data_price_hour_rel_-06_amount: 9.87700
data_price_hour_abs_08_amount: 9.87700
data_price_hour_rel_-05_amount: 9.50400
data_price_hour_abs_09_amount: 9.50400
data_price_hour_rel_-04_amount: 8.20800
data_price_hour_abs_10_amount: 8.20800
data_price_hour_rel_-03_amount: 3.74700
data_price_hour_abs_11_amount: 3.74700
data_price_hour_rel_-02_amount: 1.71100
data_price_hour_abs_12_amount: 1.71100
data_price_hour_rel_-01_amount: 0.85300
data_price_hour_abs_13_amount: 0.85300
data_price_hour_rel_+00_amount: 1.30000
data_price_hour_abs_14_amount: 1.30000
data_price_hour_rel_+01_amount: 6.13300
data_price_hour_abs_15_amount: 6.13300
data_price_hour_rel_+02_amount: 8.60000
data_price_hour_abs_16_amount: 8.60000
data_price_hour_rel_+03_amount: 10.58900
data_price_hour_abs_17_amount: 10.58900
data_price_hour_rel_+04_amount: 13.10200
data_price_hour_abs_18_amount: 13.10200
data_price_hour_rel_+05_amount: 13.79700
data_price_hour_abs_19_amount: 13.79700
data_price_hour_rel_+06_amount: 12.59300
data_price_hour_abs_20_amount: 12.59300
data_price_hour_rel_+07_amount: 11.35100
data_price_hour_abs_21_amount: 11.35100
data_price_hour_rel_+08_amount: 10.22900
data_price_hour_abs_22_amount: 10.22900
data_price_hour_rel_+09_amount: 9.57400
data_price_hour_abs_23_amount: 9.57400