date_now: 2025-06-20 14:34:40
date_now_epoch: 1750422880533
date_now_day: 20
date_now_month: 6
date_now_year: 2025
date_start: 2025-06-20 00:00:00
date_end: 2025-06-20 23:59:59
price_low: -0.10000
price_high: 20.12900
price_median: 10.47900
price_average: 8.70533
price_current: -0.01700
price_unit: Cent/kWh
price_threshold_00: -0.10000
price_threshold_01: -0.01700
price_threshold_02: 0.00000
price_threshold_03: 0.09100
price_threshold_04: 0.40300
price_threshold_05: 1.58300
price_threshold_06: 2.89900
price_threshold_07: 8.16900
price_threshold_08: 8.73500
price_threshold_09: 10.32400
price_threshold_10: 10.42700
price_threshold_11: 10.45700
price_threshold_12: 10.50100
price_threshold_13: 10.90400
price_threshold_14: 10.94900
price_threshold_15: 11.09800
price_threshold_16: 11.10100
price_threshold_17: 11.86600
price_threshold_18: 12.09000
price_threshold_19: 12.13800
price_threshold_20: 13.61300
price_threshold_21: 13.70500
price_threshold_22: 17.86300
price_threshold_23: 20.12900
data_price_hour_rel_-14_amount: 10.94900
data_price_hour_abs_00_amount: 10.94900
data_price_hour_rel_-13_amount: 10.45700
data_price_hour_abs_01_amount: 10.45700
data_price_hour_rel_-12_amount: 10.32400
data_price_hour_abs_02_amount: 10.32400
data_price_hour_rel_-11_amount: 10.50100
data_price_hour_abs_03_amount: 10.50100
data_price_hour_rel_-10_amount: 10.42700
data_price_hour_abs_04_amount: 10.42700
data_price_hour_rel_-09_amount: 10.90400
data_price_hour_abs_05_amount: 10.90400
data_price_hour_rel_-08_amount: 12.09000
data_price_hour_abs_06_amount: 12.09000
data_price_hour_rel_-07_amount: 11.86600
data_price_hour_abs_07_amount: 11.86600
data_price_hour_rel_-06_amount: 11.09800
data_price_hour_abs_08_amount: 11.09800
data_price_hour_rel_-05_amount: 8.16900
data_price_hour_abs_09_amount: 8.16900
data_price_hour_rel_-04_amount: 1.58300
data_price_hour_abs_10_amount: 1.58300
data_price_hour_rel_-03_amount: 0.40300
data_price_hour_abs_11_amount: 0.40300
data_price_hour_rel_-02_amount: 0.00000
data_price_hour_abs_12_amount: 0.00000
data_price_hour_rel_-01_amount: -0.10000
data_price_hour_abs_13_amount: -0.10000
data_price_hour_rel_+00_amount: -0.01700
data_price_hour_abs_14_amount: -0.01700
data_price_hour_rel_+01_amount: 0.09100
data_price_hour_abs_15_amount: 0.09100
data_price_hour_rel_+02_amount: 2.89900
data_price_hour_abs_16_amount: 2.89900
data_price_hour_rel_+03_amount: 8.73500
data_price_hour_abs_17_amount: 8.73500
data_price_hour_rel_+04_amount: 11.10100
data_price_hour_abs_18_amount: 11.10100
data_price_hour_rel_+05_amount: 13.61300
data_price_hour_abs_19_amount: 13.61300
data_price_hour_rel_+06_amount: 20.12900
data_price_hour_abs_20_amount: 20.12900
data_price_hour_rel_+07_amount: 17.86300
data_price_hour_abs_21_amount: 17.86300
data_price_hour_rel_+08_amount: 13.70500
data_price_hour_abs_22_amount: 13.70500
data_price_hour_rel_+09_amount: 12.13800
data_price_hour_abs_23_amount: 12.13800