date_now: 2025-08-26 14:36:02
date_now_epoch: 1756211762752
date_now_day: 26
date_now_month: 8
date_now_year: 2025
date_start: 2025-08-26 00:00:00
date_end: 2025-08-26 23:59:59
price_low: 2.62800
price_high: 19.68800
price_median: 9.90550
price_average: 9.97892
price_current: 3.80500
price_unit: Cent/kWh
price_threshold_00: 2.62800
price_threshold_01: 3.80500
price_threshold_02: 4.19500
price_threshold_03: 6.16000
price_threshold_04: 7.23900
price_threshold_05: 7.74700
price_threshold_06: 8.82600
price_threshold_07: 9.00000
price_threshold_08: 9.47900
price_threshold_09: 9.62700
price_threshold_10: 9.65800
price_threshold_11: 9.76700
price_threshold_12: 10.04400
price_threshold_13: 10.50500
price_threshold_14: 10.58000
price_threshold_15: 10.66000
price_threshold_16: 10.67900
price_threshold_17: 10.94700
price_threshold_18: 12.33000
price_threshold_19: 12.34500
price_threshold_20: 12.45900
price_threshold_21: 13.10900
price_threshold_22: 18.01700
price_threshold_23: 19.68800
data_price_hour_rel_-14_amount: 10.58000
data_price_hour_abs_00_amount: 10.58000
data_price_hour_rel_-13_amount: 10.04400
data_price_hour_abs_01_amount: 10.04400
data_price_hour_rel_-12_amount: 9.65800
data_price_hour_abs_02_amount: 9.65800
data_price_hour_rel_-11_amount: 9.47900
data_price_hour_abs_03_amount: 9.47900
data_price_hour_rel_-10_amount: 9.62700
data_price_hour_abs_04_amount: 9.62700
data_price_hour_rel_-09_amount: 10.66000
data_price_hour_abs_05_amount: 10.66000
data_price_hour_rel_-08_amount: 12.45900
data_price_hour_abs_06_amount: 12.45900
data_price_hour_rel_-07_amount: 12.34500
data_price_hour_abs_07_amount: 12.34500
data_price_hour_rel_-06_amount: 10.67900
data_price_hour_abs_08_amount: 10.67900
data_price_hour_rel_-05_amount: 9.00000
data_price_hour_abs_09_amount: 9.00000
data_price_hour_rel_-04_amount: 7.74700
data_price_hour_abs_10_amount: 7.74700
data_price_hour_rel_-03_amount: 6.16000
data_price_hour_abs_11_amount: 6.16000
data_price_hour_rel_-02_amount: 4.19500
data_price_hour_abs_12_amount: 4.19500
data_price_hour_rel_-01_amount: 2.62800
data_price_hour_abs_13_amount: 2.62800
data_price_hour_rel_+00_amount: 3.80500
data_price_hour_abs_14_amount: 3.80500
data_price_hour_rel_+01_amount: 7.23900
data_price_hour_abs_15_amount: 7.23900
data_price_hour_rel_+02_amount: 8.82600
data_price_hour_abs_16_amount: 8.82600
data_price_hour_rel_+03_amount: 10.50500
data_price_hour_abs_17_amount: 10.50500
data_price_hour_rel_+04_amount: 13.10900
data_price_hour_abs_18_amount: 13.10900
data_price_hour_rel_+05_amount: 19.68800
data_price_hour_abs_19_amount: 19.68800
data_price_hour_rel_+06_amount: 18.01700
data_price_hour_abs_20_amount: 18.01700
data_price_hour_rel_+07_amount: 12.33000
data_price_hour_abs_21_amount: 12.33000
data_price_hour_rel_+08_amount: 10.94700
data_price_hour_abs_22_amount: 10.94700
data_price_hour_rel_+09_amount: 9.76700
data_price_hour_abs_23_amount: 9.76700