date_now: 2025-11-16 13:30:40
date_now_epoch: 1763296240224
date_now_day: 16
date_now_month: 11
date_now_year: 2025
date_start: 2025-11-16 00:00:00
date_end: 2025-11-16 23:59:59
price_low: 8.56700
price_high: 12.93700
price_median: 9.88850
price_average: 10.14379
price_current: 10.40000
price_unit: Cent/kWh
price_threshold_00: 8.56700
price_threshold_01: 8.65300
price_threshold_02: 8.82200
price_threshold_03: 9.11300
price_threshold_04: 9.14100
price_threshold_05: 9.14500
price_threshold_06: 9.24900
price_threshold_07: 9.33500
price_threshold_08: 9.37500
price_threshold_09: 9.43900
price_threshold_10: 9.50000
price_threshold_11: 9.84900
price_threshold_12: 9.92800
price_threshold_13: 10.11900
price_threshold_14: 10.24700
price_threshold_15: 10.25700
price_threshold_16: 10.27200
price_threshold_17: 10.40000
price_threshold_18: 10.92700
price_threshold_19: 11.53300
price_threshold_20: 11.67200
price_threshold_21: 12.45000
price_threshold_22: 12.52100
price_threshold_23: 12.93700
data_price_hour_rel_-13_amount: 9.37500
data_price_hour_abs_00_amount: 9.37500
data_price_hour_rel_-12_amount: 9.50000
data_price_hour_abs_01_amount: 9.50000
data_price_hour_rel_-11_amount: 9.33500
data_price_hour_abs_02_amount: 9.33500
data_price_hour_rel_-10_amount: 9.14500
data_price_hour_abs_03_amount: 9.14500
data_price_hour_rel_-09_amount: 8.82200
data_price_hour_abs_04_amount: 8.82200
data_price_hour_rel_-08_amount: 9.11300
data_price_hour_abs_05_amount: 9.11300
data_price_hour_rel_-07_amount: 8.56700
data_price_hour_abs_06_amount: 8.56700
data_price_hour_rel_-06_amount: 9.24900
data_price_hour_abs_07_amount: 9.24900
data_price_hour_rel_-05_amount: 9.84900
data_price_hour_abs_08_amount: 9.84900
data_price_hour_rel_-04_amount: 10.11900
data_price_hour_abs_09_amount: 10.11900
data_price_hour_rel_-03_amount: 9.92800
data_price_hour_abs_10_amount: 9.92800
data_price_hour_rel_-02_amount: 10.25700
data_price_hour_abs_11_amount: 10.25700
data_price_hour_rel_-01_amount: 10.24700
data_price_hour_abs_12_amount: 10.24700
data_price_hour_rel_+00_amount: 10.40000
data_price_hour_abs_13_amount: 10.40000
data_price_hour_rel_+01_amount: 10.92700
data_price_hour_abs_14_amount: 10.92700
data_price_hour_rel_+02_amount: 11.67200
data_price_hour_abs_15_amount: 11.67200
data_price_hour_rel_+03_amount: 12.45000
data_price_hour_abs_16_amount: 12.45000
data_price_hour_rel_+04_amount: 12.93700
data_price_hour_abs_17_amount: 12.93700
data_price_hour_rel_+05_amount: 12.52100
data_price_hour_abs_18_amount: 12.52100
data_price_hour_rel_+06_amount: 11.53300
data_price_hour_abs_19_amount: 11.53300
data_price_hour_rel_+07_amount: 10.27200
data_price_hour_abs_20_amount: 10.27200
data_price_hour_rel_+08_amount: 9.14100
data_price_hour_abs_21_amount: 9.14100
data_price_hour_rel_+09_amount: 9.43900
data_price_hour_abs_22_amount: 9.43900
data_price_hour_rel_+10_amount: 8.65300
data_price_hour_abs_23_amount: 8.65300