date_now: 2025-06-12 14:33:57
date_now_epoch: 1749731637020
date_now_day: 12
date_now_month: 6
date_now_year: 2025
date_start: 2025-06-12 00:00:00
date_end: 2025-06-12 23:59:59
price_low: -2.79000
price_high: 13.20000
price_median: 8.51400
price_average: 5.92804
price_current: -2.54700
price_unit: Cent/kWh
price_threshold_00: -2.79000
price_threshold_01: -2.54700
price_threshold_02: -1.59100
price_threshold_03: -1.15700
price_threshold_04: -0.27800
price_threshold_05: -0.20000
price_threshold_06: 0.00000
price_threshold_07: 1.49000
price_threshold_08: 3.60900
price_threshold_09: 7.88600
price_threshold_10: 7.99600
price_threshold_11: 8.48500
price_threshold_12: 8.54300
price_threshold_13: 8.69000
price_threshold_14: 8.77000
price_threshold_15: 8.90600
price_threshold_16: 9.20000
price_threshold_17: 9.29100
price_threshold_18: 10.43000
price_threshold_19: 10.50000
price_threshold_20: 11.10000
price_threshold_21: 11.25500
price_threshold_22: 11.48500
price_threshold_23: 13.20000
data_price_hour_rel_-14_amount: 9.29100
data_price_hour_abs_00_amount: 9.29100
data_price_hour_rel_-13_amount: 8.77000
data_price_hour_abs_01_amount: 8.77000
data_price_hour_rel_-12_amount: 8.54300
data_price_hour_abs_02_amount: 8.54300
data_price_hour_rel_-11_amount: 8.48500
data_price_hour_abs_03_amount: 8.48500
data_price_hour_rel_-10_amount: 8.90600
data_price_hour_abs_04_amount: 8.90600
data_price_hour_rel_-09_amount: 9.20000
data_price_hour_abs_05_amount: 9.20000
data_price_hour_rel_-08_amount: 11.48500
data_price_hour_abs_06_amount: 11.48500
data_price_hour_rel_-07_amount: 10.43000
data_price_hour_abs_07_amount: 10.43000
data_price_hour_rel_-06_amount: 7.88600
data_price_hour_abs_08_amount: 7.88600
data_price_hour_rel_-05_amount: 3.60900
data_price_hour_abs_09_amount: 3.60900
data_price_hour_rel_-04_amount: 0.00000
data_price_hour_abs_10_amount: 0.00000
data_price_hour_rel_-03_amount: -0.20000
data_price_hour_abs_11_amount: -0.20000
data_price_hour_rel_-02_amount: -1.59100
data_price_hour_abs_12_amount: -1.59100
data_price_hour_rel_-01_amount: -2.79000
data_price_hour_abs_13_amount: -2.79000
data_price_hour_rel_+00_amount: -2.54700
data_price_hour_abs_14_amount: -2.54700
data_price_hour_rel_+01_amount: -1.15700
data_price_hour_abs_15_amount: -1.15700
data_price_hour_rel_+02_amount: -0.27800
data_price_hour_abs_16_amount: -0.27800
data_price_hour_rel_+03_amount: 1.49000
data_price_hour_abs_17_amount: 1.49000
data_price_hour_rel_+04_amount: 7.99600
data_price_hour_abs_18_amount: 7.99600
data_price_hour_rel_+05_amount: 11.25500
data_price_hour_abs_19_amount: 11.25500
data_price_hour_rel_+06_amount: 13.20000
data_price_hour_abs_20_amount: 13.20000
data_price_hour_rel_+07_amount: 11.10000
data_price_hour_abs_21_amount: 11.10000
data_price_hour_rel_+08_amount: 10.50000
data_price_hour_abs_22_amount: 10.50000
data_price_hour_rel_+09_amount: 8.69000
data_price_hour_abs_23_amount: 8.69000