date_now: 2025-10-27 13:36:09
date_now_epoch: 1761568569283
date_now_day: 27
date_now_month: 10
date_now_year: 2025
date_start: 2025-10-27 00:00:00
date_end: 2025-10-27 23:59:59
price_low: 0.00000
price_high: 12.65400
price_median: 8.30250
price_average: 6.84029
price_current: 8.11200
price_unit: Cent/kWh
price_threshold_00: 0.00000
price_threshold_01: 0.12500
price_threshold_02: 0.13100
price_threshold_03: 0.13400
price_threshold_04: 0.18300
price_threshold_05: 1.07800
price_threshold_06: 5.50000
price_threshold_07: 6.24300
price_threshold_08: 7.44800
price_threshold_09: 7.79400
price_threshold_10: 8.11200
price_threshold_11: 8.27000
price_threshold_12: 8.33500
price_threshold_13: 8.36700
price_threshold_14: 8.60700
price_threshold_15: 9.46300
price_threshold_16: 9.50400
price_threshold_17: 9.67400
price_threshold_18: 9.92300
price_threshold_19: 10.01500
price_threshold_20: 10.18600
price_threshold_21: 11.07100
price_threshold_22: 11.35000
price_threshold_23: 12.65400
data_price_hour_rel_-13_amount: 0.13400
data_price_hour_abs_00_amount: 0.13400
data_price_hour_rel_-12_amount: 0.18300
data_price_hour_abs_01_amount: 0.18300
data_price_hour_rel_-11_amount: 0.12500
data_price_hour_abs_02_amount: 0.12500
data_price_hour_rel_-10_amount: 0.00000
data_price_hour_abs_03_amount: 0.00000
data_price_hour_rel_-09_amount: 0.13100
data_price_hour_abs_04_amount: 0.13100
data_price_hour_rel_-08_amount: 1.07800
data_price_hour_abs_05_amount: 1.07800
data_price_hour_rel_-07_amount: 5.50000
data_price_hour_abs_06_amount: 5.50000
data_price_hour_rel_-06_amount: 8.60700
data_price_hour_abs_07_amount: 8.60700
data_price_hour_rel_-05_amount: 10.01500
data_price_hour_abs_08_amount: 10.01500
data_price_hour_rel_-04_amount: 10.18600
data_price_hour_abs_09_amount: 10.18600
data_price_hour_rel_-03_amount: 9.67400
data_price_hour_abs_10_amount: 9.67400
data_price_hour_rel_-02_amount: 9.46300
data_price_hour_abs_11_amount: 9.46300
data_price_hour_rel_-01_amount: 8.27000
data_price_hour_abs_12_amount: 8.27000
data_price_hour_rel_+00_amount: 8.11200
data_price_hour_abs_13_amount: 8.11200
data_price_hour_rel_+01_amount: 8.33500
data_price_hour_abs_14_amount: 8.33500
data_price_hour_rel_+02_amount: 8.36700
data_price_hour_abs_15_amount: 8.36700
data_price_hour_rel_+03_amount: 9.92300
data_price_hour_abs_16_amount: 9.92300
data_price_hour_rel_+04_amount: 11.07100
data_price_hour_abs_17_amount: 11.07100
data_price_hour_rel_+05_amount: 12.65400
data_price_hour_abs_18_amount: 12.65400
data_price_hour_rel_+06_amount: 11.35000
data_price_hour_abs_19_amount: 11.35000
data_price_hour_rel_+07_amount: 9.50400
data_price_hour_abs_20_amount: 9.50400
data_price_hour_rel_+08_amount: 7.79400
data_price_hour_abs_21_amount: 7.79400
data_price_hour_rel_+09_amount: 7.44800
data_price_hour_abs_22_amount: 7.44800
data_price_hour_rel_+10_amount: 6.24300
data_price_hour_abs_23_amount: 6.24300