date_now: 2025-12-03 13:37:45
date_now_epoch: 1764765465605
date_now_day: 3
date_now_month: 12
date_now_year: 2025
date_start: 2025-12-03 00:00:00
date_end: 2025-12-03 23:59:59
price_low: 8.90700
price_high: 30.83500
price_median: 17.01800
price_average: 16.48083
price_current: 18.14100
price_unit: Cent/kWh
price_threshold_00: 8.90700
price_threshold_01: 8.98800
price_threshold_02: 9.00200
price_threshold_03: 9.02600
price_threshold_04: 9.08400
price_threshold_05: 9.89800
price_threshold_06: 10.41400
price_threshold_07: 11.34100
price_threshold_08: 12.48300
price_threshold_09: 14.62400
price_threshold_10: 15.09500
price_threshold_11: 16.77300
price_threshold_12: 17.26300
price_threshold_13: 17.33700
price_threshold_14: 18.14100
price_threshold_15: 18.71800
price_threshold_16: 19.99400
price_threshold_17: 20.00000
price_threshold_18: 20.41200
price_threshold_19: 21.98900
price_threshold_20: 24.25600
price_threshold_21: 25.00000
price_threshold_22: 25.96000
price_threshold_23: 30.83500
data_price_hour_rel_-13_amount: 9.08400
data_price_hour_abs_00_amount: 9.08400
data_price_hour_rel_-12_amount: 8.90700
data_price_hour_abs_01_amount: 8.90700
data_price_hour_rel_-11_amount: 9.02600
data_price_hour_abs_02_amount: 9.02600
data_price_hour_rel_-10_amount: 8.98800
data_price_hour_abs_03_amount: 8.98800
data_price_hour_rel_-09_amount: 9.00200
data_price_hour_abs_04_amount: 9.00200
data_price_hour_rel_-08_amount: 9.89800
data_price_hour_abs_05_amount: 9.89800
data_price_hour_rel_-07_amount: 15.09500
data_price_hour_abs_06_amount: 15.09500
data_price_hour_rel_-06_amount: 20.00000
data_price_hour_abs_07_amount: 20.00000
data_price_hour_rel_-05_amount: 25.00000
data_price_hour_abs_08_amount: 25.00000
data_price_hour_rel_-04_amount: 21.98900
data_price_hour_abs_09_amount: 21.98900
data_price_hour_rel_-03_amount: 18.71800
data_price_hour_abs_10_amount: 18.71800
data_price_hour_rel_-02_amount: 17.33700
data_price_hour_abs_11_amount: 17.33700
data_price_hour_rel_-01_amount: 16.77300
data_price_hour_abs_12_amount: 16.77300
data_price_hour_rel_+00_amount: 18.14100
data_price_hour_abs_13_amount: 18.14100
data_price_hour_rel_+01_amount: 19.99400
data_price_hour_abs_14_amount: 19.99400
data_price_hour_rel_+02_amount: 24.25600
data_price_hour_abs_15_amount: 24.25600
data_price_hour_rel_+03_amount: 30.83500
data_price_hour_abs_16_amount: 30.83500
data_price_hour_rel_+04_amount: 25.96000
data_price_hour_abs_17_amount: 25.96000
data_price_hour_rel_+05_amount: 20.41200
data_price_hour_abs_18_amount: 20.41200
data_price_hour_rel_+06_amount: 17.26300
data_price_hour_abs_19_amount: 17.26300
data_price_hour_rel_+07_amount: 14.62400
data_price_hour_abs_20_amount: 14.62400
data_price_hour_rel_+08_amount: 12.48300
data_price_hour_abs_21_amount: 12.48300
data_price_hour_rel_+09_amount: 11.34100
data_price_hour_abs_22_amount: 11.34100
data_price_hour_rel_+10_amount: 10.41400
data_price_hour_abs_23_amount: 10.41400