date_now: 2025-02-04 13:28:27
date_now_epoch: 1738672107553
date_now_day: 4
date_now_month: 2
date_now_year: 2025
date_start: 2025-02-04 00:00:00
date_end: 2025-02-04 23:59:59
price_low: 11.31700
price_high: 21.19900
price_median: 13.09100
price_average: 14.24163
price_current: 11.31700
price_unit: Cent/kWh
price_threshold_00: 11.31700
price_threshold_01: 11.68900
price_threshold_02: 12.00900
price_threshold_03: 12.06200
price_threshold_04: 12.31800
price_threshold_05: 12.32500
price_threshold_06: 12.39900
price_threshold_07: 12.55400
price_threshold_08: 12.65700
price_threshold_09: 12.74700
price_threshold_10: 12.76300
price_threshold_11: 12.94200
price_threshold_12: 13.24000
price_threshold_13: 13.24300
price_threshold_14: 13.65300
price_threshold_15: 14.50100
price_threshold_16: 15.54200
price_threshold_17: 16.20400
price_threshold_18: 16.33100
price_threshold_19: 16.48100
price_threshold_20: 16.89900
price_threshold_21: 17.50000
price_threshold_22: 19.22400
price_threshold_23: 21.19900
data_price_hour_rel_-13_amount: 13.24000
data_price_hour_abs_00_amount: 13.24000
data_price_hour_rel_-12_amount: 12.55400
data_price_hour_abs_01_amount: 12.55400
data_price_hour_rel_-11_amount: 12.31800
data_price_hour_abs_02_amount: 12.31800
data_price_hour_rel_-10_amount: 12.39900
data_price_hour_abs_03_amount: 12.39900
data_price_hour_rel_-09_amount: 12.32500
data_price_hour_abs_04_amount: 12.32500
data_price_hour_rel_-08_amount: 12.76300
data_price_hour_abs_05_amount: 12.76300
data_price_hour_rel_-07_amount: 15.54200
data_price_hour_abs_06_amount: 15.54200
data_price_hour_rel_-06_amount: 19.22400
data_price_hour_abs_07_amount: 19.22400
data_price_hour_rel_-05_amount: 21.19900
data_price_hour_abs_08_amount: 21.19900
data_price_hour_rel_-04_amount: 16.33100
data_price_hour_abs_09_amount: 16.33100
data_price_hour_rel_-03_amount: 13.65300
data_price_hour_abs_10_amount: 13.65300
data_price_hour_rel_-02_amount: 12.65700
data_price_hour_abs_11_amount: 12.65700
data_price_hour_rel_-01_amount: 11.68900
data_price_hour_abs_12_amount: 11.68900
data_price_hour_rel_+00_amount: 11.31700
data_price_hour_abs_13_amount: 11.31700
data_price_hour_rel_+01_amount: 12.00900
data_price_hour_abs_14_amount: 12.00900
data_price_hour_rel_+02_amount: 12.74700
data_price_hour_abs_15_amount: 12.74700
data_price_hour_rel_+03_amount: 16.48100
data_price_hour_abs_16_amount: 16.48100
data_price_hour_rel_+04_amount: 16.89900
data_price_hour_abs_17_amount: 16.89900
data_price_hour_rel_+05_amount: 17.50000
data_price_hour_abs_18_amount: 17.50000
data_price_hour_rel_+06_amount: 16.20400
data_price_hour_abs_19_amount: 16.20400
data_price_hour_rel_+07_amount: 14.50100
data_price_hour_abs_20_amount: 14.50100
data_price_hour_rel_+08_amount: 13.24300
data_price_hour_abs_21_amount: 13.24300
data_price_hour_rel_+09_amount: 12.94200
data_price_hour_abs_22_amount: 12.94200
data_price_hour_rel_+10_amount: 12.06200
data_price_hour_abs_23_amount: 12.06200