date_now: 2025-12-19 13:36:01
date_now_epoch: 1766147761010
date_now_day: 19
date_now_month: 12
date_now_year: 2025
date_start: 2025-12-19 00:00:00
date_end: 2025-12-19 23:59:59
price_low: 0.35200
price_high: 10.74800
price_median: 8.93100
price_average: 7.00713
price_current: 8.76300
price_unit: Cent/kWh
price_threshold_00: 0.35200
price_threshold_01: 0.41200
price_threshold_02: 0.43300
price_threshold_03: 0.58600
price_threshold_04: 0.98400
price_threshold_05: 1.07800
price_threshold_06: 4.02800
price_threshold_07: 7.67100
price_threshold_08: 8.45700
price_threshold_09: 8.74900
price_threshold_10: 8.76300
price_threshold_11: 8.92300
price_threshold_12: 8.93900
price_threshold_13: 8.95400
price_threshold_14: 9.01800
price_threshold_15: 9.33500
price_threshold_16: 9.62800
price_threshold_17: 9.74000
price_threshold_18: 9.84600
price_threshold_19: 10.03300
price_threshold_20: 10.29100
price_threshold_21: 10.51200
price_threshold_22: 10.69100
price_threshold_23: 10.74800
data_price_hour_rel_-13_amount: 0.98400
data_price_hour_abs_00_amount: 0.98400
data_price_hour_rel_-12_amount: 0.58600
data_price_hour_abs_01_amount: 0.58600
data_price_hour_rel_-11_amount: 0.43300
data_price_hour_abs_02_amount: 0.43300
data_price_hour_rel_-10_amount: 0.35200
data_price_hour_abs_03_amount: 0.35200
data_price_hour_rel_-09_amount: 0.41200
data_price_hour_abs_04_amount: 0.41200
data_price_hour_rel_-08_amount: 1.07800
data_price_hour_abs_05_amount: 1.07800
data_price_hour_rel_-07_amount: 4.02800
data_price_hour_abs_06_amount: 4.02800
data_price_hour_rel_-06_amount: 7.67100
data_price_hour_abs_07_amount: 7.67100
data_price_hour_rel_-05_amount: 8.95400
data_price_hour_abs_08_amount: 8.95400
data_price_hour_rel_-04_amount: 8.93900
data_price_hour_abs_09_amount: 8.93900
data_price_hour_rel_-03_amount: 8.92300
data_price_hour_abs_10_amount: 8.92300
data_price_hour_rel_-02_amount: 8.74900
data_price_hour_abs_11_amount: 8.74900
data_price_hour_rel_-01_amount: 8.45700
data_price_hour_abs_12_amount: 8.45700
data_price_hour_rel_+00_amount: 8.76300
data_price_hour_abs_13_amount: 8.76300
data_price_hour_rel_+01_amount: 9.33500
data_price_hour_abs_14_amount: 9.33500
data_price_hour_rel_+02_amount: 9.74000
data_price_hour_abs_15_amount: 9.74000
data_price_hour_rel_+03_amount: 10.03300
data_price_hour_abs_16_amount: 10.03300
data_price_hour_rel_+04_amount: 10.69100
data_price_hour_abs_17_amount: 10.69100
data_price_hour_rel_+05_amount: 10.74800
data_price_hour_abs_18_amount: 10.74800
data_price_hour_rel_+06_amount: 10.51200
data_price_hour_abs_19_amount: 10.51200
data_price_hour_rel_+07_amount: 10.29100
data_price_hour_abs_20_amount: 10.29100
data_price_hour_rel_+08_amount: 9.84600
data_price_hour_abs_21_amount: 9.84600
data_price_hour_rel_+09_amount: 9.62800
data_price_hour_abs_22_amount: 9.62800
data_price_hour_rel_+10_amount: 9.01800
data_price_hour_abs_23_amount: 9.01800