date_now: 2025-12-18 13:37:23
date_now_epoch: 1766061443164
date_now_day: 18
date_now_month: 12
date_now_year: 2025
date_start: 2025-12-18 00:00:00
date_end: 2025-12-18 23:59:59
price_low: 1.86500
price_high: 11.44900
price_median: 7.80200
price_average: 7.42242
price_current: 7.94800
price_unit: Cent/kWh
price_threshold_00: 1.86500
price_threshold_01: 4.48200
price_threshold_02: 4.88900
price_threshold_03: 5.08300
price_threshold_04: 5.18000
price_threshold_05: 5.32600
price_threshold_06: 6.01300
price_threshold_07: 6.32400
price_threshold_08: 6.76800
price_threshold_09: 6.90700
price_threshold_10: 7.74200
price_threshold_11: 7.77600
price_threshold_12: 7.82800
price_threshold_13: 7.82900
price_threshold_14: 7.94800
price_threshold_15: 8.01400
price_threshold_16: 8.15300
price_threshold_17: 8.82600
price_threshold_18: 8.85600
price_threshold_19: 9.07400
price_threshold_20: 10.34200
price_threshold_21: 10.37600
price_threshold_22: 11.08800
price_threshold_23: 11.44900
data_price_hour_rel_-13_amount: 7.77600
data_price_hour_abs_00_amount: 7.77600
data_price_hour_rel_-12_amount: 6.90700
data_price_hour_abs_01_amount: 6.90700
data_price_hour_rel_-11_amount: 6.01300
data_price_hour_abs_02_amount: 6.01300
data_price_hour_rel_-10_amount: 4.88900
data_price_hour_abs_03_amount: 4.88900
data_price_hour_rel_-09_amount: 4.48200
data_price_hour_abs_04_amount: 4.48200
data_price_hour_rel_-08_amount: 5.08300
data_price_hour_abs_05_amount: 5.08300
data_price_hour_rel_-07_amount: 6.32400
data_price_hour_abs_06_amount: 6.32400
data_price_hour_rel_-06_amount: 8.15300
data_price_hour_abs_07_amount: 8.15300
data_price_hour_rel_-05_amount: 9.07400
data_price_hour_abs_08_amount: 9.07400
data_price_hour_rel_-04_amount: 8.85600
data_price_hour_abs_09_amount: 8.85600
data_price_hour_rel_-03_amount: 7.82800
data_price_hour_abs_10_amount: 7.82800
data_price_hour_rel_-02_amount: 7.82900
data_price_hour_abs_11_amount: 7.82900
data_price_hour_rel_-01_amount: 7.74200
data_price_hour_abs_12_amount: 7.74200
data_price_hour_rel_+00_amount: 7.94800
data_price_hour_abs_13_amount: 7.94800
data_price_hour_rel_+01_amount: 10.37600
data_price_hour_abs_14_amount: 10.37600
data_price_hour_rel_+02_amount: 11.44900
data_price_hour_abs_15_amount: 11.44900
data_price_hour_rel_+03_amount: 11.08800
data_price_hour_abs_16_amount: 11.08800
data_price_hour_rel_+04_amount: 10.34200
data_price_hour_abs_17_amount: 10.34200
data_price_hour_rel_+05_amount: 8.82600
data_price_hour_abs_18_amount: 8.82600
data_price_hour_rel_+06_amount: 8.01400
data_price_hour_abs_19_amount: 8.01400
data_price_hour_rel_+07_amount: 6.76800
data_price_hour_abs_20_amount: 6.76800
data_price_hour_rel_+08_amount: 5.32600
data_price_hour_abs_21_amount: 5.32600
data_price_hour_rel_+09_amount: 5.18000
data_price_hour_abs_22_amount: 5.18000
data_price_hour_rel_+10_amount: 1.86500
data_price_hour_abs_23_amount: 1.86500