date_now: 2025-05-22 14:34:29
date_now_epoch: 1747917269853
date_now_day: 22
date_now_month: 5
date_now_year: 2025
date_start: 2025-05-22 00:00:00
date_end: 2025-05-22 23:59:59
price_low: -1.54000
price_high: 12.72500
price_median: 8.34950
price_average: 6.12158
price_current: -1.54000
price_unit: Cent/kWh
price_threshold_00: -1.54000
price_threshold_01: -1.27700
price_threshold_02: -1.09000
price_threshold_03: -0.29900
price_threshold_04: -0.19100
price_threshold_05: -0.00100
price_threshold_06: 0.00100
price_threshold_07: 0.16600
price_threshold_08: 5.00000
price_threshold_09: 5.45400
price_threshold_10: 8.15000
price_threshold_11: 8.33400
price_threshold_12: 8.36500
price_threshold_13: 8.82800
price_threshold_14: 9.00000
price_threshold_15: 9.81600
price_threshold_16: 9.85400
price_threshold_17: 10.32300
price_threshold_18: 10.60100
price_threshold_19: 10.68400
price_threshold_20: 10.76700
price_threshold_21: 11.50000
price_threshold_22: 11.74800
price_threshold_23: 12.72500
data_price_hour_rel_-14_amount: 9.85400
data_price_hour_abs_00_amount: 9.85400
data_price_hour_rel_-13_amount: 8.82800
data_price_hour_abs_01_amount: 8.82800
data_price_hour_rel_-12_amount: 8.36500
data_price_hour_abs_02_amount: 8.36500
data_price_hour_rel_-11_amount: 8.15000
data_price_hour_abs_03_amount: 8.15000
data_price_hour_rel_-10_amount: 8.33400
data_price_hour_abs_04_amount: 8.33400
data_price_hour_rel_-09_amount: 9.00000
data_price_hour_abs_05_amount: 9.00000
data_price_hour_rel_-08_amount: 10.76700
data_price_hour_abs_06_amount: 10.76700
data_price_hour_rel_-07_amount: 10.60100
data_price_hour_abs_07_amount: 10.60100
data_price_hour_rel_-06_amount: 9.81600
data_price_hour_abs_08_amount: 9.81600
data_price_hour_rel_-05_amount: 5.45400
data_price_hour_abs_09_amount: 5.45400
data_price_hour_rel_-04_amount: 0.16600
data_price_hour_abs_10_amount: 0.16600
data_price_hour_rel_-03_amount: 0.00100
data_price_hour_abs_11_amount: 0.00100
data_price_hour_rel_-02_amount: -0.19100
data_price_hour_abs_12_amount: -0.19100
data_price_hour_rel_-01_amount: -1.27700
data_price_hour_abs_13_amount: -1.27700
data_price_hour_rel_+00_amount: -1.54000
data_price_hour_abs_14_amount: -1.54000
data_price_hour_rel_+01_amount: -1.09000
data_price_hour_abs_15_amount: -1.09000
data_price_hour_rel_+02_amount: -0.29900
data_price_hour_abs_16_amount: -0.29900
data_price_hour_rel_+03_amount: -0.00100
data_price_hour_abs_17_amount: -0.00100
data_price_hour_rel_+04_amount: 5.00000
data_price_hour_abs_18_amount: 5.00000
data_price_hour_rel_+05_amount: 10.68400
data_price_hour_abs_19_amount: 10.68400
data_price_hour_rel_+06_amount: 11.50000
data_price_hour_abs_20_amount: 11.50000
data_price_hour_rel_+07_amount: 12.72500
data_price_hour_abs_21_amount: 12.72500
data_price_hour_rel_+08_amount: 11.74800
data_price_hour_abs_22_amount: 11.74800
data_price_hour_rel_+09_amount: 10.32300
data_price_hour_abs_23_amount: 10.32300