date_now: 2025-08-23 14:30:19
date_now_epoch: 1755952219216
date_now_day: 23
date_now_month: 8
date_now_year: 2025
date_start: 2025-08-23 00:00:00
date_end: 2025-08-23 23:59:59
price_low: 0.00600
price_high: 12.36700
price_median: 8.55800
price_average: 6.78754
price_current: 0.00700
price_unit: Cent/kWh
price_threshold_00: 0.00600
price_threshold_01: 0.00700
price_threshold_02: 0.13200
price_threshold_03: 0.32900
price_threshold_04: 0.35200
price_threshold_05: 1.21000
price_threshold_06: 1.46900
price_threshold_07: 6.29000
price_threshold_08: 7.21900
price_threshold_09: 8.35700
price_threshold_10: 8.52100
price_threshold_11: 8.55600
price_threshold_12: 8.56000
price_threshold_13: 8.66700
price_threshold_14: 8.67800
price_threshold_15: 8.77600
price_threshold_16: 8.93200
price_threshold_17: 9.53300
price_threshold_18: 10.03100
price_threshold_19: 10.52800
price_threshold_20: 11.11600
price_threshold_21: 11.22200
price_threshold_22: 12.04300
price_threshold_23: 12.36700
data_price_hour_rel_-14_amount: 9.53300
data_price_hour_abs_00_amount: 9.53300
data_price_hour_rel_-13_amount: 8.93200
data_price_hour_abs_01_amount: 8.93200
data_price_hour_rel_-12_amount: 8.77600
data_price_hour_abs_02_amount: 8.77600
data_price_hour_rel_-11_amount: 8.52100
data_price_hour_abs_03_amount: 8.52100
data_price_hour_rel_-10_amount: 8.55600
data_price_hour_abs_04_amount: 8.55600
data_price_hour_rel_-09_amount: 8.56000
data_price_hour_abs_05_amount: 8.56000
data_price_hour_rel_-08_amount: 8.66700
data_price_hour_abs_06_amount: 8.66700
data_price_hour_rel_-07_amount: 8.67800
data_price_hour_abs_07_amount: 8.67800
data_price_hour_rel_-06_amount: 8.35700
data_price_hour_abs_08_amount: 8.35700
data_price_hour_rel_-05_amount: 6.29000
data_price_hour_abs_09_amount: 6.29000
data_price_hour_rel_-04_amount: 1.46900
data_price_hour_abs_10_amount: 1.46900
data_price_hour_rel_-03_amount: 0.32900
data_price_hour_abs_11_amount: 0.32900
data_price_hour_rel_-02_amount: 0.13200
data_price_hour_abs_12_amount: 0.13200
data_price_hour_rel_-01_amount: 0.00600
data_price_hour_abs_13_amount: 0.00600
data_price_hour_rel_+00_amount: 0.00700
data_price_hour_abs_14_amount: 0.00700
data_price_hour_rel_+01_amount: 0.35200
data_price_hour_abs_15_amount: 0.35200
data_price_hour_rel_+02_amount: 1.21000
data_price_hour_abs_16_amount: 1.21000
data_price_hour_rel_+03_amount: 7.21900
data_price_hour_abs_17_amount: 7.21900
data_price_hour_rel_+04_amount: 10.03100
data_price_hour_abs_18_amount: 10.03100
data_price_hour_rel_+05_amount: 11.22200
data_price_hour_abs_19_amount: 11.22200
data_price_hour_rel_+06_amount: 12.36700
data_price_hour_abs_20_amount: 12.36700
data_price_hour_rel_+07_amount: 12.04300
data_price_hour_abs_21_amount: 12.04300
data_price_hour_rel_+08_amount: 11.11600
data_price_hour_abs_22_amount: 11.11600
data_price_hour_rel_+09_amount: 10.52800
data_price_hour_abs_23_amount: 10.52800