date_now: 2025-11-09 13:30:15
date_now_epoch: 1762691415118
date_now_day: 9
date_now_month: 11
date_now_year: 2025
date_start: 2025-11-09 00:00:00
date_end: 2025-11-09 23:59:59
price_low: 8.86200
price_high: 12.61000
price_median: 9.67150
price_average: 9.90067
price_current: 9.64000
price_unit: Cent/kWh
price_threshold_00: 8.86200
price_threshold_01: 8.99300
price_threshold_02: 8.99400
price_threshold_03: 9.11300
price_threshold_04: 9.16500
price_threshold_05: 9.16900
price_threshold_06: 9.23200
price_threshold_07: 9.28300
price_threshold_08: 9.35400
price_threshold_09: 9.45600
price_threshold_10: 9.63500
price_threshold_11: 9.64000
price_threshold_12: 9.70300
price_threshold_13: 9.72700
price_threshold_14: 9.73100
price_threshold_15: 9.73200
price_threshold_16: 9.76200
price_threshold_17: 9.78000
price_threshold_18: 9.78400
price_threshold_19: 10.60000
price_threshold_20: 10.98500
price_threshold_21: 11.79600
price_threshold_22: 12.51000
price_threshold_23: 12.61000
data_price_hour_rel_-13_amount: 9.63500
data_price_hour_abs_00_amount: 9.63500
data_price_hour_rel_-12_amount: 9.45600
data_price_hour_abs_01_amount: 9.45600
data_price_hour_rel_-11_amount: 9.28300
data_price_hour_abs_02_amount: 9.28300
data_price_hour_rel_-10_amount: 9.11300
data_price_hour_abs_03_amount: 9.11300
data_price_hour_rel_-09_amount: 9.16500
data_price_hour_abs_04_amount: 9.16500
data_price_hour_rel_-08_amount: 9.16900
data_price_hour_abs_05_amount: 9.16900
data_price_hour_rel_-07_amount: 8.99400
data_price_hour_abs_06_amount: 8.99400
data_price_hour_rel_-06_amount: 8.86200
data_price_hour_abs_07_amount: 8.86200
data_price_hour_rel_-05_amount: 9.72700
data_price_hour_abs_08_amount: 9.72700
data_price_hour_rel_-04_amount: 9.76200
data_price_hour_abs_09_amount: 9.76200
data_price_hour_rel_-03_amount: 9.70300
data_price_hour_abs_10_amount: 9.70300
data_price_hour_rel_-02_amount: 9.73100
data_price_hour_abs_11_amount: 9.73100
data_price_hour_rel_-01_amount: 9.78400
data_price_hour_abs_12_amount: 9.78400
data_price_hour_rel_+00_amount: 9.64000
data_price_hour_abs_13_amount: 9.64000
data_price_hour_rel_+01_amount: 9.73200
data_price_hour_abs_14_amount: 9.73200
data_price_hour_rel_+02_amount: 9.78000
data_price_hour_abs_15_amount: 9.78000
data_price_hour_rel_+03_amount: 10.98500
data_price_hour_abs_16_amount: 10.98500
data_price_hour_rel_+04_amount: 12.51000
data_price_hour_abs_17_amount: 12.51000
data_price_hour_rel_+05_amount: 12.61000
data_price_hour_abs_18_amount: 12.61000
data_price_hour_rel_+06_amount: 11.79600
data_price_hour_abs_19_amount: 11.79600
data_price_hour_rel_+07_amount: 10.60000
data_price_hour_abs_20_amount: 10.60000
data_price_hour_rel_+08_amount: 9.35400
data_price_hour_abs_21_amount: 9.35400
data_price_hour_rel_+09_amount: 9.23200
data_price_hour_abs_22_amount: 9.23200
data_price_hour_rel_+10_amount: 8.99300
data_price_hour_abs_23_amount: 8.99300