date_now: 2025-05-20 14:35:00
date_now_epoch: 1747744500197
date_now_day: 20
date_now_month: 5
date_now_year: 2025
date_start: 2025-05-20 00:00:00
date_end: 2025-05-20 23:59:59
price_low: 0.00100
price_high: 19.22500
price_median: 10.50350
price_average: 9.11433
price_current: 0.00900
price_unit: Cent/kWh
price_threshold_00: 0.00100
price_threshold_01: 0.00900
price_threshold_02: 0.01700
price_threshold_03: 0.76100
price_threshold_04: 1.59500
price_threshold_05: 6.15800
price_threshold_06: 6.78700
price_threshold_07: 8.52000
price_threshold_08: 9.71500
price_threshold_09: 10.00000
price_threshold_10: 10.25000
price_threshold_11: 10.40400
price_threshold_12: 10.60300
price_threshold_13: 10.79300
price_threshold_14: 10.91400
price_threshold_15: 11.17900
price_threshold_16: 11.49500
price_threshold_17: 11.89600
price_threshold_18: 12.00000
price_threshold_19: 13.08100
price_threshold_20: 14.12300
price_threshold_21: 14.32100
price_threshold_22: 14.89700
price_threshold_23: 19.22500
data_price_hour_rel_-14_amount: 11.49500
data_price_hour_abs_00_amount: 11.49500
data_price_hour_rel_-13_amount: 10.60300
data_price_hour_abs_01_amount: 10.60300
data_price_hour_rel_-12_amount: 10.25000
data_price_hour_abs_02_amount: 10.25000
data_price_hour_rel_-11_amount: 10.40400
data_price_hour_abs_03_amount: 10.40400
data_price_hour_rel_-10_amount: 10.91400
data_price_hour_abs_04_amount: 10.91400
data_price_hour_rel_-09_amount: 11.89600
data_price_hour_abs_05_amount: 11.89600
data_price_hour_rel_-08_amount: 14.32100
data_price_hour_abs_06_amount: 14.32100
data_price_hour_rel_-07_amount: 13.08100
data_price_hour_abs_07_amount: 13.08100
data_price_hour_rel_-06_amount: 10.00000
data_price_hour_abs_08_amount: 10.00000
data_price_hour_rel_-05_amount: 8.52000
data_price_hour_abs_09_amount: 8.52000
data_price_hour_rel_-04_amount: 6.15800
data_price_hour_abs_10_amount: 6.15800
data_price_hour_rel_-03_amount: 1.59500
data_price_hour_abs_11_amount: 1.59500
data_price_hour_rel_-02_amount: 0.01700
data_price_hour_abs_12_amount: 0.01700
data_price_hour_rel_-01_amount: 0.00100
data_price_hour_abs_13_amount: 0.00100
data_price_hour_rel_+00_amount: 0.00900
data_price_hour_abs_14_amount: 0.00900
data_price_hour_rel_+01_amount: 0.76100
data_price_hour_abs_15_amount: 0.76100
data_price_hour_rel_+02_amount: 6.78700
data_price_hour_abs_16_amount: 6.78700
data_price_hour_rel_+03_amount: 9.71500
data_price_hour_abs_17_amount: 9.71500
data_price_hour_rel_+04_amount: 11.17900
data_price_hour_abs_18_amount: 11.17900
data_price_hour_rel_+05_amount: 14.12300
data_price_hour_abs_19_amount: 14.12300
data_price_hour_rel_+06_amount: 19.22500
data_price_hour_abs_20_amount: 19.22500
data_price_hour_rel_+07_amount: 14.89700
data_price_hour_abs_21_amount: 14.89700
data_price_hour_rel_+08_amount: 12.00000
data_price_hour_abs_22_amount: 12.00000
data_price_hour_rel_+09_amount: 10.79300
data_price_hour_abs_23_amount: 10.79300