date_now: 2025-02-25 13:29:54
date_now_epoch: 1740486594891
date_now_day: 25
date_now_month: 2
date_now_year: 2025
date_start: 2025-02-25 00:00:00
date_end: 2025-02-25 23:59:59
price_low: 8.99100
price_high: 23.30500
price_median: 13.73700
price_average: 13.97563
price_current: 12.58100
price_unit: Cent/kWh
price_threshold_00: 8.99100
price_threshold_01: 9.06000
price_threshold_02: 9.33900
price_threshold_03: 9.38600
price_threshold_04: 9.74300
price_threshold_05: 10.57800
price_threshold_06: 11.51300
price_threshold_07: 12.46300
price_threshold_08: 12.58100
price_threshold_09: 12.67500
price_threshold_10: 12.94600
price_threshold_11: 13.43800
price_threshold_12: 14.03600
price_threshold_13: 14.24700
price_threshold_14: 14.48700
price_threshold_15: 14.83400
price_threshold_16: 15.37300
price_threshold_17: 15.69600
price_threshold_18: 16.71600
price_threshold_19: 17.06800
price_threshold_20: 17.33400
price_threshold_21: 18.80900
price_threshold_22: 20.79700
price_threshold_23: 23.30500
data_price_hour_rel_-13_amount: 9.06000
data_price_hour_abs_00_amount: 9.06000
data_price_hour_rel_-12_amount: 8.99100
data_price_hour_abs_01_amount: 8.99100
data_price_hour_rel_-11_amount: 9.33900
data_price_hour_abs_02_amount: 9.33900
data_price_hour_rel_-10_amount: 9.38600
data_price_hour_abs_03_amount: 9.38600
data_price_hour_rel_-09_amount: 9.74300
data_price_hour_abs_04_amount: 9.74300
data_price_hour_rel_-08_amount: 10.57800
data_price_hour_abs_05_amount: 10.57800
data_price_hour_rel_-07_amount: 14.48700
data_price_hour_abs_06_amount: 14.48700
data_price_hour_rel_-06_amount: 16.71600
data_price_hour_abs_07_amount: 16.71600
data_price_hour_rel_-05_amount: 17.33400
data_price_hour_abs_08_amount: 17.33400
data_price_hour_rel_-04_amount: 15.37300
data_price_hour_abs_09_amount: 15.37300
data_price_hour_rel_-03_amount: 14.03600
data_price_hour_abs_10_amount: 14.03600
data_price_hour_rel_-02_amount: 12.67500
data_price_hour_abs_11_amount: 12.67500
data_price_hour_rel_-01_amount: 12.46300
data_price_hour_abs_12_amount: 12.46300
data_price_hour_rel_+00_amount: 12.58100
data_price_hour_abs_13_amount: 12.58100
data_price_hour_rel_+01_amount: 13.43800
data_price_hour_abs_14_amount: 13.43800
data_price_hour_rel_+02_amount: 14.83400
data_price_hour_abs_15_amount: 14.83400
data_price_hour_rel_+03_amount: 17.06800
data_price_hour_abs_16_amount: 17.06800
data_price_hour_rel_+04_amount: 20.79700
data_price_hour_abs_17_amount: 20.79700
data_price_hour_rel_+05_amount: 23.30500
data_price_hour_abs_18_amount: 23.30500
data_price_hour_rel_+06_amount: 18.80900
data_price_hour_abs_19_amount: 18.80900
data_price_hour_rel_+07_amount: 15.69600
data_price_hour_abs_20_amount: 15.69600
data_price_hour_rel_+08_amount: 14.24700
data_price_hour_abs_21_amount: 14.24700
data_price_hour_rel_+09_amount: 12.94600
data_price_hour_abs_22_amount: 12.94600
data_price_hour_rel_+10_amount: 11.51300
data_price_hour_abs_23_amount: 11.51300