date_now: 2025-06-22 14:30:46
date_now_epoch: 1750595446852
date_now_day: 22
date_now_month: 6
date_now_year: 2025
date_start: 2025-06-22 00:00:00
date_end: 2025-06-22 23:59:59
price_low: -9.90100
price_high: 13.43300
price_median: 7.08650
price_average: 4.14650
price_current: -8.10000
price_unit: Cent/kWh
price_threshold_00: -9.90100
price_threshold_01: -8.10000
price_threshold_02: -6.74100
price_threshold_03: -4.00900
price_threshold_04: -3.85600
price_threshold_05: -1.11100
price_threshold_06: -0.76800
price_threshold_07: -0.00900
price_threshold_08: -0.00100
price_threshold_09: 0.00000
price_threshold_10: 2.64400
price_threshold_11: 6.97500
price_threshold_12: 7.19800
price_threshold_13: 8.79500
price_threshold_14: 8.96900
price_threshold_15: 9.21200
price_threshold_16: 9.74600
price_threshold_17: 10.10700
price_threshold_18: 10.16300
price_threshold_19: 10.81500
price_threshold_20: 10.93300
price_threshold_21: 12.39000
price_threshold_22: 12.63200
price_threshold_23: 13.43300
data_price_hour_rel_-14_amount: 10.81500
data_price_hour_abs_00_amount: 10.81500
data_price_hour_rel_-13_amount: 10.10700
data_price_hour_abs_01_amount: 10.10700
data_price_hour_rel_-12_amount: 9.74600
data_price_hour_abs_02_amount: 9.74600
data_price_hour_rel_-11_amount: 9.21200
data_price_hour_abs_03_amount: 9.21200
data_price_hour_rel_-10_amount: 8.96900
data_price_hour_abs_04_amount: 8.96900
data_price_hour_rel_-09_amount: 8.79500
data_price_hour_abs_05_amount: 8.79500
data_price_hour_rel_-08_amount: 7.19800
data_price_hour_abs_06_amount: 7.19800
data_price_hour_rel_-07_amount: 2.64400
data_price_hour_abs_07_amount: 2.64400
data_price_hour_rel_-06_amount: 0.00000
data_price_hour_abs_08_amount: 0.00000
data_price_hour_rel_-05_amount: -0.00900
data_price_hour_abs_09_amount: -0.00900
data_price_hour_rel_-04_amount: -1.11100
data_price_hour_abs_10_amount: -1.11100
data_price_hour_rel_-03_amount: -3.85600
data_price_hour_abs_11_amount: -3.85600
data_price_hour_rel_-02_amount: -6.74100
data_price_hour_abs_12_amount: -6.74100
data_price_hour_rel_-01_amount: -9.90100
data_price_hour_abs_13_amount: -9.90100
data_price_hour_rel_+00_amount: -8.10000
data_price_hour_abs_14_amount: -8.10000
data_price_hour_rel_+01_amount: -4.00900
data_price_hour_abs_15_amount: -4.00900
data_price_hour_rel_+02_amount: -0.76800
data_price_hour_abs_16_amount: -0.76800
data_price_hour_rel_+03_amount: -0.00100
data_price_hour_abs_17_amount: -0.00100
data_price_hour_rel_+04_amount: 6.97500
data_price_hour_abs_18_amount: 6.97500
data_price_hour_rel_+05_amount: 10.93300
data_price_hour_abs_19_amount: 10.93300
data_price_hour_rel_+06_amount: 12.39000
data_price_hour_abs_20_amount: 12.39000
data_price_hour_rel_+07_amount: 13.43300
data_price_hour_abs_21_amount: 13.43300
data_price_hour_rel_+08_amount: 12.63200
data_price_hour_abs_22_amount: 12.63200
data_price_hour_rel_+09_amount: 10.16300
data_price_hour_abs_23_amount: 10.16300