date_now: 2025-05-03 14:29:20
date_now_epoch: 1746275360103
date_now_day: 3
date_now_month: 5
date_now_year: 2025
date_start: 2025-05-03 00:00:00
date_end: 2025-05-03 23:59:59
price_low: -0.30400
price_high: 9.78100
price_median: 7.80850
price_average: 5.50779
price_current: -0.26900
price_unit: Cent/kWh
price_threshold_00: -0.30400
price_threshold_01: -0.26900
price_threshold_02: -0.11600
price_threshold_03: -0.00300
price_threshold_04: -0.00100
price_threshold_05: 0.00000
price_threshold_06: 0.00100
price_threshold_07: 1.35300
price_threshold_08: 2.88700
price_threshold_09: 6.59100
price_threshold_10: 6.81100
price_threshold_11: 7.75400
price_threshold_12: 7.86300
price_threshold_13: 7.99000
price_threshold_14: 8.70200
price_threshold_15: 8.77300
price_threshold_16: 9.02700
price_threshold_17: 9.12300
price_threshold_18: 9.18400
price_threshold_19: 9.20000
price_threshold_20: 9.22000
price_threshold_21: 9.28600
price_threshold_22: 9.33400
price_threshold_23: 9.78100
data_price_hour_rel_-14_amount: 9.78100
data_price_hour_abs_00_amount: 9.78100
data_price_hour_rel_-13_amount: 9.33400
data_price_hour_abs_01_amount: 9.33400
data_price_hour_rel_-12_amount: 9.22000
data_price_hour_abs_02_amount: 9.22000
data_price_hour_rel_-11_amount: 9.20000
data_price_hour_abs_03_amount: 9.20000
data_price_hour_rel_-10_amount: 9.12300
data_price_hour_abs_04_amount: 9.12300
data_price_hour_rel_-09_amount: 9.18400
data_price_hour_abs_05_amount: 9.18400
data_price_hour_rel_-08_amount: 9.28600
data_price_hour_abs_06_amount: 9.28600
data_price_hour_rel_-07_amount: 8.77300
data_price_hour_abs_07_amount: 8.77300
data_price_hour_rel_-06_amount: 7.99000
data_price_hour_abs_08_amount: 7.99000
data_price_hour_rel_-05_amount: 1.35300
data_price_hour_abs_09_amount: 1.35300
data_price_hour_rel_-04_amount: 0.00100
data_price_hour_abs_10_amount: 0.00100
data_price_hour_rel_-03_amount: -0.00100
data_price_hour_abs_11_amount: -0.00100
data_price_hour_rel_-02_amount: -0.11600
data_price_hour_abs_12_amount: -0.11600
data_price_hour_rel_-01_amount: -0.30400
data_price_hour_abs_13_amount: -0.30400
data_price_hour_rel_+00_amount: -0.26900
data_price_hour_abs_14_amount: -0.26900
data_price_hour_rel_+01_amount: -0.00300
data_price_hour_abs_15_amount: -0.00300
data_price_hour_rel_+02_amount: 0.00000
data_price_hour_abs_16_amount: 0.00000
data_price_hour_rel_+03_amount: 2.88700
data_price_hour_abs_17_amount: 2.88700
data_price_hour_rel_+04_amount: 6.81100
data_price_hour_abs_18_amount: 6.81100
data_price_hour_rel_+05_amount: 7.75400
data_price_hour_abs_19_amount: 7.75400
data_price_hour_rel_+06_amount: 9.02700
data_price_hour_abs_20_amount: 9.02700
data_price_hour_rel_+07_amount: 8.70200
data_price_hour_abs_21_amount: 8.70200
data_price_hour_rel_+08_amount: 7.86300
data_price_hour_abs_22_amount: 7.86300
data_price_hour_rel_+09_amount: 6.59100
data_price_hour_abs_23_amount: 6.59100