date_now: 2025-10-29 13:35:50
date_now_epoch: 1761741350625
date_now_day: 29
date_now_month: 10
date_now_year: 2025
date_start: 2025-10-29 00:00:00
date_end: 2025-10-29 23:59:59
price_low: 5.40400
price_high: 12.87400
price_median: 8.79950
price_average: 8.77192
price_current: 7.71100
price_unit: Cent/kWh
price_threshold_00: 5.40400
price_threshold_01: 5.41600
price_threshold_02: 5.47300
price_threshold_03: 5.63500
price_threshold_04: 5.88000
price_threshold_05: 6.66200
price_threshold_06: 7.02100
price_threshold_07: 7.08400
price_threshold_08: 7.19500
price_threshold_09: 7.71100
price_threshold_10: 8.58100
price_threshold_11: 8.71400
price_threshold_12: 8.88500
price_threshold_13: 9.44200
price_threshold_14: 9.54300
price_threshold_15: 9.65000
price_threshold_16: 10.02700
price_threshold_17: 10.26500
price_threshold_18: 10.75300
price_threshold_19: 11.35400
price_threshold_20: 11.63600
price_threshold_21: 12.62300
price_threshold_22: 12.69800
price_threshold_23: 12.87400
data_price_hour_rel_-13_amount: 5.88000
data_price_hour_abs_00_amount: 5.88000
data_price_hour_rel_-12_amount: 5.40400
data_price_hour_abs_01_amount: 5.40400
data_price_hour_rel_-11_amount: 5.41600
data_price_hour_abs_02_amount: 5.41600
data_price_hour_rel_-10_amount: 5.63500
data_price_hour_abs_03_amount: 5.63500
data_price_hour_rel_-09_amount: 5.47300
data_price_hour_abs_04_amount: 5.47300
data_price_hour_rel_-08_amount: 6.66200
data_price_hour_abs_05_amount: 6.66200
data_price_hour_rel_-07_amount: 9.54300
data_price_hour_abs_06_amount: 9.54300
data_price_hour_rel_-06_amount: 10.75300
data_price_hour_abs_07_amount: 10.75300
data_price_hour_rel_-05_amount: 10.02700
data_price_hour_abs_08_amount: 10.02700
data_price_hour_rel_-04_amount: 8.58100
data_price_hour_abs_09_amount: 8.58100
data_price_hour_rel_-03_amount: 7.19500
data_price_hour_abs_10_amount: 7.19500
data_price_hour_rel_-02_amount: 7.02100
data_price_hour_abs_11_amount: 7.02100
data_price_hour_rel_-01_amount: 7.08400
data_price_hour_abs_12_amount: 7.08400
data_price_hour_rel_+00_amount: 7.71100
data_price_hour_abs_13_amount: 7.71100
data_price_hour_rel_+01_amount: 8.88500
data_price_hour_abs_14_amount: 8.88500
data_price_hour_rel_+02_amount: 11.63600
data_price_hour_abs_15_amount: 11.63600
data_price_hour_rel_+03_amount: 12.62300
data_price_hour_abs_16_amount: 12.62300
data_price_hour_rel_+04_amount: 12.69800
data_price_hour_abs_17_amount: 12.69800
data_price_hour_rel_+05_amount: 12.87400
data_price_hour_abs_18_amount: 12.87400
data_price_hour_rel_+06_amount: 11.35400
data_price_hour_abs_19_amount: 11.35400
data_price_hour_rel_+07_amount: 10.26500
data_price_hour_abs_20_amount: 10.26500
data_price_hour_rel_+08_amount: 9.65000
data_price_hour_abs_21_amount: 9.65000
data_price_hour_rel_+09_amount: 9.44200
data_price_hour_abs_22_amount: 9.44200
data_price_hour_rel_+10_amount: 8.71400
data_price_hour_abs_23_amount: 8.71400