date_now: 2025-03-03 13:30:03
date_now_epoch: 1741005003766
date_now_day: 3
date_now_month: 3
date_now_year: 2025
date_start: 2025-03-03 00:00:00
date_end: 2025-03-03 23:59:59
price_low: 0.00100
price_high: 18.39500
price_median: 10.73750
price_average: 10.64492
price_current: 0.00100
price_unit: Cent/kWh
price_threshold_00: 0.00100
price_threshold_01: 0.03300
price_threshold_02: 0.64000
price_threshold_03: 6.14000
price_threshold_04: 7.23900
price_threshold_05: 8.41000
price_threshold_06: 9.97000
price_threshold_07: 10.27900
price_threshold_08: 10.33700
price_threshold_09: 10.36900
price_threshold_10: 10.63600
price_threshold_11: 10.67400
price_threshold_12: 10.80100
price_threshold_13: 11.67000
price_threshold_14: 12.24600
price_threshold_15: 12.49300
price_threshold_16: 12.82100
price_threshold_17: 13.75100
price_threshold_18: 14.75200
price_threshold_19: 14.87900
price_threshold_20: 15.04900
price_threshold_21: 16.30000
price_threshold_22: 17.59300
price_threshold_23: 18.39500
data_price_hour_rel_-13_amount: 10.80100
data_price_hour_abs_00_amount: 10.80100
data_price_hour_rel_-12_amount: 10.36900
data_price_hour_abs_01_amount: 10.36900
data_price_hour_rel_-11_amount: 10.27900
data_price_hour_abs_02_amount: 10.27900
data_price_hour_rel_-10_amount: 9.97000
data_price_hour_abs_03_amount: 9.97000
data_price_hour_rel_-09_amount: 10.33700
data_price_hour_abs_04_amount: 10.33700
data_price_hour_rel_-08_amount: 11.67000
data_price_hour_abs_05_amount: 11.67000
data_price_hour_rel_-07_amount: 13.75100
data_price_hour_abs_06_amount: 13.75100
data_price_hour_rel_-06_amount: 16.30000
data_price_hour_abs_07_amount: 16.30000
data_price_hour_rel_-05_amount: 14.75200
data_price_hour_abs_08_amount: 14.75200
data_price_hour_rel_-04_amount: 10.67400
data_price_hour_abs_09_amount: 10.67400
data_price_hour_rel_-03_amount: 7.23900
data_price_hour_abs_10_amount: 7.23900
data_price_hour_rel_-02_amount: 0.64000
data_price_hour_abs_11_amount: 0.64000
data_price_hour_rel_-01_amount: 0.03300
data_price_hour_abs_12_amount: 0.03300
data_price_hour_rel_+00_amount: 0.00100
data_price_hour_abs_13_amount: 0.00100
data_price_hour_rel_+01_amount: 6.14000
data_price_hour_abs_14_amount: 6.14000
data_price_hour_rel_+02_amount: 8.41000
data_price_hour_abs_15_amount: 8.41000
data_price_hour_rel_+03_amount: 10.63600
data_price_hour_abs_16_amount: 10.63600
data_price_hour_rel_+04_amount: 14.87900
data_price_hour_abs_17_amount: 14.87900
data_price_hour_rel_+05_amount: 18.39500
data_price_hour_abs_18_amount: 18.39500
data_price_hour_rel_+06_amount: 17.59300
data_price_hour_abs_19_amount: 17.59300
data_price_hour_rel_+07_amount: 15.04900
data_price_hour_abs_20_amount: 15.04900
data_price_hour_rel_+08_amount: 12.82100
data_price_hour_abs_21_amount: 12.82100
data_price_hour_rel_+09_amount: 12.49300
data_price_hour_abs_22_amount: 12.49300
data_price_hour_rel_+10_amount: 12.24600
data_price_hour_abs_23_amount: 12.24600