date_now: 2025-03-04 13:30:10
date_now_epoch: 1741091410232
date_now_day: 4
date_now_month: 3
date_now_year: 2025
date_start: 2025-03-04 00:00:00
date_end: 2025-03-04 23:59:59
price_low: 1.43400
price_high: 18.09200
price_median: 11.10650
price_average: 10.77663
price_current: 1.43400
price_unit: Cent/kWh
price_threshold_00: 1.43400
price_threshold_01: 2.05300
price_threshold_02: 4.85800
price_threshold_03: 5.23100
price_threshold_04: 8.00200
price_threshold_05: 8.12900
price_threshold_06: 10.02800
price_threshold_07: 10.37900
price_threshold_08: 10.48200
price_threshold_09: 10.68100
price_threshold_10: 10.94400
price_threshold_11: 11.09800
price_threshold_12: 11.11500
price_threshold_13: 11.15100
price_threshold_14: 11.43800
price_threshold_15: 11.44100
price_threshold_16: 12.10000
price_threshold_17: 13.41300
price_threshold_18: 14.18600
price_threshold_19: 14.19500
price_threshold_20: 14.86100
price_threshold_21: 16.36700
price_threshold_22: 16.96100
price_threshold_23: 18.09200
data_price_hour_rel_-13_amount: 12.10000
data_price_hour_abs_00_amount: 12.10000
data_price_hour_rel_-12_amount: 10.94400
data_price_hour_abs_01_amount: 10.94400
data_price_hour_rel_-11_amount: 10.37900
data_price_hour_abs_02_amount: 10.37900
data_price_hour_rel_-10_amount: 10.48200
data_price_hour_abs_03_amount: 10.48200
data_price_hour_rel_-09_amount: 10.02800
data_price_hour_abs_04_amount: 10.02800
data_price_hour_rel_-08_amount: 11.15100
data_price_hour_abs_05_amount: 11.15100
data_price_hour_rel_-07_amount: 14.18600
data_price_hour_abs_06_amount: 14.18600
data_price_hour_rel_-06_amount: 16.96100
data_price_hour_abs_07_amount: 16.96100
data_price_hour_rel_-05_amount: 14.19500
data_price_hour_abs_08_amount: 14.19500
data_price_hour_rel_-04_amount: 11.09800
data_price_hour_abs_09_amount: 11.09800
data_price_hour_rel_-03_amount: 8.00200
data_price_hour_abs_10_amount: 8.00200
data_price_hour_rel_-02_amount: 4.85800
data_price_hour_abs_11_amount: 4.85800
data_price_hour_rel_-01_amount: 2.05300
data_price_hour_abs_12_amount: 2.05300
data_price_hour_rel_+00_amount: 1.43400
data_price_hour_abs_13_amount: 1.43400
data_price_hour_rel_+01_amount: 5.23100
data_price_hour_abs_14_amount: 5.23100
data_price_hour_rel_+02_amount: 8.12900
data_price_hour_abs_15_amount: 8.12900
data_price_hour_rel_+03_amount: 11.11500
data_price_hour_abs_16_amount: 11.11500
data_price_hour_rel_+04_amount: 14.86100
data_price_hour_abs_17_amount: 14.86100
data_price_hour_rel_+05_amount: 18.09200
data_price_hour_abs_18_amount: 18.09200
data_price_hour_rel_+06_amount: 16.36700
data_price_hour_abs_19_amount: 16.36700
data_price_hour_rel_+07_amount: 13.41300
data_price_hour_abs_20_amount: 13.41300
data_price_hour_rel_+08_amount: 11.43800
data_price_hour_abs_21_amount: 11.43800
data_price_hour_rel_+09_amount: 11.44100
data_price_hour_abs_22_amount: 11.44100
data_price_hour_rel_+10_amount: 10.68100
data_price_hour_abs_23_amount: 10.68100