date_now: 2025-08-09 14:33:08
date_now_epoch: 1754742788165
date_now_day: 9
date_now_month: 8
date_now_year: 2025
date_start: 2025-08-09 00:00:00
date_end: 2025-08-09 23:59:59
price_low: -1.53700
price_high: 12.76200
price_median: 9.42100
price_average: 6.14208
price_current: -1.53700
price_unit: Cent/kWh
price_threshold_00: -1.53700
price_threshold_01: -1.51400
price_threshold_02: -0.66300
price_threshold_03: -0.41000
price_threshold_04: -0.10000
price_threshold_05: -0.00400
price_threshold_06: -0.00200
price_threshold_07: 0.62900
price_threshold_08: 1.53400
price_threshold_09: 7.01900
price_threshold_10: 8.59000
price_threshold_11: 9.34500
price_threshold_12: 9.49700
price_threshold_13: 9.68700
price_threshold_14: 9.70100
price_threshold_15: 9.72600
price_threshold_16: 9.78000
price_threshold_17: 9.99400
price_threshold_18: 10.04300
price_threshold_19: 10.19300
price_threshold_20: 10.42000
price_threshold_21: 10.78900
price_threshold_22: 11.93100
price_threshold_23: 12.76200
data_price_hour_rel_-14_amount: 10.19300
data_price_hour_abs_00_amount: 10.19300
data_price_hour_rel_-13_amount: 10.04300
data_price_hour_abs_01_amount: 10.04300
data_price_hour_rel_-12_amount: 9.99400
data_price_hour_abs_02_amount: 9.99400
data_price_hour_rel_-11_amount: 9.78000
data_price_hour_abs_03_amount: 9.78000
data_price_hour_rel_-10_amount: 9.68700
data_price_hour_abs_04_amount: 9.68700
data_price_hour_rel_-09_amount: 9.70100
data_price_hour_abs_05_amount: 9.70100
data_price_hour_rel_-08_amount: 9.72600
data_price_hour_abs_06_amount: 9.72600
data_price_hour_rel_-07_amount: 9.34500
data_price_hour_abs_07_amount: 9.34500
data_price_hour_rel_-06_amount: 7.01900
data_price_hour_abs_08_amount: 7.01900
data_price_hour_rel_-05_amount: 1.53400
data_price_hour_abs_09_amount: 1.53400
data_price_hour_rel_-04_amount: -0.00200
data_price_hour_abs_10_amount: -0.00200
data_price_hour_rel_-03_amount: -0.10000
data_price_hour_abs_11_amount: -0.10000
data_price_hour_rel_-02_amount: -0.66300
data_price_hour_abs_12_amount: -0.66300
data_price_hour_rel_-01_amount: -1.51400
data_price_hour_abs_13_amount: -1.51400
data_price_hour_rel_+00_amount: -1.53700
data_price_hour_abs_14_amount: -1.53700
data_price_hour_rel_+01_amount: -0.41000
data_price_hour_abs_15_amount: -0.41000
data_price_hour_rel_+02_amount: -0.00400
data_price_hour_abs_16_amount: -0.00400
data_price_hour_rel_+03_amount: 0.62900
data_price_hour_abs_17_amount: 0.62900
data_price_hour_rel_+04_amount: 8.59000
data_price_hour_abs_18_amount: 8.59000
data_price_hour_rel_+05_amount: 10.42000
data_price_hour_abs_19_amount: 10.42000
data_price_hour_rel_+06_amount: 12.76200
data_price_hour_abs_20_amount: 12.76200
data_price_hour_rel_+07_amount: 11.93100
data_price_hour_abs_21_amount: 11.93100
data_price_hour_rel_+08_amount: 10.78900
data_price_hour_abs_22_amount: 10.78900
data_price_hour_rel_+09_amount: 9.49700
data_price_hour_abs_23_amount: 9.49700