date_now: 2025-08-13 14:36:18
date_now_epoch: 1755088578545
date_now_day: 13
date_now_month: 8
date_now_year: 2025
date_start: 2025-08-13 00:00:00
date_end: 2025-08-13 23:59:59
price_low: 2.78900
price_high: 22.66400
price_median: 9.34500
price_average: 9.98321
price_current: 4.16600
price_unit: Cent/kWh
price_threshold_00: 2.78900
price_threshold_01: 4.16600
price_threshold_02: 4.42900
price_threshold_03: 6.82000
price_threshold_04: 7.09000
price_threshold_05: 8.43000
price_threshold_06: 8.47100
price_threshold_07: 8.68900
price_threshold_08: 8.70700
price_threshold_09: 8.92600
price_threshold_10: 9.00000
price_threshold_11: 9.33000
price_threshold_12: 9.36000
price_threshold_13: 9.57200
price_threshold_14: 9.66400
price_threshold_15: 10.58700
price_threshold_16: 10.62700
price_threshold_17: 10.75200
price_threshold_18: 10.88700
price_threshold_19: 11.53400
price_threshold_20: 12.32100
price_threshold_21: 15.45200
price_threshold_22: 19.33000
price_threshold_23: 22.66400
data_price_hour_rel_-14_amount: 9.57200
data_price_hour_abs_00_amount: 9.57200
data_price_hour_rel_-13_amount: 9.00000
data_price_hour_abs_01_amount: 9.00000
data_price_hour_rel_-12_amount: 8.68900
data_price_hour_abs_02_amount: 8.68900
data_price_hour_rel_-11_amount: 8.47100
data_price_hour_abs_03_amount: 8.47100
data_price_hour_rel_-10_amount: 8.70700
data_price_hour_abs_04_amount: 8.70700
data_price_hour_rel_-09_amount: 9.33000
data_price_hour_abs_05_amount: 9.33000
data_price_hour_rel_-08_amount: 10.88700
data_price_hour_abs_06_amount: 10.88700
data_price_hour_rel_-07_amount: 10.75200
data_price_hour_abs_07_amount: 10.75200
data_price_hour_rel_-06_amount: 10.58700
data_price_hour_abs_08_amount: 10.58700
data_price_hour_rel_-05_amount: 9.36000
data_price_hour_abs_09_amount: 9.36000
data_price_hour_rel_-04_amount: 8.92600
data_price_hour_abs_10_amount: 8.92600
data_price_hour_rel_-03_amount: 6.82000
data_price_hour_abs_11_amount: 6.82000
data_price_hour_rel_-02_amount: 4.42900
data_price_hour_abs_12_amount: 4.42900
data_price_hour_rel_-01_amount: 2.78900
data_price_hour_abs_13_amount: 2.78900
data_price_hour_rel_+00_amount: 4.16600
data_price_hour_abs_14_amount: 4.16600
data_price_hour_rel_+01_amount: 7.09000
data_price_hour_abs_15_amount: 7.09000
data_price_hour_rel_+02_amount: 8.43000
data_price_hour_abs_16_amount: 8.43000
data_price_hour_rel_+03_amount: 9.66400
data_price_hour_abs_17_amount: 9.66400
data_price_hour_rel_+04_amount: 11.53400
data_price_hour_abs_18_amount: 11.53400
data_price_hour_rel_+05_amount: 19.33000
data_price_hour_abs_19_amount: 19.33000
data_price_hour_rel_+06_amount: 22.66400
data_price_hour_abs_20_amount: 22.66400
data_price_hour_rel_+07_amount: 15.45200
data_price_hour_abs_21_amount: 15.45200
data_price_hour_rel_+08_amount: 12.32100
data_price_hour_abs_22_amount: 12.32100
data_price_hour_rel_+09_amount: 10.62700
data_price_hour_abs_23_amount: 10.62700