date_now: 2025-03-18 13:30:53
date_now_epoch: 1742301053066
date_now_day: 18
date_now_month: 3
date_now_year: 2025
date_start: 2025-03-18 00:00:00
date_end: 2025-03-18 23:59:59
price_low: -0.14600
price_high: 17.09100
price_median: 9.55950
price_average: 9.01446
price_current: -0.03000
price_unit: Cent/kWh
price_threshold_00: -0.14600
price_threshold_01: -0.03000
price_threshold_02: 0.06800
price_threshold_03: 0.57200
price_threshold_04: 2.52700
price_threshold_05: 5.02800
price_threshold_06: 7.15300
price_threshold_07: 8.92000
price_threshold_08: 8.99900
price_threshold_09: 9.22000
price_threshold_10: 9.23700
price_threshold_11: 9.52500
price_threshold_12: 9.59400
price_threshold_13: 10.32900
price_threshold_14: 10.65200
price_threshold_15: 11.07400
price_threshold_16: 11.59700
price_threshold_17: 12.30400
price_threshold_18: 13.66800
price_threshold_19: 13.89000
price_threshold_20: 14.09000
price_threshold_21: 14.23900
price_threshold_22: 16.74600
price_threshold_23: 17.09100
data_price_hour_rel_-13_amount: 9.22000
data_price_hour_abs_00_amount: 9.22000
data_price_hour_rel_-12_amount: 8.99900
data_price_hour_abs_01_amount: 8.99900
data_price_hour_rel_-11_amount: 9.23700
data_price_hour_abs_02_amount: 9.23700
data_price_hour_rel_-10_amount: 8.92000
data_price_hour_abs_03_amount: 8.92000
data_price_hour_rel_-09_amount: 9.52500
data_price_hour_abs_04_amount: 9.52500
data_price_hour_rel_-08_amount: 11.07400
data_price_hour_abs_05_amount: 11.07400
data_price_hour_rel_-07_amount: 13.89000
data_price_hour_abs_06_amount: 13.89000
data_price_hour_rel_-06_amount: 13.66800
data_price_hour_abs_07_amount: 13.66800
data_price_hour_rel_-05_amount: 10.65200
data_price_hour_abs_08_amount: 10.65200
data_price_hour_rel_-04_amount: 7.15300
data_price_hour_abs_09_amount: 7.15300
data_price_hour_rel_-03_amount: 2.52700
data_price_hour_abs_10_amount: 2.52700
data_price_hour_rel_-02_amount: 0.06800
data_price_hour_abs_11_amount: 0.06800
data_price_hour_rel_-01_amount: -0.14600
data_price_hour_abs_12_amount: -0.14600
data_price_hour_rel_+00_amount: -0.03000
data_price_hour_abs_13_amount: -0.03000
data_price_hour_rel_+01_amount: 0.57200
data_price_hour_abs_14_amount: 0.57200
data_price_hour_rel_+02_amount: 5.02800
data_price_hour_abs_15_amount: 5.02800
data_price_hour_rel_+03_amount: 9.59400
data_price_hour_abs_16_amount: 9.59400
data_price_hour_rel_+04_amount: 14.09000
data_price_hour_abs_17_amount: 14.09000
data_price_hour_rel_+05_amount: 17.09100
data_price_hour_abs_18_amount: 17.09100
data_price_hour_rel_+06_amount: 16.74600
data_price_hour_abs_19_amount: 16.74600
data_price_hour_rel_+07_amount: 14.23900
data_price_hour_abs_20_amount: 14.23900
data_price_hour_rel_+08_amount: 12.30400
data_price_hour_abs_21_amount: 12.30400
data_price_hour_rel_+09_amount: 11.59700
data_price_hour_abs_22_amount: 11.59700
data_price_hour_rel_+10_amount: 10.32900
data_price_hour_abs_23_amount: 10.32900