date_now: 2025-03-20 13:29:12
date_now_epoch: 1742473752263
date_now_day: 20
date_now_month: 3
date_now_year: 2025
date_start: 2025-03-20 00:00:00
date_end: 2025-03-20 23:59:59
price_low: 0.04300
price_high: 28.00700
price_median: 11.00150
price_average: 10.82992
price_current: 0.06500
price_unit: Cent/kWh
price_threshold_00: 0.04300
price_threshold_01: 0.06500
price_threshold_02: 0.34200
price_threshold_03: 1.66000
price_threshold_04: 3.75100
price_threshold_05: 7.94200
price_threshold_06: 7.94500
price_threshold_07: 9.95600
price_threshold_08: 9.98700
price_threshold_09: 10.00800
price_threshold_10: 10.28300
price_threshold_11: 10.28600
price_threshold_12: 11.71700
price_threshold_13: 11.79100
price_threshold_14: 11.97000
price_threshold_15: 12.07600
price_threshold_16: 12.50300
price_threshold_17: 13.68200
price_threshold_18: 14.12100
price_threshold_19: 14.48400
price_threshold_20: 15.51400
price_threshold_21: 16.40000
price_threshold_22: 25.38500
price_threshold_23: 28.00700
data_price_hour_rel_-13_amount: 11.71700
data_price_hour_abs_00_amount: 11.71700
data_price_hour_rel_-12_amount: 10.28600
data_price_hour_abs_01_amount: 10.28600
data_price_hour_rel_-11_amount: 9.95600
data_price_hour_abs_02_amount: 9.95600
data_price_hour_rel_-10_amount: 10.00800
data_price_hour_abs_03_amount: 10.00800
data_price_hour_rel_-09_amount: 10.28300
data_price_hour_abs_04_amount: 10.28300
data_price_hour_rel_-08_amount: 11.97000
data_price_hour_abs_05_amount: 11.97000
data_price_hour_rel_-07_amount: 14.48400
data_price_hour_abs_06_amount: 14.48400
data_price_hour_rel_-06_amount: 14.12100
data_price_hour_abs_07_amount: 14.12100
data_price_hour_rel_-05_amount: 9.98700
data_price_hour_abs_08_amount: 9.98700
data_price_hour_rel_-04_amount: 7.94500
data_price_hour_abs_09_amount: 7.94500
data_price_hour_rel_-03_amount: 3.75100
data_price_hour_abs_10_amount: 3.75100
data_price_hour_rel_-02_amount: 0.34200
data_price_hour_abs_11_amount: 0.34200
data_price_hour_rel_-01_amount: 0.04300
data_price_hour_abs_12_amount: 0.04300
data_price_hour_rel_+00_amount: 0.06500
data_price_hour_abs_13_amount: 0.06500
data_price_hour_rel_+01_amount: 1.66000
data_price_hour_abs_14_amount: 1.66000
data_price_hour_rel_+02_amount: 7.94200
data_price_hour_abs_15_amount: 7.94200
data_price_hour_rel_+03_amount: 12.07600
data_price_hour_abs_16_amount: 12.07600
data_price_hour_rel_+04_amount: 15.51400
data_price_hour_abs_17_amount: 15.51400
data_price_hour_rel_+05_amount: 28.00700
data_price_hour_abs_18_amount: 28.00700
data_price_hour_rel_+06_amount: 25.38500
data_price_hour_abs_19_amount: 25.38500
data_price_hour_rel_+07_amount: 16.40000
data_price_hour_abs_20_amount: 16.40000
data_price_hour_rel_+08_amount: 13.68200
data_price_hour_abs_21_amount: 13.68200
data_price_hour_rel_+09_amount: 12.50300
data_price_hour_abs_22_amount: 12.50300
data_price_hour_rel_+10_amount: 11.79100
data_price_hour_abs_23_amount: 11.79100