date_now: 2025-09-23 14:32:33
date_now_epoch: 1758630753355
date_now_day: 23
date_now_month: 9
date_now_year: 2025
date_start: 2025-09-23 00:00:00
date_end: 2025-09-23 23:59:59
price_low: 7.42400
price_high: 17.23600
price_median: 9.06700
price_average: 10.30875
price_current: 7.42500
price_unit: Cent/kWh
price_threshold_00: 7.42400
price_threshold_01: 7.42500
price_threshold_02: 7.75400
price_threshold_03: 8.41000
price_threshold_04: 8.41100
price_threshold_05: 8.49100
price_threshold_06: 8.55100
price_threshold_07: 8.57600
price_threshold_08: 8.86000
price_threshold_09: 8.97300
price_threshold_10: 8.99300
price_threshold_11: 9.00000
price_threshold_12: 9.13400
price_threshold_13: 9.39200
price_threshold_14: 9.40000
price_threshold_15: 9.81100
price_threshold_16: 10.29000
price_threshold_17: 11.58100
price_threshold_18: 12.20100
price_threshold_19: 12.57600
price_threshold_20: 13.68300
price_threshold_21: 14.95800
price_threshold_22: 16.28000
price_threshold_23: 17.23600
data_price_hour_rel_-14_amount: 8.86000
data_price_hour_abs_00_amount: 8.86000
data_price_hour_rel_-13_amount: 9.00000
data_price_hour_abs_01_amount: 9.00000
data_price_hour_rel_-12_amount: 8.97300
data_price_hour_abs_02_amount: 8.97300
data_price_hour_rel_-11_amount: 8.99300
data_price_hour_abs_03_amount: 8.99300
data_price_hour_rel_-10_amount: 9.13400
data_price_hour_abs_04_amount: 9.13400
data_price_hour_rel_-09_amount: 9.81100
data_price_hour_abs_05_amount: 9.81100
data_price_hour_rel_-08_amount: 12.20100
data_price_hour_abs_06_amount: 12.20100
data_price_hour_rel_-07_amount: 17.23600
data_price_hour_abs_07_amount: 17.23600
data_price_hour_rel_-06_amount: 16.28000
data_price_hour_abs_08_amount: 16.28000
data_price_hour_rel_-05_amount: 12.57600
data_price_hour_abs_09_amount: 12.57600
data_price_hour_rel_-04_amount: 9.39200
data_price_hour_abs_10_amount: 9.39200
data_price_hour_rel_-03_amount: 8.55100
data_price_hour_abs_11_amount: 8.55100
data_price_hour_rel_-02_amount: 7.75400
data_price_hour_abs_12_amount: 7.75400
data_price_hour_rel_-01_amount: 7.42400
data_price_hour_abs_13_amount: 7.42400
data_price_hour_rel_+00_amount: 7.42500
data_price_hour_abs_14_amount: 7.42500
data_price_hour_rel_+01_amount: 8.41100
data_price_hour_abs_15_amount: 8.41100
data_price_hour_rel_+02_amount: 8.57600
data_price_hour_abs_16_amount: 8.57600
data_price_hour_rel_+03_amount: 10.29000
data_price_hour_abs_17_amount: 10.29000
data_price_hour_rel_+04_amount: 13.68300
data_price_hour_abs_18_amount: 13.68300
data_price_hour_rel_+05_amount: 14.95800
data_price_hour_abs_19_amount: 14.95800
data_price_hour_rel_+06_amount: 11.58100
data_price_hour_abs_20_amount: 11.58100
data_price_hour_rel_+07_amount: 9.40000
data_price_hour_abs_21_amount: 9.40000
data_price_hour_rel_+08_amount: 8.49100
data_price_hour_abs_22_amount: 8.49100
data_price_hour_rel_+09_amount: 8.41000
data_price_hour_abs_23_amount: 8.41000