date_now: 2025-06-02 14:34:38
date_now_epoch: 1748867678671
date_now_day: 2
date_now_month: 6
date_now_year: 2025
date_start: 2025-06-02 00:00:00
date_end: 2025-06-02 23:59:59
price_low: 1.10000
price_high: 24.53700
price_median: 8.29250
price_average: 8.70379
price_current: 1.10000
price_unit: Cent/kWh
price_threshold_00: 1.10000
price_threshold_01: 1.27800
price_threshold_02: 1.97500
price_threshold_03: 2.00000
price_threshold_04: 3.32100
price_threshold_05: 5.58400
price_threshold_06: 5.74700
price_threshold_07: 7.50000
price_threshold_08: 7.53100
price_threshold_09: 7.77500
price_threshold_10: 8.17600
price_threshold_11: 8.28000
price_threshold_12: 8.30500
price_threshold_13: 8.56000
price_threshold_14: 9.19300
price_threshold_15: 9.49500
price_threshold_16: 10.23600
price_threshold_17: 10.81500
price_threshold_18: 10.93200
price_threshold_19: 11.00400
price_threshold_20: 11.79000
price_threshold_21: 14.16600
price_threshold_22: 19.59100
price_threshold_23: 24.53700
data_price_hour_rel_-14_amount: 8.17600
data_price_hour_abs_00_amount: 8.17600
data_price_hour_rel_-13_amount: 7.53100
data_price_hour_abs_01_amount: 7.53100
data_price_hour_rel_-12_amount: 7.50000
data_price_hour_abs_02_amount: 7.50000
data_price_hour_rel_-11_amount: 7.77500
data_price_hour_abs_03_amount: 7.77500
data_price_hour_rel_-10_amount: 8.30500
data_price_hour_abs_04_amount: 8.30500
data_price_hour_rel_-09_amount: 9.19300
data_price_hour_abs_05_amount: 9.19300
data_price_hour_rel_-08_amount: 10.81500
data_price_hour_abs_06_amount: 10.81500
data_price_hour_rel_-07_amount: 11.79000
data_price_hour_abs_07_amount: 11.79000
data_price_hour_rel_-06_amount: 10.23600
data_price_hour_abs_08_amount: 10.23600
data_price_hour_rel_-05_amount: 8.56000
data_price_hour_abs_09_amount: 8.56000
data_price_hour_rel_-04_amount: 5.74700
data_price_hour_abs_10_amount: 5.74700
data_price_hour_rel_-03_amount: 3.32100
data_price_hour_abs_11_amount: 3.32100
data_price_hour_rel_-02_amount: 2.00000
data_price_hour_abs_12_amount: 2.00000
data_price_hour_rel_-01_amount: 1.27800
data_price_hour_abs_13_amount: 1.27800
data_price_hour_rel_+00_amount: 1.10000
data_price_hour_abs_14_amount: 1.10000
data_price_hour_rel_+01_amount: 1.97500
data_price_hour_abs_15_amount: 1.97500
data_price_hour_rel_+02_amount: 5.58400
data_price_hour_abs_16_amount: 5.58400
data_price_hour_rel_+03_amount: 8.28000
data_price_hour_abs_17_amount: 8.28000
data_price_hour_rel_+04_amount: 9.49500
data_price_hour_abs_18_amount: 9.49500
data_price_hour_rel_+05_amount: 10.93200
data_price_hour_abs_19_amount: 10.93200
data_price_hour_rel_+06_amount: 19.59100
data_price_hour_abs_20_amount: 19.59100
data_price_hour_rel_+07_amount: 24.53700
data_price_hour_abs_21_amount: 24.53700
data_price_hour_rel_+08_amount: 14.16600
data_price_hour_abs_22_amount: 14.16600
data_price_hour_rel_+09_amount: 11.00400
data_price_hour_abs_23_amount: 11.00400