date_now: 2025-02-03 13:28:13
date_now_epoch: 1738585693780
date_now_day: 3
date_now_month: 2
date_now_year: 2025
date_start: 2025-02-03 00:00:00
date_end: 2025-02-03 23:59:59
price_low: 11.52900
price_high: 24.32300
price_median: 14.50450
price_average: 15.45079
price_current: 11.52900
price_unit: Cent/kWh
price_threshold_00: 11.52900
price_threshold_01: 11.72700
price_threshold_02: 12.00400
price_threshold_03: 12.32400
price_threshold_04: 12.41800
price_threshold_05: 12.47200
price_threshold_06: 12.60500
price_threshold_07: 12.66300
price_threshold_08: 12.77700
price_threshold_09: 12.95400
price_threshold_10: 13.58100
price_threshold_11: 14.42300
price_threshold_12: 14.58600
price_threshold_13: 14.99500
price_threshold_14: 15.30000
price_threshold_15: 15.91800
price_threshold_16: 16.77400
price_threshold_17: 17.07100
price_threshold_18: 17.80400
price_threshold_19: 20.07300
price_threshold_20: 20.11000
price_threshold_21: 20.78800
price_threshold_22: 21.60000
price_threshold_23: 24.32300
data_price_hour_rel_-13_amount: 12.95400
data_price_hour_abs_00_amount: 12.95400
data_price_hour_rel_-12_amount: 12.66300
data_price_hour_abs_01_amount: 12.66300
data_price_hour_rel_-11_amount: 12.47200
data_price_hour_abs_02_amount: 12.47200
data_price_hour_rel_-10_amount: 12.00400
data_price_hour_abs_03_amount: 12.00400
data_price_hour_rel_-09_amount: 12.32400
data_price_hour_abs_04_amount: 12.32400
data_price_hour_rel_-08_amount: 12.77700
data_price_hour_abs_05_amount: 12.77700
data_price_hour_rel_-07_amount: 15.91800
data_price_hour_abs_06_amount: 15.91800
data_price_hour_rel_-06_amount: 20.78800
data_price_hour_abs_07_amount: 20.78800
data_price_hour_rel_-05_amount: 24.32300
data_price_hour_abs_08_amount: 24.32300
data_price_hour_rel_-04_amount: 17.80400
data_price_hour_abs_09_amount: 17.80400
data_price_hour_rel_-03_amount: 14.99500
data_price_hour_abs_10_amount: 14.99500
data_price_hour_rel_-02_amount: 12.60500
data_price_hour_abs_11_amount: 12.60500
data_price_hour_rel_-01_amount: 11.72700
data_price_hour_abs_12_amount: 11.72700
data_price_hour_rel_+00_amount: 11.52900
data_price_hour_abs_13_amount: 11.52900
data_price_hour_rel_+01_amount: 12.41800
data_price_hour_abs_14_amount: 12.41800
data_price_hour_rel_+02_amount: 14.58600
data_price_hour_abs_15_amount: 14.58600
data_price_hour_rel_+03_amount: 17.07100
data_price_hour_abs_16_amount: 17.07100
data_price_hour_rel_+04_amount: 21.60000
data_price_hour_abs_17_amount: 21.60000
data_price_hour_rel_+05_amount: 20.07300
data_price_hour_abs_18_amount: 20.07300
data_price_hour_rel_+06_amount: 20.11000
data_price_hour_abs_19_amount: 20.11000
data_price_hour_rel_+07_amount: 16.77400
data_price_hour_abs_20_amount: 16.77400
data_price_hour_rel_+08_amount: 15.30000
data_price_hour_abs_21_amount: 15.30000
data_price_hour_rel_+09_amount: 14.42300
data_price_hour_abs_22_amount: 14.42300
data_price_hour_rel_+10_amount: 13.58100
data_price_hour_abs_23_amount: 13.58100