date_now: 2025-09-08 14:34:48
date_now_epoch: 1757334888083
date_now_day: 8
date_now_month: 9
date_now_year: 2025
date_start: 2025-09-08 00:00:00
date_end: 2025-09-08 23:59:59
price_low: 6.08400
price_high: 41.36600
price_median: 9.76600
price_average: 12.35621
price_current: 6.96500
price_unit: Cent/kWh
price_threshold_00: 6.08400
price_threshold_01: 6.53500
price_threshold_02: 6.96500
price_threshold_03: 7.61400
price_threshold_04: 7.84600
price_threshold_05: 7.96600
price_threshold_06: 8.22700
price_threshold_07: 8.37900
price_threshold_08: 8.47000
price_threshold_09: 8.57400
price_threshold_10: 8.58300
price_threshold_11: 9.56000
price_threshold_12: 9.97200
price_threshold_13: 10.20500
price_threshold_14: 10.99000
price_threshold_15: 11.31200
price_threshold_16: 12.39300
price_threshold_17: 12.42800
price_threshold_18: 12.55300
price_threshold_19: 14.81400
price_threshold_20: 15.20000
price_threshold_21: 19.66100
price_threshold_22: 30.85200
price_threshold_23: 41.36600
data_price_hour_rel_-14_amount: 7.96600
data_price_hour_abs_00_amount: 7.96600
data_price_hour_rel_-13_amount: 8.57400
data_price_hour_abs_01_amount: 8.57400
data_price_hour_rel_-12_amount: 8.47000
data_price_hour_abs_02_amount: 8.47000
data_price_hour_rel_-11_amount: 8.22700
data_price_hour_abs_03_amount: 8.22700
data_price_hour_rel_-10_amount: 8.37900
data_price_hour_abs_04_amount: 8.37900
data_price_hour_rel_-09_amount: 9.56000
data_price_hour_abs_05_amount: 9.56000
data_price_hour_rel_-08_amount: 10.99000
data_price_hour_abs_06_amount: 10.99000
data_price_hour_rel_-07_amount: 14.81400
data_price_hour_abs_07_amount: 14.81400
data_price_hour_rel_-06_amount: 12.55300
data_price_hour_abs_08_amount: 12.55300
data_price_hour_rel_-05_amount: 10.20500
data_price_hour_abs_09_amount: 10.20500
data_price_hour_rel_-04_amount: 8.58300
data_price_hour_abs_10_amount: 8.58300
data_price_hour_rel_-03_amount: 7.61400
data_price_hour_abs_11_amount: 7.61400
data_price_hour_rel_-02_amount: 6.53500
data_price_hour_abs_12_amount: 6.53500
data_price_hour_rel_-01_amount: 6.08400
data_price_hour_abs_13_amount: 6.08400
data_price_hour_rel_+00_amount: 6.96500
data_price_hour_abs_14_amount: 6.96500
data_price_hour_rel_+01_amount: 7.84600
data_price_hour_abs_15_amount: 7.84600
data_price_hour_rel_+02_amount: 9.97200
data_price_hour_abs_16_amount: 9.97200
data_price_hour_rel_+03_amount: 12.42800
data_price_hour_abs_17_amount: 12.42800
data_price_hour_rel_+04_amount: 19.66100
data_price_hour_abs_18_amount: 19.66100
data_price_hour_rel_+05_amount: 41.36600
data_price_hour_abs_19_amount: 41.36600
data_price_hour_rel_+06_amount: 30.85200
data_price_hour_abs_20_amount: 30.85200
data_price_hour_rel_+07_amount: 15.20000
data_price_hour_abs_21_amount: 15.20000
data_price_hour_rel_+08_amount: 12.39300
data_price_hour_abs_22_amount: 12.39300
data_price_hour_rel_+09_amount: 11.31200
data_price_hour_abs_23_amount: 11.31200