date_now: 2025-04-30 14:31:49
date_now_epoch: 1746016309922
date_now_day: 30
date_now_month: 4
date_now_year: 2025
date_start: 2025-04-30 00:00:00
date_end: 2025-04-30 23:59:59
price_low: -0.62100
price_high: 17.64300
price_median: 9.07000
price_average: 7.49583
price_current: -0.30000
price_unit: Cent/kWh
price_threshold_00: -0.62100
price_threshold_01: -0.30000
price_threshold_02: -0.10000
price_threshold_03: -0.00200
price_threshold_04: 0.00000
price_threshold_05: 0.70800
price_threshold_06: 1.99100
price_threshold_07: 7.67000
price_threshold_08: 7.83900
price_threshold_09: 8.75900
price_threshold_10: 8.82500
price_threshold_11: 9.00000
price_threshold_12: 9.14000
price_threshold_13: 9.50000
price_threshold_14: 9.58300
price_threshold_15: 9.86800
price_threshold_16: 9.99000
price_threshold_17: 10.18000
price_threshold_18: 10.83300
price_threshold_19: 11.52700
price_threshold_20: 12.03000
price_threshold_21: 12.80000
price_threshold_22: 13.03700
price_threshold_23: 17.64300
data_price_hour_rel_-14_amount: 9.50000
data_price_hour_abs_00_amount: 9.50000
data_price_hour_rel_-13_amount: 9.00000
data_price_hour_abs_01_amount: 9.00000
data_price_hour_rel_-12_amount: 8.75900
data_price_hour_abs_02_amount: 8.75900
data_price_hour_rel_-11_amount: 8.82500
data_price_hour_abs_03_amount: 8.82500
data_price_hour_rel_-10_amount: 9.14000
data_price_hour_abs_04_amount: 9.14000
data_price_hour_rel_-09_amount: 9.58300
data_price_hour_abs_05_amount: 9.58300
data_price_hour_rel_-08_amount: 11.52700
data_price_hour_abs_06_amount: 11.52700
data_price_hour_rel_-07_amount: 12.03000
data_price_hour_abs_07_amount: 12.03000
data_price_hour_rel_-06_amount: 9.99000
data_price_hour_abs_08_amount: 9.99000
data_price_hour_rel_-05_amount: 7.67000
data_price_hour_abs_09_amount: 7.67000
data_price_hour_rel_-04_amount: 0.70800
data_price_hour_abs_10_amount: 0.70800
data_price_hour_rel_-03_amount: 0.00000
data_price_hour_abs_11_amount: 0.00000
data_price_hour_rel_-02_amount: -0.10000
data_price_hour_abs_12_amount: -0.10000
data_price_hour_rel_-01_amount: -0.62100
data_price_hour_abs_13_amount: -0.62100
data_price_hour_rel_+00_amount: -0.30000
data_price_hour_abs_14_amount: -0.30000
data_price_hour_rel_+01_amount: -0.00200
data_price_hour_abs_15_amount: -0.00200
data_price_hour_rel_+02_amount: 1.99100
data_price_hour_abs_16_amount: 1.99100
data_price_hour_rel_+03_amount: 7.83900
data_price_hour_abs_17_amount: 7.83900
data_price_hour_rel_+04_amount: 10.18000
data_price_hour_abs_18_amount: 10.18000
data_price_hour_rel_+05_amount: 13.03700
data_price_hour_abs_19_amount: 13.03700
data_price_hour_rel_+06_amount: 17.64300
data_price_hour_abs_20_amount: 17.64300
data_price_hour_rel_+07_amount: 12.80000
data_price_hour_abs_21_amount: 12.80000
data_price_hour_rel_+08_amount: 10.83300
data_price_hour_abs_22_amount: 10.83300
data_price_hour_rel_+09_amount: 9.86800
data_price_hour_abs_23_amount: 9.86800