date_now: 2025-01-17 13:27:13
date_now_epoch: 1737116833351
date_now_day: 17
date_now_month: 1
date_now_year: 2025
date_start: 2025-01-17 00:00:00
date_end: 2025-01-17 23:59:59
price_low: 11.47200
price_high: 20.81300
price_median: 14.07650
price_average: 14.63183
price_current: 12.40300
price_unit: Cent/kWh
price_threshold_00: 11.47200
price_threshold_01: 11.54800
price_threshold_02: 11.57100
price_threshold_03: 11.83900
price_threshold_04: 11.88700
price_threshold_05: 12.21600
price_threshold_06: 12.40300
price_threshold_07: 12.64400
price_threshold_08: 12.68400
price_threshold_09: 13.29900
price_threshold_10: 13.99700
price_threshold_11: 14.07300
price_threshold_12: 14.08000
price_threshold_13: 14.50000
price_threshold_14: 15.19800
price_threshold_15: 15.79100
price_threshold_16: 15.80000
price_threshold_17: 17.02100
price_threshold_18: 17.42200
price_threshold_19: 17.50100
price_threshold_20: 17.53400
price_threshold_21: 17.87900
price_threshold_22: 17.99200
price_threshold_23: 20.81300
data_price_hour_rel_-13_amount: 11.88700
data_price_hour_abs_00_amount: 11.88700
data_price_hour_rel_-12_amount: 11.83900
data_price_hour_abs_01_amount: 11.83900
data_price_hour_rel_-11_amount: 11.57100
data_price_hour_abs_02_amount: 11.57100
data_price_hour_rel_-10_amount: 11.47200
data_price_hour_abs_03_amount: 11.47200
data_price_hour_rel_-09_amount: 11.54800
data_price_hour_abs_04_amount: 11.54800
data_price_hour_rel_-08_amount: 12.21600
data_price_hour_abs_05_amount: 12.21600
data_price_hour_rel_-07_amount: 14.08000
data_price_hour_abs_06_amount: 14.08000
data_price_hour_rel_-06_amount: 17.50100
data_price_hour_abs_07_amount: 17.50100
data_price_hour_rel_-05_amount: 20.81300
data_price_hour_abs_08_amount: 20.81300
data_price_hour_rel_-04_amount: 17.53400
data_price_hour_abs_09_amount: 17.53400
data_price_hour_rel_-03_amount: 15.80000
data_price_hour_abs_10_amount: 15.80000
data_price_hour_rel_-02_amount: 14.07300
data_price_hour_abs_11_amount: 14.07300
data_price_hour_rel_-01_amount: 12.64400
data_price_hour_abs_12_amount: 12.64400
data_price_hour_rel_+00_amount: 12.40300
data_price_hour_abs_13_amount: 12.40300
data_price_hour_rel_+01_amount: 13.29900
data_price_hour_abs_14_amount: 13.29900
data_price_hour_rel_+02_amount: 15.19800
data_price_hour_abs_15_amount: 15.19800
data_price_hour_rel_+03_amount: 17.02100
data_price_hour_abs_16_amount: 17.02100
data_price_hour_rel_+04_amount: 17.87900
data_price_hour_abs_17_amount: 17.87900
data_price_hour_rel_+05_amount: 17.99200
data_price_hour_abs_18_amount: 17.99200
data_price_hour_rel_+06_amount: 17.42200
data_price_hour_abs_19_amount: 17.42200
data_price_hour_rel_+07_amount: 15.79100
data_price_hour_abs_20_amount: 15.79100
data_price_hour_rel_+08_amount: 14.50000
data_price_hour_abs_21_amount: 14.50000
data_price_hour_rel_+09_amount: 13.99700
data_price_hour_abs_22_amount: 13.99700
data_price_hour_rel_+10_amount: 12.68400
data_price_hour_abs_23_amount: 12.68400