date_now: 2025-08-21 14:33:43
date_now_epoch: 1755779623558
date_now_day: 21
date_now_month: 8
date_now_year: 2025
date_start: 2025-08-21 00:00:00
date_end: 2025-08-21 23:59:59
price_low: 5.62600
price_high: 11.68900
price_median: 9.43300
price_average: 9.26846
price_current: 5.62600
price_unit: Cent/kWh
price_threshold_00: 5.62600
price_threshold_01: 6.60900
price_threshold_02: 6.82000
price_threshold_03: 6.94900
price_threshold_04: 7.23900
price_threshold_05: 7.76400
price_threshold_06: 8.58500
price_threshold_07: 8.75200
price_threshold_08: 9.07300
price_threshold_09: 9.08800
price_threshold_10: 9.23700
price_threshold_11: 9.28800
price_threshold_12: 9.57800
price_threshold_13: 9.61100
price_threshold_14: 9.73200
price_threshold_15: 10.32000
price_threshold_16: 10.50000
price_threshold_17: 10.63900
price_threshold_18: 10.77900
price_threshold_19: 10.85900
price_threshold_20: 11.07300
price_threshold_21: 11.07300
price_threshold_22: 11.56000
price_threshold_23: 11.68900
data_price_hour_rel_-14_amount: 9.61100
data_price_hour_abs_00_amount: 9.61100
data_price_hour_rel_-13_amount: 9.07300
data_price_hour_abs_01_amount: 9.07300
data_price_hour_rel_-12_amount: 8.75200
data_price_hour_abs_02_amount: 8.75200
data_price_hour_rel_-11_amount: 9.08800
data_price_hour_abs_03_amount: 9.08800
data_price_hour_rel_-10_amount: 9.23700
data_price_hour_abs_04_amount: 9.23700
data_price_hour_rel_-09_amount: 10.85900
data_price_hour_abs_05_amount: 10.85900
data_price_hour_rel_-08_amount: 11.56000
data_price_hour_abs_06_amount: 11.56000
data_price_hour_rel_-07_amount: 11.68900
data_price_hour_abs_07_amount: 11.68900
data_price_hour_rel_-06_amount: 10.77900
data_price_hour_abs_08_amount: 10.77900
data_price_hour_rel_-05_amount: 9.73200
data_price_hour_abs_09_amount: 9.73200
data_price_hour_rel_-04_amount: 8.58500
data_price_hour_abs_10_amount: 8.58500
data_price_hour_rel_-03_amount: 7.76400
data_price_hour_abs_11_amount: 7.76400
data_price_hour_rel_-02_amount: 6.94900
data_price_hour_abs_12_amount: 6.94900
data_price_hour_rel_-01_amount: 6.60900
data_price_hour_abs_13_amount: 6.60900
data_price_hour_rel_+00_amount: 5.62600
data_price_hour_abs_14_amount: 5.62600
data_price_hour_rel_+01_amount: 6.82000
data_price_hour_abs_15_amount: 6.82000
data_price_hour_rel_+02_amount: 7.23900
data_price_hour_abs_16_amount: 7.23900
data_price_hour_rel_+03_amount: 9.28800
data_price_hour_abs_17_amount: 9.28800
data_price_hour_rel_+04_amount: 10.32000
data_price_hour_abs_18_amount: 10.32000
data_price_hour_rel_+05_amount: 10.63900
data_price_hour_abs_19_amount: 10.63900
data_price_hour_rel_+06_amount: 11.07300
data_price_hour_abs_20_amount: 11.07300
data_price_hour_rel_+07_amount: 11.07300
data_price_hour_abs_21_amount: 11.07300
data_price_hour_rel_+08_amount: 10.50000
data_price_hour_abs_22_amount: 10.50000
data_price_hour_rel_+09_amount: 9.57800
data_price_hour_abs_23_amount: 9.57800