date_now: 2025-02-23 13:25:53
date_now_epoch: 1740313553689
date_now_day: 23
date_now_month: 2
date_now_year: 2025
date_start: 2025-02-23 00:00:00
date_end: 2025-02-23 23:59:59
price_low: 6.47500
price_high: 15.46900
price_median: 8.53800
price_average: 9.10421
price_current: 6.92000
price_unit: Cent/kWh
price_threshold_00: 6.47500
price_threshold_01: 6.59900
price_threshold_02: 6.91100
price_threshold_03: 6.92000
price_threshold_04: 7.11200
price_threshold_05: 7.38100
price_threshold_06: 7.73200
price_threshold_07: 8.15000
price_threshold_08: 8.30000
price_threshold_09: 8.36300
price_threshold_10: 8.47000
price_threshold_11: 8.49900
price_threshold_12: 8.57700
price_threshold_13: 8.62100
price_threshold_14: 8.73300
price_threshold_15: 8.77000
price_threshold_16: 9.11000
price_threshold_17: 9.60300
price_threshold_18: 9.93500
price_threshold_19: 10.80000
price_threshold_20: 11.22400
price_threshold_21: 11.70200
price_threshold_22: 15.04500
price_threshold_23: 15.46900
data_price_hour_rel_-13_amount: 9.11000
data_price_hour_abs_00_amount: 9.11000
data_price_hour_rel_-12_amount: 8.49900
data_price_hour_abs_01_amount: 8.49900
data_price_hour_rel_-11_amount: 8.62100
data_price_hour_abs_02_amount: 8.62100
data_price_hour_rel_-10_amount: 8.36300
data_price_hour_abs_03_amount: 8.36300
data_price_hour_rel_-09_amount: 8.57700
data_price_hour_abs_04_amount: 8.57700
data_price_hour_rel_-08_amount: 8.73300
data_price_hour_abs_05_amount: 8.73300
data_price_hour_rel_-07_amount: 8.77000
data_price_hour_abs_06_amount: 8.77000
data_price_hour_rel_-06_amount: 10.80000
data_price_hour_abs_07_amount: 10.80000
data_price_hour_rel_-05_amount: 11.22400
data_price_hour_abs_08_amount: 11.22400
data_price_hour_rel_-04_amount: 9.93500
data_price_hour_abs_09_amount: 9.93500
data_price_hour_rel_-03_amount: 8.30000
data_price_hour_abs_10_amount: 8.30000
data_price_hour_rel_-02_amount: 8.15000
data_price_hour_abs_11_amount: 8.15000
data_price_hour_rel_-01_amount: 7.11200
data_price_hour_abs_12_amount: 7.11200
data_price_hour_rel_+00_amount: 6.92000
data_price_hour_abs_13_amount: 6.92000
data_price_hour_rel_+01_amount: 6.47500
data_price_hour_abs_14_amount: 6.47500
data_price_hour_rel_+02_amount: 6.91100
data_price_hour_abs_15_amount: 6.91100
data_price_hour_rel_+03_amount: 8.47000
data_price_hour_abs_16_amount: 8.47000
data_price_hour_rel_+04_amount: 15.04500
data_price_hour_abs_17_amount: 15.04500
data_price_hour_rel_+05_amount: 15.46900
data_price_hour_abs_18_amount: 15.46900
data_price_hour_rel_+06_amount: 11.70200
data_price_hour_abs_19_amount: 11.70200
data_price_hour_rel_+07_amount: 9.60300
data_price_hour_abs_20_amount: 9.60300
data_price_hour_rel_+08_amount: 7.73200
data_price_hour_abs_21_amount: 7.73200
data_price_hour_rel_+09_amount: 7.38100
data_price_hour_abs_22_amount: 7.38100
data_price_hour_rel_+10_amount: 6.59900
data_price_hour_abs_23_amount: 6.59900