date_now: 2025-05-04 14:29:34
date_now_epoch: 1746361774917
date_now_day: 4
date_now_month: 5
date_now_year: 2025
date_start: 2025-05-04 00:00:00
date_end: 2025-05-04 23:59:59
price_low: -0.50100
price_high: 11.23800
price_median: 1.46000
price_average: 3.35421
price_current: -0.50100
price_unit: Cent/kWh
price_threshold_00: -0.50100
price_threshold_01: -0.20000
price_threshold_02: -0.15900
price_threshold_03: -0.00200
price_threshold_04: -0.00100
price_threshold_05: -0.00100
price_threshold_06: -0.00100
price_threshold_07: 0.00000
price_threshold_08: 0.29300
price_threshold_09: 0.78300
price_threshold_10: 1.00700
price_threshold_11: 1.36200
price_threshold_12: 1.55800
price_threshold_13: 2.00200
price_threshold_14: 2.03900
price_threshold_15: 3.14700
price_threshold_16: 4.49000
price_threshold_17: 6.03000
price_threshold_18: 8.00800
price_threshold_19: 8.73500
price_threshold_20: 9.59500
price_threshold_21: 10.17900
price_threshold_22: 10.90000
price_threshold_23: 11.23800
data_price_hour_rel_-14_amount: 6.03000
data_price_hour_abs_00_amount: 6.03000
data_price_hour_rel_-13_amount: 4.49000
data_price_hour_abs_01_amount: 4.49000
data_price_hour_rel_-12_amount: 3.14700
data_price_hour_abs_02_amount: 3.14700
data_price_hour_rel_-11_amount: 2.03900
data_price_hour_abs_03_amount: 2.03900
data_price_hour_rel_-10_amount: 2.00200
data_price_hour_abs_04_amount: 2.00200
data_price_hour_rel_-09_amount: 1.55800
data_price_hour_abs_05_amount: 1.55800
data_price_hour_rel_-08_amount: 1.36200
data_price_hour_abs_06_amount: 1.36200
data_price_hour_rel_-07_amount: 0.78300
data_price_hour_abs_07_amount: 0.78300
data_price_hour_rel_-06_amount: 0.29300
data_price_hour_abs_08_amount: 0.29300
data_price_hour_rel_-05_amount: 0.00000
data_price_hour_abs_09_amount: 0.00000
data_price_hour_rel_-04_amount: -0.00100
data_price_hour_abs_10_amount: -0.00100
data_price_hour_rel_-03_amount: -0.00100
data_price_hour_abs_11_amount: -0.00100
data_price_hour_rel_-02_amount: -0.00200
data_price_hour_abs_12_amount: -0.00200
data_price_hour_rel_-01_amount: -0.20000
data_price_hour_abs_13_amount: -0.20000
data_price_hour_rel_+00_amount: -0.50100
data_price_hour_abs_14_amount: -0.50100
data_price_hour_rel_+01_amount: -0.15900
data_price_hour_abs_15_amount: -0.15900
data_price_hour_rel_+02_amount: -0.00100
data_price_hour_abs_16_amount: -0.00100
data_price_hour_rel_+03_amount: 1.00700
data_price_hour_abs_17_amount: 1.00700
data_price_hour_rel_+04_amount: 8.00800
data_price_hour_abs_18_amount: 8.00800
data_price_hour_rel_+05_amount: 9.59500
data_price_hour_abs_19_amount: 9.59500
data_price_hour_rel_+06_amount: 10.90000
data_price_hour_abs_20_amount: 10.90000
data_price_hour_rel_+07_amount: 11.23800
data_price_hour_abs_21_amount: 11.23800
data_price_hour_rel_+08_amount: 10.17900
data_price_hour_abs_22_amount: 10.17900
data_price_hour_rel_+09_amount: 8.73500
data_price_hour_abs_23_amount: 8.73500