date_now: 2025-01-28 13:27:48
date_now_epoch: 1738067268316
date_now_day: 28
date_now_month: 1
date_now_year: 2025
date_start: 2025-01-28 00:00:00
date_end: 2025-01-28 23:59:59
price_low: 5.73300
price_high: 14.96000
price_median: 11.55450
price_average: 10.63742
price_current: 11.73900
price_unit: Cent/kWh
price_threshold_00: 5.73300
price_threshold_01: 6.44300
price_threshold_02: 6.92800
price_threshold_03: 7.15300
price_threshold_04: 7.69200
price_threshold_05: 7.69200
price_threshold_06: 7.75900
price_threshold_07: 7.98000
price_threshold_08: 8.72600
price_threshold_09: 9.47600
price_threshold_10: 9.82200
price_threshold_11: 11.47500
price_threshold_12: 11.63400
price_threshold_13: 11.73900
price_threshold_14: 12.05300
price_threshold_15: 12.13300
price_threshold_16: 12.54500
price_threshold_17: 12.89000
price_threshold_18: 13.49400
price_threshold_19: 13.53000
price_threshold_20: 13.99100
price_threshold_21: 14.70000
price_threshold_22: 14.75000
price_threshold_23: 14.96000
data_price_hour_rel_-13_amount: 7.69200
data_price_hour_abs_00_amount: 7.69200
data_price_hour_rel_-12_amount: 7.15300
data_price_hour_abs_01_amount: 7.15300
data_price_hour_rel_-11_amount: 5.73300
data_price_hour_abs_02_amount: 5.73300
data_price_hour_rel_-10_amount: 6.92800
data_price_hour_abs_03_amount: 6.92800
data_price_hour_rel_-09_amount: 7.69200
data_price_hour_abs_04_amount: 7.69200
data_price_hour_rel_-08_amount: 7.75900
data_price_hour_abs_05_amount: 7.75900
data_price_hour_rel_-07_amount: 9.82200
data_price_hour_abs_06_amount: 9.82200
data_price_hour_rel_-06_amount: 12.54500
data_price_hour_abs_07_amount: 12.54500
data_price_hour_rel_-05_amount: 14.75000
data_price_hour_abs_08_amount: 14.75000
data_price_hour_rel_-04_amount: 13.53000
data_price_hour_abs_09_amount: 13.53000
data_price_hour_rel_-03_amount: 12.05300
data_price_hour_abs_10_amount: 12.05300
data_price_hour_rel_-02_amount: 11.63400
data_price_hour_abs_11_amount: 11.63400
data_price_hour_rel_-01_amount: 11.47500
data_price_hour_abs_12_amount: 11.47500
data_price_hour_rel_+00_amount: 11.73900
data_price_hour_abs_13_amount: 11.73900
data_price_hour_rel_+01_amount: 12.13300
data_price_hour_abs_14_amount: 12.13300
data_price_hour_rel_+02_amount: 13.99100
data_price_hour_abs_15_amount: 13.99100
data_price_hour_rel_+03_amount: 14.70000
data_price_hour_abs_16_amount: 14.70000
data_price_hour_rel_+04_amount: 14.96000
data_price_hour_abs_17_amount: 14.96000
data_price_hour_rel_+05_amount: 13.49400
data_price_hour_abs_18_amount: 13.49400
data_price_hour_rel_+06_amount: 12.89000
data_price_hour_abs_19_amount: 12.89000
data_price_hour_rel_+07_amount: 9.47600
data_price_hour_abs_20_amount: 9.47600
data_price_hour_rel_+08_amount: 8.72600
data_price_hour_abs_21_amount: 8.72600
data_price_hour_rel_+09_amount: 7.98000
data_price_hour_abs_22_amount: 7.98000
data_price_hour_rel_+10_amount: 6.44300
data_price_hour_abs_23_amount: 6.44300