date_now: 2025-01-08 13:29:15
date_now_epoch: 1736339355118
date_now_day: 8
date_now_month: 1
date_now_year: 2025
date_start: 2025-01-08 00:00:00
date_end: 2025-01-08 23:59:59
price_low: 5.70100
price_high: 15.54600
price_median: 10.21600
price_average: 10.45275
price_current: 9.72000
price_unit: Cent/kWh
price_threshold_00: 5.70100
price_threshold_01: 6.33400
price_threshold_02: 6.62900
price_threshold_03: 6.80100
price_threshold_04: 7.10500
price_threshold_05: 7.20700
price_threshold_06: 8.27000
price_threshold_07: 8.99900
price_threshold_08: 9.46500
price_threshold_09: 9.72000
price_threshold_10: 10.00100
price_threshold_11: 10.07300
price_threshold_12: 10.35900
price_threshold_13: 10.81800
price_threshold_14: 11.01900
price_threshold_15: 11.59200
price_threshold_16: 12.78000
price_threshold_17: 12.78600
price_threshold_18: 12.82200
price_threshold_19: 13.58200
price_threshold_20: 13.68600
price_threshold_21: 14.64800
price_threshold_22: 14.92300
price_threshold_23: 15.54600
data_price_hour_rel_-13_amount: 7.10500
data_price_hour_abs_00_amount: 7.10500
data_price_hour_rel_-12_amount: 6.80100
data_price_hour_abs_01_amount: 6.80100
data_price_hour_rel_-11_amount: 6.33400
data_price_hour_abs_02_amount: 6.33400
data_price_hour_rel_-10_amount: 5.70100
data_price_hour_abs_03_amount: 5.70100
data_price_hour_rel_-09_amount: 6.62900
data_price_hour_abs_04_amount: 6.62900
data_price_hour_rel_-08_amount: 7.20700
data_price_hour_abs_05_amount: 7.20700
data_price_hour_rel_-07_amount: 8.27000
data_price_hour_abs_06_amount: 8.27000
data_price_hour_rel_-06_amount: 10.07300
data_price_hour_abs_07_amount: 10.07300
data_price_hour_rel_-05_amount: 12.82200
data_price_hour_abs_08_amount: 12.82200
data_price_hour_rel_-04_amount: 10.81800
data_price_hour_abs_09_amount: 10.81800
data_price_hour_rel_-03_amount: 9.46500
data_price_hour_abs_10_amount: 9.46500
data_price_hour_rel_-02_amount: 10.00100
data_price_hour_abs_11_amount: 10.00100
data_price_hour_rel_-01_amount: 8.99900
data_price_hour_abs_12_amount: 8.99900
data_price_hour_rel_+00_amount: 9.72000
data_price_hour_abs_13_amount: 9.72000
data_price_hour_rel_+01_amount: 11.01900
data_price_hour_abs_14_amount: 11.01900
data_price_hour_rel_+02_amount: 12.78000
data_price_hour_abs_15_amount: 12.78000
data_price_hour_rel_+03_amount: 13.58200
data_price_hour_abs_16_amount: 13.58200
data_price_hour_rel_+04_amount: 15.54600
data_price_hour_abs_17_amount: 15.54600
data_price_hour_rel_+05_amount: 14.92300
data_price_hour_abs_18_amount: 14.92300
data_price_hour_rel_+06_amount: 14.64800
data_price_hour_abs_19_amount: 14.64800
data_price_hour_rel_+07_amount: 13.68600
data_price_hour_abs_20_amount: 13.68600
data_price_hour_rel_+08_amount: 12.78600
data_price_hour_abs_21_amount: 12.78600
data_price_hour_rel_+09_amount: 11.59200
data_price_hour_abs_22_amount: 11.59200
data_price_hour_rel_+10_amount: 10.35900
data_price_hour_abs_23_amount: 10.35900