date_now: 2025-01-06 13:29:28
date_now_epoch: 1736166568519
date_now_day: 6
date_now_month: 1
date_now_year: 2025
date_start: 2025-01-06 00:00:00
date_end: 2025-01-06 23:59:59
price_low: 0.92000
price_high: 4.13700
price_median: 2.69050
price_average: 2.51638
price_current: 2.86000
price_unit: Cent/kWh
price_threshold_00: 0.92000
price_threshold_01: 1.00000
price_threshold_02: 1.13500
price_threshold_03: 1.29900
price_threshold_04: 1.38200
price_threshold_05: 1.48100
price_threshold_06: 1.92600
price_threshold_07: 2.38200
price_threshold_08: 2.56100
price_threshold_09: 2.63200
price_threshold_10: 2.65900
price_threshold_11: 2.68700
price_threshold_12: 2.69400
price_threshold_13: 2.75200
price_threshold_14: 2.86000
price_threshold_15: 2.87400
price_threshold_16: 3.12800
price_threshold_17: 3.15800
price_threshold_18: 3.16600
price_threshold_19: 3.17200
price_threshold_20: 3.28300
price_threshold_21: 3.46900
price_threshold_22: 3.63600
price_threshold_23: 4.13700
data_price_hour_rel_-13_amount: 2.75200
data_price_hour_abs_00_amount: 2.75200
data_price_hour_rel_-12_amount: 1.92600
data_price_hour_abs_01_amount: 1.92600
data_price_hour_rel_-11_amount: 1.13500
data_price_hour_abs_02_amount: 1.13500
data_price_hour_rel_-10_amount: 0.92000
data_price_hour_abs_03_amount: 0.92000
data_price_hour_rel_-09_amount: 1.00000
data_price_hour_abs_04_amount: 1.00000
data_price_hour_rel_-08_amount: 1.48100
data_price_hour_abs_05_amount: 1.48100
data_price_hour_rel_-07_amount: 2.38200
data_price_hour_abs_06_amount: 2.38200
data_price_hour_rel_-06_amount: 3.17200
data_price_hour_abs_07_amount: 3.17200
data_price_hour_rel_-05_amount: 4.13700
data_price_hour_abs_08_amount: 4.13700
data_price_hour_rel_-04_amount: 3.63600
data_price_hour_abs_09_amount: 3.63600
data_price_hour_rel_-03_amount: 3.46900
data_price_hour_abs_10_amount: 3.46900
data_price_hour_rel_-02_amount: 3.28300
data_price_hour_abs_11_amount: 3.28300
data_price_hour_rel_-01_amount: 3.12800
data_price_hour_abs_12_amount: 3.12800
data_price_hour_rel_+00_amount: 2.86000
data_price_hour_abs_13_amount: 2.86000
data_price_hour_rel_+01_amount: 2.56100
data_price_hour_abs_14_amount: 2.56100
data_price_hour_rel_+02_amount: 2.63200
data_price_hour_abs_15_amount: 2.63200
data_price_hour_rel_+03_amount: 2.68700
data_price_hour_abs_16_amount: 2.68700
data_price_hour_rel_+04_amount: 3.16600
data_price_hour_abs_17_amount: 3.16600
data_price_hour_rel_+05_amount: 3.15800
data_price_hour_abs_18_amount: 3.15800
data_price_hour_rel_+06_amount: 2.87400
data_price_hour_abs_19_amount: 2.87400
data_price_hour_rel_+07_amount: 2.65900
data_price_hour_abs_20_amount: 2.65900
data_price_hour_rel_+08_amount: 1.38200
data_price_hour_abs_21_amount: 1.38200
data_price_hour_rel_+09_amount: 2.69400
data_price_hour_abs_22_amount: 2.69400
data_price_hour_rel_+10_amount: 1.29900
data_price_hour_abs_23_amount: 1.29900