date_now: 2025-06-25 14:35:23
date_now_epoch: 1750854923860
date_now_day: 25
date_now_month: 6
date_now_year: 2025
date_start: 2025-06-25 00:00:00
date_end: 2025-06-25 23:59:59
price_low: -0.05100
price_high: 24.70200
price_median: 7.44350
price_average: 8.01488
price_current: -0.05100
price_unit: Cent/kWh
price_threshold_00: -0.05100
price_threshold_01: -0.01400
price_threshold_02: -0.00200
price_threshold_03: 0.00000
price_threshold_04: 0.00700
price_threshold_05: 1.00700
price_threshold_06: 1.78400
price_threshold_07: 6.76300
price_threshold_08: 6.90700
price_threshold_09: 7.00100
price_threshold_10: 7.00200
price_threshold_11: 7.00200
price_threshold_12: 7.88500
price_threshold_13: 8.27700
price_threshold_14: 8.44700
price_threshold_15: 9.78700
price_threshold_16: 10.57200
price_threshold_17: 10.58000
price_threshold_18: 11.23600
price_threshold_19: 12.68400
price_threshold_20: 13.41900
price_threshold_21: 17.36200
price_threshold_22: 20.00000
price_threshold_23: 24.70200
data_price_hour_rel_-14_amount: 7.88500
data_price_hour_abs_00_amount: 7.88500
data_price_hour_rel_-13_amount: 6.76300
data_price_hour_abs_01_amount: 6.76300
data_price_hour_rel_-12_amount: 7.00200
data_price_hour_abs_02_amount: 7.00200
data_price_hour_rel_-11_amount: 6.90700
data_price_hour_abs_03_amount: 6.90700
data_price_hour_rel_-10_amount: 7.00100
data_price_hour_abs_04_amount: 7.00100
data_price_hour_rel_-09_amount: 8.27700
data_price_hour_abs_05_amount: 8.27700
data_price_hour_rel_-08_amount: 10.57200
data_price_hour_abs_06_amount: 10.57200
data_price_hour_rel_-07_amount: 11.23600
data_price_hour_abs_07_amount: 11.23600
data_price_hour_rel_-06_amount: 9.78700
data_price_hour_abs_08_amount: 9.78700
data_price_hour_rel_-05_amount: 7.00200
data_price_hour_abs_09_amount: 7.00200
data_price_hour_rel_-04_amount: 1.00700
data_price_hour_abs_10_amount: 1.00700
data_price_hour_rel_-03_amount: 0.00700
data_price_hour_abs_11_amount: 0.00700
data_price_hour_rel_-02_amount: -0.00200
data_price_hour_abs_12_amount: -0.00200
data_price_hour_rel_-01_amount: -0.01400
data_price_hour_abs_13_amount: -0.01400
data_price_hour_rel_+00_amount: -0.05100
data_price_hour_abs_14_amount: -0.05100
data_price_hour_rel_+01_amount: 0.00000
data_price_hour_abs_15_amount: 0.00000
data_price_hour_rel_+02_amount: 1.78400
data_price_hour_abs_16_amount: 1.78400
data_price_hour_rel_+03_amount: 8.44700
data_price_hour_abs_17_amount: 8.44700
data_price_hour_rel_+04_amount: 10.58000
data_price_hour_abs_18_amount: 10.58000
data_price_hour_rel_+05_amount: 13.41900
data_price_hour_abs_19_amount: 13.41900
data_price_hour_rel_+06_amount: 20.00000
data_price_hour_abs_20_amount: 20.00000
data_price_hour_rel_+07_amount: 24.70200
data_price_hour_abs_21_amount: 24.70200
data_price_hour_rel_+08_amount: 17.36200
data_price_hour_abs_22_amount: 17.36200
data_price_hour_rel_+09_amount: 12.68400
data_price_hour_abs_23_amount: 12.68400