date_now: 2025-02-15 13:25:13
date_now_epoch: 1739622313270
date_now_day: 15
date_now_month: 2
date_now_year: 2025
date_start: 2025-02-15 00:00:00
date_end: 2025-02-15 23:59:59
price_low: 11.00100
price_high: 17.47000
price_median: 12.95850
price_average: 13.36575
price_current: 11.00100
price_unit: Cent/kWh
price_threshold_00: 11.00100
price_threshold_01: 11.23900
price_threshold_02: 11.61500
price_threshold_03: 11.82400
price_threshold_04: 11.83600
price_threshold_05: 11.84500
price_threshold_06: 12.00000
price_threshold_07: 12.03700
price_threshold_08: 12.45400
price_threshold_09: 12.45900
price_threshold_10: 12.83100
price_threshold_11: 12.88300
price_threshold_12: 13.03400
price_threshold_13: 13.23700
price_threshold_14: 13.37400
price_threshold_15: 13.52900
price_threshold_16: 13.70100
price_threshold_17: 14.58900
price_threshold_18: 14.85800
price_threshold_19: 14.96500
price_threshold_20: 15.06700
price_threshold_21: 16.45400
price_threshold_22: 16.47600
price_threshold_23: 17.47000
data_price_hour_rel_-13_amount: 13.52900
data_price_hour_abs_00_amount: 13.52900
data_price_hour_rel_-12_amount: 13.03400
data_price_hour_abs_01_amount: 13.03400
data_price_hour_rel_-11_amount: 12.00000
data_price_hour_abs_02_amount: 12.00000
data_price_hour_rel_-10_amount: 11.82400
data_price_hour_abs_03_amount: 11.82400
data_price_hour_rel_-09_amount: 11.84500
data_price_hour_abs_04_amount: 11.84500
data_price_hour_rel_-08_amount: 12.03700
data_price_hour_abs_05_amount: 12.03700
data_price_hour_rel_-07_amount: 13.37400
data_price_hour_abs_06_amount: 13.37400
data_price_hour_rel_-06_amount: 14.85800
data_price_hour_abs_07_amount: 14.85800
data_price_hour_rel_-05_amount: 15.06700
data_price_hour_abs_08_amount: 15.06700
data_price_hour_rel_-04_amount: 13.70100
data_price_hour_abs_09_amount: 13.70100
data_price_hour_rel_-03_amount: 12.45900
data_price_hour_abs_10_amount: 12.45900
data_price_hour_rel_-02_amount: 11.83600
data_price_hour_abs_11_amount: 11.83600
data_price_hour_rel_-01_amount: 11.23900
data_price_hour_abs_12_amount: 11.23900
data_price_hour_rel_+00_amount: 11.00100
data_price_hour_abs_13_amount: 11.00100
data_price_hour_rel_+01_amount: 11.61500
data_price_hour_abs_14_amount: 11.61500
data_price_hour_rel_+02_amount: 12.88300
data_price_hour_abs_15_amount: 12.88300
data_price_hour_rel_+03_amount: 14.58900
data_price_hour_abs_16_amount: 14.58900
data_price_hour_rel_+04_amount: 16.45400
data_price_hour_abs_17_amount: 16.45400
data_price_hour_rel_+05_amount: 17.47000
data_price_hour_abs_18_amount: 17.47000
data_price_hour_rel_+06_amount: 16.47600
data_price_hour_abs_19_amount: 16.47600
data_price_hour_rel_+07_amount: 14.96500
data_price_hour_abs_20_amount: 14.96500
data_price_hour_rel_+08_amount: 12.83100
data_price_hour_abs_21_amount: 12.83100
data_price_hour_rel_+09_amount: 13.23700
data_price_hour_abs_22_amount: 13.23700
data_price_hour_rel_+10_amount: 12.45400
data_price_hour_abs_23_amount: 12.45400