date_now: 2025-06-05 14:34:39
date_now_epoch: 1749126879896
date_now_day: 5
date_now_month: 6
date_now_year: 2025
date_start: 2025-06-05 00:00:00
date_end: 2025-06-05 23:59:59
price_low: 0.70700
price_high: 13.64000
price_median: 8.69250
price_average: 8.01579
price_current: 0.70700
price_unit: Cent/kWh
price_threshold_00: 0.70700
price_threshold_01: 1.10300
price_threshold_02: 1.98700
price_threshold_03: 2.00000
price_threshold_04: 4.61800
price_threshold_05: 5.75000
price_threshold_06: 6.60000
price_threshold_07: 8.10800
price_threshold_08: 8.13600
price_threshold_09: 8.30300
price_threshold_10: 8.61000
price_threshold_11: 8.68400
price_threshold_12: 8.70100
price_threshold_13: 8.80900
price_threshold_14: 9.27000
price_threshold_15: 9.63700
price_threshold_16: 9.76700
price_threshold_17: 10.09400
price_threshold_18: 10.69500
price_threshold_19: 11.21900
price_threshold_20: 11.37800
price_threshold_21: 11.66000
price_threshold_22: 12.90300
price_threshold_23: 13.64000
data_price_hour_rel_-14_amount: 9.76700
data_price_hour_abs_00_amount: 9.76700
data_price_hour_rel_-13_amount: 9.27000
data_price_hour_abs_01_amount: 9.27000
data_price_hour_rel_-12_amount: 8.68400
data_price_hour_abs_02_amount: 8.68400
data_price_hour_rel_-11_amount: 8.61000
data_price_hour_abs_03_amount: 8.61000
data_price_hour_rel_-10_amount: 8.70100
data_price_hour_abs_04_amount: 8.70100
data_price_hour_rel_-09_amount: 8.80900
data_price_hour_abs_05_amount: 8.80900
data_price_hour_rel_-08_amount: 11.37800
data_price_hour_abs_06_amount: 11.37800
data_price_hour_rel_-07_amount: 12.90300
data_price_hour_abs_07_amount: 12.90300
data_price_hour_rel_-06_amount: 11.66000
data_price_hour_abs_08_amount: 11.66000
data_price_hour_rel_-05_amount: 8.30300
data_price_hour_abs_09_amount: 8.30300
data_price_hour_rel_-04_amount: 6.60000
data_price_hour_abs_10_amount: 6.60000
data_price_hour_rel_-03_amount: 4.61800
data_price_hour_abs_11_amount: 4.61800
data_price_hour_rel_-02_amount: 2.00000
data_price_hour_abs_12_amount: 2.00000
data_price_hour_rel_-01_amount: 1.10300
data_price_hour_abs_13_amount: 1.10300
data_price_hour_rel_+00_amount: 0.70700
data_price_hour_abs_14_amount: 0.70700
data_price_hour_rel_+01_amount: 1.98700
data_price_hour_abs_15_amount: 1.98700
data_price_hour_rel_+02_amount: 5.75000
data_price_hour_abs_16_amount: 5.75000
data_price_hour_rel_+03_amount: 8.10800
data_price_hour_abs_17_amount: 8.10800
data_price_hour_rel_+04_amount: 10.09400
data_price_hour_abs_18_amount: 10.09400
data_price_hour_rel_+05_amount: 11.21900
data_price_hour_abs_19_amount: 11.21900
data_price_hour_rel_+06_amount: 13.64000
data_price_hour_abs_20_amount: 13.64000
data_price_hour_rel_+07_amount: 10.69500
data_price_hour_abs_21_amount: 10.69500
data_price_hour_rel_+08_amount: 9.63700
data_price_hour_abs_22_amount: 9.63700
data_price_hour_rel_+09_amount: 8.13600
data_price_hour_abs_23_amount: 8.13600