date_now: 2025-06-28 14:30:56
date_now_epoch: 1751113856492
date_now_day: 28
date_now_month: 6
date_now_year: 2025
date_start: 2025-06-28 00:00:00
date_end: 2025-06-28 23:59:59
price_low: -0.30900
price_high: 12.38600
price_median: 6.65000
price_average: 5.25146
price_current: -0.30900
price_unit: Cent/kWh
price_threshold_00: -0.30900
price_threshold_01: -0.20100
price_threshold_02: -0.10100
price_threshold_03: -0.10000
price_threshold_04: -0.10000
price_threshold_05: -0.00400
price_threshold_06: 0.00100
price_threshold_07: 0.23400
price_threshold_08: 0.29700
price_threshold_09: 2.78000
price_threshold_10: 5.88400
price_threshold_11: 6.27300
price_threshold_12: 7.02700
price_threshold_13: 7.40000
price_threshold_14: 7.54000
price_threshold_15: 7.65900
price_threshold_16: 8.20200
price_threshold_17: 8.96100
price_threshold_18: 9.47000
price_threshold_19: 9.50300
price_threshold_20: 10.35000
price_threshold_21: 10.89900
price_threshold_22: 11.98400
price_threshold_23: 12.38600
data_price_hour_rel_-14_amount: 9.47000
data_price_hour_abs_00_amount: 9.47000
data_price_hour_rel_-13_amount: 8.96100
data_price_hour_abs_01_amount: 8.96100
data_price_hour_rel_-12_amount: 8.20200
data_price_hour_abs_02_amount: 8.20200
data_price_hour_rel_-11_amount: 7.65900
data_price_hour_abs_03_amount: 7.65900
data_price_hour_rel_-10_amount: 7.02700
data_price_hour_abs_04_amount: 7.02700
data_price_hour_rel_-09_amount: 7.54000
data_price_hour_abs_05_amount: 7.54000
data_price_hour_rel_-08_amount: 7.40000
data_price_hour_abs_06_amount: 7.40000
data_price_hour_rel_-07_amount: 5.88400
data_price_hour_abs_07_amount: 5.88400
data_price_hour_rel_-06_amount: 2.78000
data_price_hour_abs_08_amount: 2.78000
data_price_hour_rel_-05_amount: 0.23400
data_price_hour_abs_09_amount: 0.23400
data_price_hour_rel_-04_amount: 0.00100
data_price_hour_abs_10_amount: 0.00100
data_price_hour_rel_-03_amount: -0.00400
data_price_hour_abs_11_amount: -0.00400
data_price_hour_rel_-02_amount: -0.10000
data_price_hour_abs_12_amount: -0.10000
data_price_hour_rel_-01_amount: -0.20100
data_price_hour_abs_13_amount: -0.20100
data_price_hour_rel_+00_amount: -0.30900
data_price_hour_abs_14_amount: -0.30900
data_price_hour_rel_+01_amount: -0.10100
data_price_hour_abs_15_amount: -0.10100
data_price_hour_rel_+02_amount: -0.10000
data_price_hour_abs_16_amount: -0.10000
data_price_hour_rel_+03_amount: 0.29700
data_price_hour_abs_17_amount: 0.29700
data_price_hour_rel_+04_amount: 6.27300
data_price_hour_abs_18_amount: 6.27300
data_price_hour_rel_+05_amount: 9.50300
data_price_hour_abs_19_amount: 9.50300
data_price_hour_rel_+06_amount: 10.89900
data_price_hour_abs_20_amount: 10.89900
data_price_hour_rel_+07_amount: 12.38600
data_price_hour_abs_21_amount: 12.38600
data_price_hour_rel_+08_amount: 11.98400
data_price_hour_abs_22_amount: 11.98400
data_price_hour_rel_+09_amount: 10.35000
data_price_hour_abs_23_amount: 10.35000