date_now: 2025-02-09 13:24:59
date_now_epoch: 1739103899285
date_now_day: 9
date_now_month: 2
date_now_year: 2025
date_start: 2025-02-09 00:00:00
date_end: 2025-02-09 23:59:59
price_low: 9.55300
price_high: 16.19300
price_median: 12.90750
price_average: 12.84196
price_current: 9.55300
price_unit: Cent/kWh
price_threshold_00: 9.55300
price_threshold_01: 9.87100
price_threshold_02: 10.56500
price_threshold_03: 10.99000
price_threshold_04: 11.47900
price_threshold_05: 11.67900
price_threshold_06: 11.70000
price_threshold_07: 11.70000
price_threshold_08: 11.93000
price_threshold_09: 12.04000
price_threshold_10: 12.39700
price_threshold_11: 12.79700
price_threshold_12: 13.01800
price_threshold_13: 13.34300
price_threshold_14: 13.45100
price_threshold_15: 13.50000
price_threshold_16: 13.67700
price_threshold_17: 14.19600
price_threshold_18: 14.29200
price_threshold_19: 14.30000
price_threshold_20: 14.85800
price_threshold_21: 15.06500
price_threshold_22: 15.61300
price_threshold_23: 16.19300
data_price_hour_rel_-13_amount: 13.50000
data_price_hour_abs_00_amount: 13.50000
data_price_hour_rel_-12_amount: 13.45100
data_price_hour_abs_01_amount: 13.45100
data_price_hour_rel_-11_amount: 13.01800
data_price_hour_abs_02_amount: 13.01800
data_price_hour_rel_-10_amount: 11.93000
data_price_hour_abs_03_amount: 11.93000
data_price_hour_rel_-09_amount: 11.67900
data_price_hour_abs_04_amount: 11.67900
data_price_hour_rel_-08_amount: 11.70000
data_price_hour_abs_05_amount: 11.70000
data_price_hour_rel_-07_amount: 11.70000
data_price_hour_abs_06_amount: 11.70000
data_price_hour_rel_-06_amount: 13.34300
data_price_hour_abs_07_amount: 13.34300
data_price_hour_rel_-05_amount: 13.67700
data_price_hour_abs_08_amount: 13.67700
data_price_hour_rel_-04_amount: 12.39700
data_price_hour_abs_09_amount: 12.39700
data_price_hour_rel_-03_amount: 11.47900
data_price_hour_abs_10_amount: 11.47900
data_price_hour_rel_-02_amount: 10.56500
data_price_hour_abs_11_amount: 10.56500
data_price_hour_rel_-01_amount: 9.87100
data_price_hour_abs_12_amount: 9.87100
data_price_hour_rel_+00_amount: 9.55300
data_price_hour_abs_13_amount: 9.55300
data_price_hour_rel_+01_amount: 10.99000
data_price_hour_abs_14_amount: 10.99000
data_price_hour_rel_+02_amount: 12.04000
data_price_hour_abs_15_amount: 12.04000
data_price_hour_rel_+03_amount: 14.19600
data_price_hour_abs_16_amount: 14.19600
data_price_hour_rel_+04_amount: 14.85800
data_price_hour_abs_17_amount: 14.85800
data_price_hour_rel_+05_amount: 16.19300
data_price_hour_abs_18_amount: 16.19300
data_price_hour_rel_+06_amount: 15.61300
data_price_hour_abs_19_amount: 15.61300
data_price_hour_rel_+07_amount: 15.06500
data_price_hour_abs_20_amount: 15.06500
data_price_hour_rel_+08_amount: 14.29200
data_price_hour_abs_21_amount: 14.29200
data_price_hour_rel_+09_amount: 14.30000
data_price_hour_abs_22_amount: 14.30000
data_price_hour_rel_+10_amount: 12.79700
data_price_hour_abs_23_amount: 12.79700