date_now: 2025-09-25 14:34:30
date_now_epoch: 1758803670485
date_now_day: 25
date_now_month: 9
date_now_year: 2025
date_start: 2025-09-25 00:00:00
date_end: 2025-09-25 23:59:59
price_low: 1.60300
price_high: 12.49900
price_median: 7.76400
price_average: 8.18121
price_current: 2.01000
price_unit: Cent/kWh
price_threshold_00: 1.60300
price_threshold_01: 2.01000
price_threshold_02: 3.81800
price_threshold_03: 4.36600
price_threshold_04: 6.78100
price_threshold_05: 6.80900
price_threshold_06: 6.92400
price_threshold_07: 6.96900
price_threshold_08: 7.16900
price_threshold_09: 7.33000
price_threshold_10: 7.50000
price_threshold_11: 7.73300
price_threshold_12: 7.79500
price_threshold_13: 8.10900
price_threshold_14: 8.87900
price_threshold_15: 9.47700
price_threshold_16: 10.48800
price_threshold_17: 10.58300
price_threshold_18: 10.85500
price_threshold_19: 11.70400
price_threshold_20: 12.14700
price_threshold_21: 12.37500
price_threshold_22: 12.42600
price_threshold_23: 12.49900
data_price_hour_rel_-14_amount: 7.33000
data_price_hour_abs_00_amount: 7.33000
data_price_hour_rel_-13_amount: 6.96900
data_price_hour_abs_01_amount: 6.96900
data_price_hour_rel_-12_amount: 6.78100
data_price_hour_abs_02_amount: 6.78100
data_price_hour_rel_-11_amount: 6.80900
data_price_hour_abs_03_amount: 6.80900
data_price_hour_rel_-10_amount: 7.16900
data_price_hour_abs_04_amount: 7.16900
data_price_hour_rel_-09_amount: 7.73300
data_price_hour_abs_05_amount: 7.73300
data_price_hour_rel_-08_amount: 10.85500
data_price_hour_abs_06_amount: 10.85500
data_price_hour_rel_-07_amount: 12.42600
data_price_hour_abs_07_amount: 12.42600
data_price_hour_rel_-06_amount: 12.49900
data_price_hour_abs_08_amount: 12.49900
data_price_hour_rel_-05_amount: 10.48800
data_price_hour_abs_09_amount: 10.48800
data_price_hour_rel_-04_amount: 7.79500
data_price_hour_abs_10_amount: 7.79500
data_price_hour_rel_-03_amount: 6.92400
data_price_hour_abs_11_amount: 6.92400
data_price_hour_rel_-02_amount: 3.81800
data_price_hour_abs_12_amount: 3.81800
data_price_hour_rel_-01_amount: 1.60300
data_price_hour_abs_13_amount: 1.60300
data_price_hour_rel_+00_amount: 2.01000
data_price_hour_abs_14_amount: 2.01000
data_price_hour_rel_+01_amount: 4.36600
data_price_hour_abs_15_amount: 4.36600
data_price_hour_rel_+02_amount: 7.50000
data_price_hour_abs_16_amount: 7.50000
data_price_hour_rel_+03_amount: 8.87900
data_price_hour_abs_17_amount: 8.87900
data_price_hour_rel_+04_amount: 11.70400
data_price_hour_abs_18_amount: 11.70400
data_price_hour_rel_+05_amount: 12.14700
data_price_hour_abs_19_amount: 12.14700
data_price_hour_rel_+06_amount: 12.37500
data_price_hour_abs_20_amount: 12.37500
data_price_hour_rel_+07_amount: 10.58300
data_price_hour_abs_21_amount: 10.58300
data_price_hour_rel_+08_amount: 9.47700
data_price_hour_abs_22_amount: 9.47700
data_price_hour_rel_+09_amount: 8.10900
data_price_hour_abs_23_amount: 8.10900