date_now: 2025-02-13 13:28:47
date_now_epoch: 1739449727081
date_now_day: 13
date_now_month: 2
date_now_year: 2025
date_start: 2025-02-13 00:00:00
date_end: 2025-02-13 23:59:59
price_low: 13.65900
price_high: 22.23600
price_median: 17.01000
price_average: 17.21233
price_current: 17.01000
price_unit: Cent/kWh
price_threshold_00: 13.65900
price_threshold_01: 13.77500
price_threshold_02: 13.89700
price_threshold_03: 14.00000
price_threshold_04: 14.03300
price_threshold_05: 14.07900
price_threshold_06: 14.20000
price_threshold_07: 15.31200
price_threshold_08: 15.99900
price_threshold_09: 16.29200
price_threshold_10: 16.67000
price_threshold_11: 17.01000
price_threshold_12: 17.01000
price_threshold_13: 17.45200
price_threshold_14: 17.70300
price_threshold_15: 18.20000
price_threshold_16: 18.46800
price_threshold_17: 19.03300
price_threshold_18: 19.65200
price_threshold_19: 20.38900
price_threshold_20: 20.71700
price_threshold_21: 21.30500
price_threshold_22: 22.00500
price_threshold_23: 22.23600
data_price_hour_rel_-13_amount: 14.03300
data_price_hour_abs_00_amount: 14.03300
data_price_hour_rel_-12_amount: 13.77500
data_price_hour_abs_01_amount: 13.77500
data_price_hour_rel_-11_amount: 14.07900
data_price_hour_abs_02_amount: 14.07900
data_price_hour_rel_-10_amount: 13.65900
data_price_hour_abs_03_amount: 13.65900
data_price_hour_rel_-09_amount: 14.00000
data_price_hour_abs_04_amount: 14.00000
data_price_hour_rel_-08_amount: 14.20000
data_price_hour_abs_05_amount: 14.20000
data_price_hour_rel_-07_amount: 15.99900
data_price_hour_abs_06_amount: 15.99900
data_price_hour_rel_-06_amount: 19.03300
data_price_hour_abs_07_amount: 19.03300
data_price_hour_rel_-05_amount: 22.23600
data_price_hour_abs_08_amount: 22.23600
data_price_hour_rel_-04_amount: 22.00500
data_price_hour_abs_09_amount: 22.00500
data_price_hour_rel_-03_amount: 20.38900
data_price_hour_abs_10_amount: 20.38900
data_price_hour_rel_-02_amount: 18.46800
data_price_hour_abs_11_amount: 18.46800
data_price_hour_rel_-01_amount: 17.45200
data_price_hour_abs_12_amount: 17.45200
data_price_hour_rel_+00_amount: 17.01000
data_price_hour_abs_13_amount: 17.01000
data_price_hour_rel_+01_amount: 16.67000
data_price_hour_abs_14_amount: 16.67000
data_price_hour_rel_+02_amount: 17.01000
data_price_hour_abs_15_amount: 17.01000
data_price_hour_rel_+03_amount: 18.20000
data_price_hour_abs_16_amount: 18.20000
data_price_hour_rel_+04_amount: 21.30500
data_price_hour_abs_17_amount: 21.30500
data_price_hour_rel_+05_amount: 20.71700
data_price_hour_abs_18_amount: 20.71700
data_price_hour_rel_+06_amount: 19.65200
data_price_hour_abs_19_amount: 19.65200
data_price_hour_rel_+07_amount: 17.70300
data_price_hour_abs_20_amount: 17.70300
data_price_hour_rel_+08_amount: 16.29200
data_price_hour_abs_21_amount: 16.29200
data_price_hour_rel_+09_amount: 15.31200
data_price_hour_abs_22_amount: 15.31200
data_price_hour_rel_+10_amount: 13.89700
data_price_hour_abs_23_amount: 13.89700