date_now: 2025-05-08 14:32:48
date_now_epoch: 1746707568353
date_now_day: 8
date_now_month: 5
date_now_year: 2025
date_start: 2025-05-08 00:00:00
date_end: 2025-05-08 23:59:59
price_low: 6.37500
price_high: 18.50800
price_median: 9.59750
price_average: 10.31771
price_current: 7.00500
price_unit: Cent/kWh
price_threshold_00: 6.37500
price_threshold_01: 6.42500
price_threshold_02: 7.00500
price_threshold_03: 7.53400
price_threshold_04: 7.87700
price_threshold_05: 8.53000
price_threshold_06: 8.78100
price_threshold_07: 9.15100
price_threshold_08: 9.16300
price_threshold_09: 9.16600
price_threshold_10: 9.31800
price_threshold_11: 9.58600
price_threshold_12: 9.60900
price_threshold_13: 10.11300
price_threshold_14: 10.64800
price_threshold_15: 10.90900
price_threshold_16: 10.92500
price_threshold_17: 11.47700
price_threshold_18: 12.41100
price_threshold_19: 12.42700
price_threshold_20: 13.49600
price_threshold_21: 13.87300
price_threshold_22: 14.31800
price_threshold_23: 18.50800
data_price_hour_rel_-14_amount: 9.58600
data_price_hour_abs_00_amount: 9.58600
data_price_hour_rel_-13_amount: 9.16600
data_price_hour_abs_01_amount: 9.16600
data_price_hour_rel_-12_amount: 9.15100
data_price_hour_abs_02_amount: 9.15100
data_price_hour_rel_-11_amount: 9.31800
data_price_hour_abs_03_amount: 9.31800
data_price_hour_rel_-10_amount: 9.60900
data_price_hour_abs_04_amount: 9.60900
data_price_hour_rel_-09_amount: 10.92500
data_price_hour_abs_05_amount: 10.92500
data_price_hour_rel_-08_amount: 12.42700
data_price_hour_abs_06_amount: 12.42700
data_price_hour_rel_-07_amount: 13.87300
data_price_hour_abs_07_amount: 13.87300
data_price_hour_rel_-06_amount: 12.41100
data_price_hour_abs_08_amount: 12.41100
data_price_hour_rel_-05_amount: 10.11300
data_price_hour_abs_09_amount: 10.11300
data_price_hour_rel_-04_amount: 8.78100
data_price_hour_abs_10_amount: 8.78100
data_price_hour_rel_-03_amount: 7.53400
data_price_hour_abs_11_amount: 7.53400
data_price_hour_rel_-02_amount: 6.42500
data_price_hour_abs_12_amount: 6.42500
data_price_hour_rel_-01_amount: 6.37500
data_price_hour_abs_13_amount: 6.37500
data_price_hour_rel_+00_amount: 7.00500
data_price_hour_abs_14_amount: 7.00500
data_price_hour_rel_+01_amount: 7.87700
data_price_hour_abs_15_amount: 7.87700
data_price_hour_rel_+02_amount: 8.53000
data_price_hour_abs_16_amount: 8.53000
data_price_hour_rel_+03_amount: 9.16300
data_price_hour_abs_17_amount: 9.16300
data_price_hour_rel_+04_amount: 10.90900
data_price_hour_abs_18_amount: 10.90900
data_price_hour_rel_+05_amount: 13.49600
data_price_hour_abs_19_amount: 13.49600
data_price_hour_rel_+06_amount: 18.50800
data_price_hour_abs_20_amount: 18.50800
data_price_hour_rel_+07_amount: 14.31800
data_price_hour_abs_21_amount: 14.31800
data_price_hour_rel_+08_amount: 11.47700
data_price_hour_abs_22_amount: 11.47700
data_price_hour_rel_+09_amount: 10.64800
data_price_hour_abs_23_amount: 10.64800