date_now: 2025-05-25 14:30:04
date_now_epoch: 1748176204737
date_now_day: 25
date_now_month: 5
date_now_year: 2025
date_start: 2025-05-25 00:00:00
date_end: 2025-05-25 23:59:59
price_low: -0.50500
price_high: 10.74100
price_median: 0.16600
price_average: 2.37133
price_current: -0.50500
price_unit: Cent/kWh
price_threshold_00: -0.50500
price_threshold_01: -0.49500
price_threshold_02: -0.31900
price_threshold_03: -0.13700
price_threshold_04: -0.06100
price_threshold_05: -0.06000
price_threshold_06: -0.02500
price_threshold_07: 0.00000
price_threshold_08: 0.00000
price_threshold_09: 0.00300
price_threshold_10: 0.11700
price_threshold_11: 0.12100
price_threshold_12: 0.21100
price_threshold_13: 0.39000
price_threshold_14: 0.83800
price_threshold_15: 1.17200
price_threshold_16: 1.43900
price_threshold_17: 2.29000
price_threshold_18: 2.38200
price_threshold_19: 9.29200
price_threshold_20: 9.29500
price_threshold_21: 10.00000
price_threshold_22: 10.22300
price_threshold_23: 10.74100
data_price_hour_rel_-14_amount: 2.38200
data_price_hour_abs_00_amount: 2.38200
data_price_hour_rel_-13_amount: 2.29000
data_price_hour_abs_01_amount: 2.29000
data_price_hour_rel_-12_amount: 1.43900
data_price_hour_abs_02_amount: 1.43900
data_price_hour_rel_-11_amount: 0.83800
data_price_hour_abs_03_amount: 0.83800
data_price_hour_rel_-10_amount: 0.39000
data_price_hour_abs_04_amount: 0.39000
data_price_hour_rel_-09_amount: 0.21100
data_price_hour_abs_05_amount: 0.21100
data_price_hour_rel_-08_amount: 0.11700
data_price_hour_abs_06_amount: 0.11700
data_price_hour_rel_-07_amount: 0.12100
data_price_hour_abs_07_amount: 0.12100
data_price_hour_rel_-06_amount: 0.00300
data_price_hour_abs_08_amount: 0.00300
data_price_hour_rel_-05_amount: 0.00000
data_price_hour_abs_09_amount: 0.00000
data_price_hour_rel_-04_amount: -0.06100
data_price_hour_abs_10_amount: -0.06100
data_price_hour_rel_-03_amount: -0.06000
data_price_hour_abs_11_amount: -0.06000
data_price_hour_rel_-02_amount: -0.02500
data_price_hour_abs_12_amount: -0.02500
data_price_hour_rel_-01_amount: -0.31900
data_price_hour_abs_13_amount: -0.31900
data_price_hour_rel_+00_amount: -0.50500
data_price_hour_abs_14_amount: -0.50500
data_price_hour_rel_+01_amount: -0.49500
data_price_hour_abs_15_amount: -0.49500
data_price_hour_rel_+02_amount: -0.13700
data_price_hour_abs_16_amount: -0.13700
data_price_hour_rel_+03_amount: 0.00000
data_price_hour_abs_17_amount: 0.00000
data_price_hour_rel_+04_amount: 1.17200
data_price_hour_abs_18_amount: 1.17200
data_price_hour_rel_+05_amount: 9.29500
data_price_hour_abs_19_amount: 9.29500
data_price_hour_rel_+06_amount: 10.00000
data_price_hour_abs_20_amount: 10.00000
data_price_hour_rel_+07_amount: 10.74100
data_price_hour_abs_21_amount: 10.74100
data_price_hour_rel_+08_amount: 10.22300
data_price_hour_abs_22_amount: 10.22300
data_price_hour_rel_+09_amount: 9.29200
data_price_hour_abs_23_amount: 9.29200