date_now: 2025-01-29 13:27:43
date_now_epoch: 1738153663221
date_now_day: 29
date_now_month: 1
date_now_year: 2025
date_start: 2025-01-29 00:00:00
date_end: 2025-01-29 23:59:59
price_low: 7.56400
price_high: 15.00900
price_median: 10.10400
price_average: 10.81350
price_current: 8.55300
price_unit: Cent/kWh
price_threshold_00: 7.56400
price_threshold_01: 7.81600
price_threshold_02: 7.90100
price_threshold_03: 8.33900
price_threshold_04: 8.50000
price_threshold_05: 8.55300
price_threshold_06: 8.69800
price_threshold_07: 8.76700
price_threshold_08: 8.77200
price_threshold_09: 8.92500
price_threshold_10: 9.31400
price_threshold_11: 9.93300
price_threshold_12: 10.27500
price_threshold_13: 10.50500
price_threshold_14: 11.19900
price_threshold_15: 11.96500
price_threshold_16: 13.04500
price_threshold_17: 13.19500
price_threshold_18: 13.26600
price_threshold_19: 14.14200
price_threshold_20: 14.25400
price_threshold_21: 14.63000
price_threshold_22: 14.95700
price_threshold_23: 15.00900
data_price_hour_rel_-13_amount: 8.77200
data_price_hour_abs_00_amount: 8.77200
data_price_hour_rel_-12_amount: 8.33900
data_price_hour_abs_01_amount: 8.33900
data_price_hour_rel_-11_amount: 7.81600
data_price_hour_abs_02_amount: 7.81600
data_price_hour_rel_-10_amount: 7.56400
data_price_hour_abs_03_amount: 7.56400
data_price_hour_rel_-09_amount: 7.90100
data_price_hour_abs_04_amount: 7.90100
data_price_hour_rel_-08_amount: 8.69800
data_price_hour_abs_05_amount: 8.69800
data_price_hour_rel_-07_amount: 9.31400
data_price_hour_abs_06_amount: 9.31400
data_price_hour_rel_-06_amount: 14.14200
data_price_hour_abs_07_amount: 14.14200
data_price_hour_rel_-05_amount: 14.25400
data_price_hour_abs_08_amount: 14.25400
data_price_hour_rel_-04_amount: 13.04500
data_price_hour_abs_09_amount: 13.04500
data_price_hour_rel_-03_amount: 10.50500
data_price_hour_abs_10_amount: 10.50500
data_price_hour_rel_-02_amount: 8.92500
data_price_hour_abs_11_amount: 8.92500
data_price_hour_rel_-01_amount: 8.50000
data_price_hour_abs_12_amount: 8.50000
data_price_hour_rel_+00_amount: 8.55300
data_price_hour_abs_13_amount: 8.55300
data_price_hour_rel_+01_amount: 8.76700
data_price_hour_abs_14_amount: 8.76700
data_price_hour_rel_+02_amount: 10.27500
data_price_hour_abs_15_amount: 10.27500
data_price_hour_rel_+03_amount: 13.26600
data_price_hour_abs_16_amount: 13.26600
data_price_hour_rel_+04_amount: 14.95700
data_price_hour_abs_17_amount: 14.95700
data_price_hour_rel_+05_amount: 15.00900
data_price_hour_abs_18_amount: 15.00900
data_price_hour_rel_+06_amount: 14.63000
data_price_hour_abs_19_amount: 14.63000
data_price_hour_rel_+07_amount: 13.19500
data_price_hour_abs_20_amount: 13.19500
data_price_hour_rel_+08_amount: 11.96500
data_price_hour_abs_21_amount: 11.96500
data_price_hour_rel_+09_amount: 11.19900
data_price_hour_abs_22_amount: 11.19900
data_price_hour_rel_+10_amount: 9.93300
data_price_hour_abs_23_amount: 9.93300