date_now: 2025-03-29 13:27:39
date_now_epoch: 1743251259139
date_now_day: 29
date_now_month: 3
date_now_year: 2025
date_start: 2025-03-29 00:00:00
date_end: 2025-03-29 23:59:59
price_low: 0.20600
price_high: 15.22200
price_median: 9.44800
price_average: 8.45129
price_current: 0.20600
price_unit: Cent/kWh
price_threshold_00: 0.20600
price_threshold_01: 0.39400
price_threshold_02: 2.52700
price_threshold_03: 6.53300
price_threshold_04: 6.53400
price_threshold_05: 6.56700
price_threshold_06: 6.62600
price_threshold_07: 6.82700
price_threshold_08: 7.61400
price_threshold_09: 8.27500
price_threshold_10: 9.18600
price_threshold_11: 9.27400
price_threshold_12: 9.62200
price_threshold_13: 9.65000
price_threshold_14: 9.65400
price_threshold_15: 9.67300
price_threshold_16: 9.84400
price_threshold_17: 10.01000
price_threshold_18: 10.04200
price_threshold_19: 10.39100
price_threshold_20: 11.36200
price_threshold_21: 12.10700
price_threshold_22: 14.69100
price_threshold_23: 15.22200
data_price_hour_rel_-13_amount: 11.36200
data_price_hour_abs_00_amount: 11.36200
data_price_hour_rel_-12_amount: 10.39100
data_price_hour_abs_01_amount: 10.39100
data_price_hour_rel_-11_amount: 9.65400
data_price_hour_abs_02_amount: 9.65400
data_price_hour_rel_-10_amount: 9.62200
data_price_hour_abs_03_amount: 9.62200
data_price_hour_rel_-09_amount: 9.65000
data_price_hour_abs_04_amount: 9.65000
data_price_hour_rel_-08_amount: 9.27400
data_price_hour_abs_05_amount: 9.27400
data_price_hour_rel_-07_amount: 9.67300
data_price_hour_abs_06_amount: 9.67300
data_price_hour_rel_-06_amount: 9.84400
data_price_hour_abs_07_amount: 9.84400
data_price_hour_rel_-05_amount: 9.18600
data_price_hour_abs_08_amount: 9.18600
data_price_hour_rel_-04_amount: 7.61400
data_price_hour_abs_09_amount: 7.61400
data_price_hour_rel_-03_amount: 6.56700
data_price_hour_abs_10_amount: 6.56700
data_price_hour_rel_-02_amount: 6.53400
data_price_hour_abs_11_amount: 6.53400
data_price_hour_rel_-01_amount: 6.53300
data_price_hour_abs_12_amount: 6.53300
data_price_hour_rel_+00_amount: 0.20600
data_price_hour_abs_13_amount: 0.20600
data_price_hour_rel_+01_amount: 0.39400
data_price_hour_abs_14_amount: 0.39400
data_price_hour_rel_+02_amount: 2.52700
data_price_hour_abs_15_amount: 2.52700
data_price_hour_rel_+03_amount: 6.62600
data_price_hour_abs_16_amount: 6.62600
data_price_hour_rel_+04_amount: 10.01000
data_price_hour_abs_17_amount: 10.01000
data_price_hour_rel_+05_amount: 14.69100
data_price_hour_abs_18_amount: 14.69100
data_price_hour_rel_+06_amount: 15.22200
data_price_hour_abs_19_amount: 15.22200
data_price_hour_rel_+07_amount: 12.10700
data_price_hour_abs_20_amount: 12.10700
data_price_hour_rel_+08_amount: 10.04200
data_price_hour_abs_21_amount: 10.04200
data_price_hour_rel_+09_amount: 8.27500
data_price_hour_abs_22_amount: 8.27500
data_price_hour_rel_+10_amount: 6.82700
data_price_hour_abs_23_amount: 6.82700