date_now: 2025-09-17 14:33:08
date_now_epoch: 1758112388668
date_now_day: 17
date_now_month: 9
date_now_year: 2025
date_start: 2025-09-17 00:00:00
date_end: 2025-09-17 23:59:59
price_low: 0.78800
price_high: 14.25800
price_median: 7.34450
price_average: 7.53408
price_current: 1.05900
price_unit: Cent/kWh
price_threshold_00: 0.78800
price_threshold_01: 1.05000
price_threshold_02: 1.05900
price_threshold_03: 4.13800
price_threshold_04: 4.30900
price_threshold_05: 4.85300
price_threshold_06: 5.09500
price_threshold_07: 6.00100
price_threshold_08: 6.34700
price_threshold_09: 6.91400
price_threshold_10: 7.08000
price_threshold_11: 7.30700
price_threshold_12: 7.38200
price_threshold_13: 8.11700
price_threshold_14: 8.61000
price_threshold_15: 9.42000
price_threshold_16: 9.51400
price_threshold_17: 9.88500
price_threshold_18: 11.00000
price_threshold_19: 11.27400
price_threshold_20: 11.73400
price_threshold_21: 12.33100
price_threshold_22: 12.35200
price_threshold_23: 14.25800
data_price_hour_rel_-14_amount: 7.08000
data_price_hour_abs_00_amount: 7.08000
data_price_hour_rel_-13_amount: 6.34700
data_price_hour_abs_01_amount: 6.34700
data_price_hour_rel_-12_amount: 5.09500
data_price_hour_abs_02_amount: 5.09500
data_price_hour_rel_-11_amount: 4.85300
data_price_hour_abs_03_amount: 4.85300
data_price_hour_rel_-10_amount: 6.00100
data_price_hour_abs_04_amount: 6.00100
data_price_hour_rel_-09_amount: 7.38200
data_price_hour_abs_05_amount: 7.38200
data_price_hour_rel_-08_amount: 9.88500
data_price_hour_abs_06_amount: 9.88500
data_price_hour_rel_-07_amount: 11.73400
data_price_hour_abs_07_amount: 11.73400
data_price_hour_rel_-06_amount: 11.27400
data_price_hour_abs_08_amount: 11.27400
data_price_hour_rel_-05_amount: 9.51400
data_price_hour_abs_09_amount: 9.51400
data_price_hour_rel_-04_amount: 6.91400
data_price_hour_abs_10_amount: 6.91400
data_price_hour_rel_-03_amount: 4.13800
data_price_hour_abs_11_amount: 4.13800
data_price_hour_rel_-02_amount: 1.05000
data_price_hour_abs_12_amount: 1.05000
data_price_hour_rel_-01_amount: 0.78800
data_price_hour_abs_13_amount: 0.78800
data_price_hour_rel_+00_amount: 1.05900
data_price_hour_abs_14_amount: 1.05900
data_price_hour_rel_+01_amount: 4.30900
data_price_hour_abs_15_amount: 4.30900
data_price_hour_rel_+02_amount: 8.11700
data_price_hour_abs_16_amount: 8.11700
data_price_hour_rel_+03_amount: 11.00000
data_price_hour_abs_17_amount: 11.00000
data_price_hour_rel_+04_amount: 12.33100
data_price_hour_abs_18_amount: 12.33100
data_price_hour_rel_+05_amount: 14.25800
data_price_hour_abs_19_amount: 14.25800
data_price_hour_rel_+06_amount: 12.35200
data_price_hour_abs_20_amount: 12.35200
data_price_hour_rel_+07_amount: 9.42000
data_price_hour_abs_21_amount: 9.42000
data_price_hour_rel_+08_amount: 8.61000
data_price_hour_abs_22_amount: 8.61000
data_price_hour_rel_+09_amount: 7.30700
data_price_hour_abs_23_amount: 7.30700