date_now: 2025-01-20 13:28:22
date_now_epoch: 1737376102800
date_now_day: 20
date_now_month: 1
date_now_year: 2025
date_start: 2025-01-20 00:00:00
date_end: 2025-01-20 23:59:59
price_low: 11.44100
price_high: 58.34000
price_median: 18.17400
price_average: 23.13579
price_current: 17.13900
price_unit: Cent/kWh
price_threshold_00: 11.44100
price_threshold_01: 11.54500
price_threshold_02: 11.65600
price_threshold_03: 11.94400
price_threshold_04: 12.22700
price_threshold_05: 12.75400
price_threshold_06: 13.79800
price_threshold_07: 15.25100
price_threshold_08: 16.17100
price_threshold_09: 17.00000
price_threshold_10: 17.13900
price_threshold_11: 17.60000
price_threshold_12: 18.74800
price_threshold_13: 19.18500
price_threshold_14: 22.00000
price_threshold_15: 23.62900
price_threshold_16: 27.64800
price_threshold_17: 27.71700
price_threshold_18: 29.17000
price_threshold_19: 29.55700
price_threshold_20: 40.21200
price_threshold_21: 43.19900
price_threshold_22: 47.32800
price_threshold_23: 58.34000
data_price_hour_rel_-13_amount: 12.22700
data_price_hour_abs_00_amount: 12.22700
data_price_hour_rel_-12_amount: 11.94400
data_price_hour_abs_01_amount: 11.94400
data_price_hour_rel_-11_amount: 11.65600
data_price_hour_abs_02_amount: 11.65600
data_price_hour_rel_-10_amount: 11.44100
data_price_hour_abs_03_amount: 11.44100
data_price_hour_rel_-09_amount: 11.54500
data_price_hour_abs_04_amount: 11.54500
data_price_hour_rel_-08_amount: 12.75400
data_price_hour_abs_05_amount: 12.75400
data_price_hour_rel_-07_amount: 16.17100
data_price_hour_abs_06_amount: 16.17100
data_price_hour_rel_-06_amount: 27.64800
data_price_hour_abs_07_amount: 27.64800
data_price_hour_rel_-05_amount: 43.19900
data_price_hour_abs_08_amount: 43.19900
data_price_hour_rel_-04_amount: 29.17000
data_price_hour_abs_09_amount: 29.17000
data_price_hour_rel_-03_amount: 23.62900
data_price_hour_abs_10_amount: 23.62900
data_price_hour_rel_-02_amount: 18.74800
data_price_hour_abs_11_amount: 18.74800
data_price_hour_rel_-01_amount: 17.60000
data_price_hour_abs_12_amount: 17.60000
data_price_hour_rel_+00_amount: 17.13900
data_price_hour_abs_13_amount: 17.13900
data_price_hour_rel_+01_amount: 19.18500
data_price_hour_abs_14_amount: 19.18500
data_price_hour_rel_+02_amount: 27.71700
data_price_hour_abs_15_amount: 27.71700
data_price_hour_rel_+03_amount: 40.21200
data_price_hour_abs_16_amount: 40.21200
data_price_hour_rel_+04_amount: 58.34000
data_price_hour_abs_17_amount: 58.34000
data_price_hour_rel_+05_amount: 47.32800
data_price_hour_abs_18_amount: 47.32800
data_price_hour_rel_+06_amount: 29.55700
data_price_hour_abs_19_amount: 29.55700
data_price_hour_rel_+07_amount: 22.00000
data_price_hour_abs_20_amount: 22.00000
data_price_hour_rel_+08_amount: 17.00000
data_price_hour_abs_21_amount: 17.00000
data_price_hour_rel_+09_amount: 15.25100
data_price_hour_abs_22_amount: 15.25100
data_price_hour_rel_+10_amount: 13.79800
data_price_hour_abs_23_amount: 13.79800