date_now: 2025-02-21 13:28:35
date_now_epoch: 1740140915020
date_now_day: 21
date_now_month: 2
date_now_year: 2025
date_start: 2025-02-21 00:00:00
date_end: 2025-02-21 23:59:59
price_low: 6.43300
price_high: 15.25000
price_median: 8.22150
price_average: 9.07983
price_current: 7.64100
price_unit: Cent/kWh
price_threshold_00: 6.43300
price_threshold_01: 7.06400
price_threshold_02: 7.08500
price_threshold_03: 7.49900
price_threshold_04: 7.55100
price_threshold_05: 7.64100
price_threshold_06: 7.80000
price_threshold_07: 7.95200
price_threshold_08: 7.98000
price_threshold_09: 8.02500
price_threshold_10: 8.19500
price_threshold_11: 8.20300
price_threshold_12: 8.24000
price_threshold_13: 8.29400
price_threshold_14: 8.34000
price_threshold_15: 8.34000
price_threshold_16: 9.86800
price_threshold_17: 10.19800
price_threshold_18: 10.34500
price_threshold_19: 10.34700
price_threshold_20: 10.64700
price_threshold_21: 12.09800
price_threshold_22: 14.52100
price_threshold_23: 15.25000
data_price_hour_rel_-13_amount: 7.55100
data_price_hour_abs_00_amount: 7.55100
data_price_hour_rel_-12_amount: 7.49900
data_price_hour_abs_01_amount: 7.49900
data_price_hour_rel_-11_amount: 7.98000
data_price_hour_abs_02_amount: 7.98000
data_price_hour_rel_-10_amount: 8.34000
data_price_hour_abs_03_amount: 8.34000
data_price_hour_rel_-09_amount: 8.24000
data_price_hour_abs_04_amount: 8.24000
data_price_hour_rel_-08_amount: 8.20300
data_price_hour_abs_05_amount: 8.20300
data_price_hour_rel_-07_amount: 10.64700
data_price_hour_abs_06_amount: 10.64700
data_price_hour_rel_-06_amount: 15.25000
data_price_hour_abs_07_amount: 15.25000
data_price_hour_rel_-05_amount: 14.52100
data_price_hour_abs_08_amount: 14.52100
data_price_hour_rel_-04_amount: 12.09800
data_price_hour_abs_09_amount: 12.09800
data_price_hour_rel_-03_amount: 9.86800
data_price_hour_abs_10_amount: 9.86800
data_price_hour_rel_-02_amount: 8.34000
data_price_hour_abs_11_amount: 8.34000
data_price_hour_rel_-01_amount: 7.80000
data_price_hour_abs_12_amount: 7.80000
data_price_hour_rel_+00_amount: 7.64100
data_price_hour_abs_13_amount: 7.64100
data_price_hour_rel_+01_amount: 7.95200
data_price_hour_abs_14_amount: 7.95200
data_price_hour_rel_+02_amount: 8.29400
data_price_hour_abs_15_amount: 8.29400
data_price_hour_rel_+03_amount: 10.34700
data_price_hour_abs_16_amount: 10.34700
data_price_hour_rel_+04_amount: 10.34500
data_price_hour_abs_17_amount: 10.34500
data_price_hour_rel_+05_amount: 10.19800
data_price_hour_abs_18_amount: 10.19800
data_price_hour_rel_+06_amount: 8.19500
data_price_hour_abs_19_amount: 8.19500
data_price_hour_rel_+07_amount: 8.02500
data_price_hour_abs_20_amount: 8.02500
data_price_hour_rel_+08_amount: 7.08500
data_price_hour_abs_21_amount: 7.08500
data_price_hour_rel_+09_amount: 7.06400
data_price_hour_abs_22_amount: 7.06400
data_price_hour_rel_+10_amount: 6.43300
data_price_hour_abs_23_amount: 6.43300