date_now: 2025-01-31 13:27:18
date_now_epoch: 1738326438187
date_now_day: 31
date_now_month: 1
date_now_year: 2025
date_start: 2025-01-31 00:00:00
date_end: 2025-01-31 23:59:59
price_low: 11.31200
price_high: 18.52600
price_median: 13.16400
price_average: 14.10175
price_current: 12.11900
price_unit: Cent/kWh
price_threshold_00: 11.31200
price_threshold_01: 11.38900
price_threshold_02: 11.59800
price_threshold_03: 11.70800
price_threshold_04: 11.97600
price_threshold_05: 12.00000
price_threshold_06: 12.00600
price_threshold_07: 12.07400
price_threshold_08: 12.11900
price_threshold_09: 12.62000
price_threshold_10: 13.01000
price_threshold_11: 13.14100
price_threshold_12: 13.18700
price_threshold_13: 14.43100
price_threshold_14: 14.98700
price_threshold_15: 15.27000
price_threshold_16: 15.48200
price_threshold_17: 15.79700
price_threshold_18: 16.26600
price_threshold_19: 16.37000
price_threshold_20: 16.82600
price_threshold_21: 17.89900
price_threshold_22: 18.44800
price_threshold_23: 18.52600
data_price_hour_rel_-13_amount: 12.00000
data_price_hour_abs_00_amount: 12.00000
data_price_hour_rel_-12_amount: 11.70800
data_price_hour_abs_01_amount: 11.70800
data_price_hour_rel_-11_amount: 11.38900
data_price_hour_abs_02_amount: 11.38900
data_price_hour_rel_-10_amount: 11.31200
data_price_hour_abs_03_amount: 11.31200
data_price_hour_rel_-09_amount: 11.59800
data_price_hour_abs_04_amount: 11.59800
data_price_hour_rel_-08_amount: 12.07400
data_price_hour_abs_05_amount: 12.07400
data_price_hour_rel_-07_amount: 13.18700
data_price_hour_abs_06_amount: 13.18700
data_price_hour_rel_-06_amount: 15.79700
data_price_hour_abs_07_amount: 15.79700
data_price_hour_rel_-05_amount: 16.37000
data_price_hour_abs_08_amount: 16.37000
data_price_hour_rel_-04_amount: 15.48200
data_price_hour_abs_09_amount: 15.48200
data_price_hour_rel_-03_amount: 13.01000
data_price_hour_abs_10_amount: 13.01000
data_price_hour_rel_-02_amount: 12.62000
data_price_hour_abs_11_amount: 12.62000
data_price_hour_rel_-01_amount: 12.00600
data_price_hour_abs_12_amount: 12.00600
data_price_hour_rel_+00_amount: 12.11900
data_price_hour_abs_13_amount: 12.11900
data_price_hour_rel_+01_amount: 11.97600
data_price_hour_abs_14_amount: 11.97600
data_price_hour_rel_+02_amount: 14.98700
data_price_hour_abs_15_amount: 14.98700
data_price_hour_rel_+03_amount: 16.82600
data_price_hour_abs_16_amount: 16.82600
data_price_hour_rel_+04_amount: 18.52600
data_price_hour_abs_17_amount: 18.52600
data_price_hour_rel_+05_amount: 18.44800
data_price_hour_abs_18_amount: 18.44800
data_price_hour_rel_+06_amount: 17.89900
data_price_hour_abs_19_amount: 17.89900
data_price_hour_rel_+07_amount: 16.26600
data_price_hour_abs_20_amount: 16.26600
data_price_hour_rel_+08_amount: 15.27000
data_price_hour_abs_21_amount: 15.27000
data_price_hour_rel_+09_amount: 14.43100
data_price_hour_abs_22_amount: 14.43100
data_price_hour_rel_+10_amount: 13.14100
data_price_hour_abs_23_amount: 13.14100