date_now: 2025-06-14 14:30:47
date_now_epoch: 1749904247793
date_now_day: 14
date_now_month: 6
date_now_year: 2025
date_start: 2025-06-14 00:00:00
date_end: 2025-06-14 23:59:59
price_low: -3.80000
price_high: 12.72700
price_median: 5.96000
price_average: 4.43754
price_current: -2.57500
price_unit: Cent/kWh
price_threshold_00: -3.80000
price_threshold_01: -3.57200
price_threshold_02: -2.57500
price_threshold_03: -0.90800
price_threshold_04: -0.67000
price_threshold_05: -0.20200
price_threshold_06: -0.03700
price_threshold_07: 0.00000
price_threshold_08: 0.77400
price_threshold_09: 0.88600
price_threshold_10: 2.03000
price_threshold_11: 5.46800
price_threshold_12: 6.45200
price_threshold_13: 6.61500
price_threshold_14: 6.68800
price_threshold_15: 6.80600
price_threshold_16: 7.12000
price_threshold_17: 7.39900
price_threshold_18: 8.33800
price_threshold_19: 10.90000
price_threshold_20: 11.76800
price_threshold_21: 12.13900
price_threshold_22: 12.15500
price_threshold_23: 12.72700
data_price_hour_rel_-14_amount: 7.39900
data_price_hour_abs_00_amount: 7.39900
data_price_hour_rel_-13_amount: 7.12000
data_price_hour_abs_01_amount: 7.12000
data_price_hour_rel_-12_amount: 6.61500
data_price_hour_abs_02_amount: 6.61500
data_price_hour_rel_-11_amount: 6.68800
data_price_hour_abs_03_amount: 6.68800
data_price_hour_rel_-10_amount: 6.80600
data_price_hour_abs_04_amount: 6.80600
data_price_hour_rel_-09_amount: 6.45200
data_price_hour_abs_05_amount: 6.45200
data_price_hour_rel_-08_amount: 5.46800
data_price_hour_abs_06_amount: 5.46800
data_price_hour_rel_-07_amount: 2.03000
data_price_hour_abs_07_amount: 2.03000
data_price_hour_rel_-06_amount: 0.77400
data_price_hour_abs_08_amount: 0.77400
data_price_hour_rel_-05_amount: 0.00000
data_price_hour_abs_09_amount: 0.00000
data_price_hour_rel_-04_amount: -0.20200
data_price_hour_abs_10_amount: -0.20200
data_price_hour_rel_-03_amount: -0.90800
data_price_hour_abs_11_amount: -0.90800
data_price_hour_rel_-02_amount: -3.57200
data_price_hour_abs_12_amount: -3.57200
data_price_hour_rel_-01_amount: -3.80000
data_price_hour_abs_13_amount: -3.80000
data_price_hour_rel_+00_amount: -2.57500
data_price_hour_abs_14_amount: -2.57500
data_price_hour_rel_+01_amount: -0.67000
data_price_hour_abs_15_amount: -0.67000
data_price_hour_rel_+02_amount: -0.03700
data_price_hour_abs_16_amount: -0.03700
data_price_hour_rel_+03_amount: 0.88600
data_price_hour_abs_17_amount: 0.88600
data_price_hour_rel_+04_amount: 8.33800
data_price_hour_abs_18_amount: 8.33800
data_price_hour_rel_+05_amount: 12.15500
data_price_hour_abs_19_amount: 12.15500
data_price_hour_rel_+06_amount: 12.72700
data_price_hour_abs_20_amount: 12.72700
data_price_hour_rel_+07_amount: 11.76800
data_price_hour_abs_21_amount: 11.76800
data_price_hour_rel_+08_amount: 12.13900
data_price_hour_abs_22_amount: 12.13900
data_price_hour_rel_+09_amount: 10.90000
data_price_hour_abs_23_amount: 10.90000