date_now: 2025-05-27 14:34:18
date_now_epoch: 1748349258550
date_now_day: 27
date_now_month: 5
date_now_year: 2025
date_start: 2025-05-27 00:00:00
date_end: 2025-05-27 23:59:59
price_low: 0.00200
price_high: 13.76000
price_median: 6.77000
price_average: 6.18471
price_current: 0.00900
price_unit: Cent/kWh
price_threshold_00: 0.00200
price_threshold_01: 0.00300
price_threshold_02: 0.00900
price_threshold_03: 0.31400
price_threshold_04: 0.31900
price_threshold_05: 0.42600
price_threshold_06: 5.01700
price_threshold_07: 5.51700
price_threshold_08: 6.19800
price_threshold_09: 6.20200
price_threshold_10: 6.22000
price_threshold_11: 6.77000
price_threshold_12: 6.77000
price_threshold_13: 6.86300
price_threshold_14: 7.39000
price_threshold_15: 7.39200
price_threshold_16: 8.24100
price_threshold_17: 8.45500
price_threshold_18: 8.85100
price_threshold_19: 10.03400
price_threshold_20: 10.30000
price_threshold_21: 11.11600
price_threshold_22: 12.26400
price_threshold_23: 13.76000
data_price_hour_rel_-14_amount: 8.85100
data_price_hour_abs_00_amount: 8.85100
data_price_hour_rel_-13_amount: 7.39200
data_price_hour_abs_01_amount: 7.39200
data_price_hour_rel_-12_amount: 6.20200
data_price_hour_abs_02_amount: 6.20200
data_price_hour_rel_-11_amount: 6.19800
data_price_hour_abs_03_amount: 6.19800
data_price_hour_rel_-10_amount: 6.77000
data_price_hour_abs_04_amount: 6.77000
data_price_hour_rel_-09_amount: 6.22000
data_price_hour_abs_05_amount: 6.22000
data_price_hour_rel_-08_amount: 6.77000
data_price_hour_abs_06_amount: 6.77000
data_price_hour_rel_-07_amount: 7.39000
data_price_hour_abs_07_amount: 7.39000
data_price_hour_rel_-06_amount: 6.86300
data_price_hour_abs_08_amount: 6.86300
data_price_hour_rel_-05_amount: 5.01700
data_price_hour_abs_09_amount: 5.01700
data_price_hour_rel_-04_amount: 0.42600
data_price_hour_abs_10_amount: 0.42600
data_price_hour_rel_-03_amount: 0.31900
data_price_hour_abs_11_amount: 0.31900
data_price_hour_rel_-02_amount: 0.00300
data_price_hour_abs_12_amount: 0.00300
data_price_hour_rel_-01_amount: 0.00200
data_price_hour_abs_13_amount: 0.00200
data_price_hour_rel_+00_amount: 0.00900
data_price_hour_abs_14_amount: 0.00900
data_price_hour_rel_+01_amount: 0.31400
data_price_hour_abs_15_amount: 0.31400
data_price_hour_rel_+02_amount: 5.51700
data_price_hour_abs_16_amount: 5.51700
data_price_hour_rel_+03_amount: 8.45500
data_price_hour_abs_17_amount: 8.45500
data_price_hour_rel_+04_amount: 10.30000
data_price_hour_abs_18_amount: 10.30000
data_price_hour_rel_+05_amount: 12.26400
data_price_hour_abs_19_amount: 12.26400
data_price_hour_rel_+06_amount: 13.76000
data_price_hour_abs_20_amount: 13.76000
data_price_hour_rel_+07_amount: 11.11600
data_price_hour_abs_21_amount: 11.11600
data_price_hour_rel_+08_amount: 10.03400
data_price_hour_abs_22_amount: 10.03400
data_price_hour_rel_+09_amount: 8.24100
data_price_hour_abs_23_amount: 8.24100