date_now: 2025-09-19 14:33:06
date_now_epoch: 1758285186825
date_now_day: 19
date_now_month: 9
date_now_year: 2025
date_start: 2025-09-19 00:00:00
date_end: 2025-09-19 23:59:59
price_low: 0.00000
price_high: 40.92400
price_median: 7.66950
price_average: 9.64813
price_current: 0.00000
price_unit: Cent/kWh
price_threshold_00: 0.00000
price_threshold_01: 0.00000
price_threshold_02: 0.09900
price_threshold_03: 1.19700
price_threshold_04: 1.30300
price_threshold_05: 5.37000
price_threshold_06: 7.24700
price_threshold_07: 7.34500
price_threshold_08: 7.37000
price_threshold_09: 7.40200
price_threshold_10: 7.40900
price_threshold_11: 7.44600
price_threshold_12: 7.89300
price_threshold_13: 8.60400
price_threshold_14: 8.95900
price_threshold_15: 9.51800
price_threshold_16: 11.18200
price_threshold_17: 11.82900
price_threshold_18: 11.89200
price_threshold_19: 11.94400
price_threshold_20: 14.34200
price_threshold_21: 16.75900
price_threshold_22: 25.52100
price_threshold_23: 40.92400
data_price_hour_rel_-14_amount: 7.40900
data_price_hour_abs_00_amount: 7.40900
data_price_hour_rel_-13_amount: 7.24700
data_price_hour_abs_01_amount: 7.24700
data_price_hour_rel_-12_amount: 7.34500
data_price_hour_abs_02_amount: 7.34500
data_price_hour_rel_-11_amount: 7.37000
data_price_hour_abs_03_amount: 7.37000
data_price_hour_rel_-10_amount: 7.40200
data_price_hour_abs_04_amount: 7.40200
data_price_hour_rel_-09_amount: 8.95900
data_price_hour_abs_05_amount: 8.95900
data_price_hour_rel_-08_amount: 11.89200
data_price_hour_abs_06_amount: 11.89200
data_price_hour_rel_-07_amount: 14.34200
data_price_hour_abs_07_amount: 14.34200
data_price_hour_rel_-06_amount: 11.82900
data_price_hour_abs_08_amount: 11.82900
data_price_hour_rel_-05_amount: 9.51800
data_price_hour_abs_09_amount: 9.51800
data_price_hour_rel_-04_amount: 5.37000
data_price_hour_abs_10_amount: 5.37000
data_price_hour_rel_-03_amount: 1.30300
data_price_hour_abs_11_amount: 1.30300
data_price_hour_rel_-02_amount: 0.09900
data_price_hour_abs_12_amount: 0.09900
data_price_hour_rel_-01_amount: 0.00000
data_price_hour_abs_13_amount: 0.00000
data_price_hour_rel_+00_amount: 0.00000
data_price_hour_abs_14_amount: 0.00000
data_price_hour_rel_+01_amount: 1.19700
data_price_hour_abs_15_amount: 1.19700
data_price_hour_rel_+02_amount: 7.44600
data_price_hour_abs_16_amount: 7.44600
data_price_hour_rel_+03_amount: 11.94400
data_price_hour_abs_17_amount: 11.94400
data_price_hour_rel_+04_amount: 25.52100
data_price_hour_abs_18_amount: 25.52100
data_price_hour_rel_+05_amount: 40.92400
data_price_hour_abs_19_amount: 40.92400
data_price_hour_rel_+06_amount: 16.75900
data_price_hour_abs_20_amount: 16.75900
data_price_hour_rel_+07_amount: 11.18200
data_price_hour_abs_21_amount: 11.18200
data_price_hour_rel_+08_amount: 8.60400
data_price_hour_abs_22_amount: 8.60400
data_price_hour_rel_+09_amount: 7.89300
data_price_hour_abs_23_amount: 7.89300