date_now: 2025-01-23 13:28:25
date_now_epoch: 1737635305933
date_now_day: 23
date_now_month: 1
date_now_year: 2025
date_start: 2025-01-23 00:00:00
date_end: 2025-01-23 23:59:59
price_low: 5.82300
price_high: 15.90300
price_median: 10.09400
price_average: 10.39358
price_current: 8.85600
price_unit: Cent/kWh
price_threshold_00: 5.82300
price_threshold_01: 7.42800
price_threshold_02: 7.56800
price_threshold_03: 8.58600
price_threshold_04: 8.63600
price_threshold_05: 8.85600
price_threshold_06: 8.98000
price_threshold_07: 8.98700
price_threshold_08: 9.49300
price_threshold_09: 9.75900
price_threshold_10: 10.00100
price_threshold_11: 10.00100
price_threshold_12: 10.18700
price_threshold_13: 10.55800
price_threshold_14: 10.64100
price_threshold_15: 10.67500
price_threshold_16: 10.88800
price_threshold_17: 11.20000
price_threshold_18: 11.37000
price_threshold_19: 11.61000
price_threshold_20: 13.09400
price_threshold_21: 13.66000
price_threshold_22: 15.54200
price_threshold_23: 15.90300
data_price_hour_rel_-13_amount: 11.37000
data_price_hour_abs_00_amount: 11.37000
data_price_hour_rel_-12_amount: 10.88800
data_price_hour_abs_01_amount: 10.88800
data_price_hour_rel_-11_amount: 10.55800
data_price_hour_abs_02_amount: 10.55800
data_price_hour_rel_-10_amount: 10.00100
data_price_hour_abs_03_amount: 10.00100
data_price_hour_rel_-09_amount: 9.75900
data_price_hour_abs_04_amount: 9.75900
data_price_hour_rel_-08_amount: 10.00100
data_price_hour_abs_05_amount: 10.00100
data_price_hour_rel_-07_amount: 10.64100
data_price_hour_abs_06_amount: 10.64100
data_price_hour_rel_-06_amount: 13.66000
data_price_hour_abs_07_amount: 13.66000
data_price_hour_rel_-05_amount: 15.90300
data_price_hour_abs_08_amount: 15.90300
data_price_hour_rel_-04_amount: 15.54200
data_price_hour_abs_09_amount: 15.54200
data_price_hour_rel_-03_amount: 13.09400
data_price_hour_abs_10_amount: 13.09400
data_price_hour_rel_-02_amount: 11.61000
data_price_hour_abs_11_amount: 11.61000
data_price_hour_rel_-01_amount: 9.49300
data_price_hour_abs_12_amount: 9.49300
data_price_hour_rel_+00_amount: 8.85600
data_price_hour_abs_13_amount: 8.85600
data_price_hour_rel_+01_amount: 8.58600
data_price_hour_abs_14_amount: 8.58600
data_price_hour_rel_+02_amount: 8.98000
data_price_hour_abs_15_amount: 8.98000
data_price_hour_rel_+03_amount: 8.98700
data_price_hour_abs_16_amount: 8.98700
data_price_hour_rel_+04_amount: 10.67500
data_price_hour_abs_17_amount: 10.67500
data_price_hour_rel_+05_amount: 11.20000
data_price_hour_abs_18_amount: 11.20000
data_price_hour_rel_+06_amount: 10.18700
data_price_hour_abs_19_amount: 10.18700
data_price_hour_rel_+07_amount: 8.63600
data_price_hour_abs_20_amount: 8.63600
data_price_hour_rel_+08_amount: 7.42800
data_price_hour_abs_21_amount: 7.42800
data_price_hour_rel_+09_amount: 7.56800
data_price_hour_abs_22_amount: 7.56800
data_price_hour_rel_+10_amount: 5.82300
data_price_hour_abs_23_amount: 5.82300