date_now: 2025-12-31 13:37:22
date_now_epoch: 1767184642278
date_now_day: 31
date_now_month: 12
date_now_year: 2025
date_start: 2025-12-31 00:00:00
date_end: 2025-12-31 23:59:59
price_low: 7.49300
price_high: 11.01000
price_median: 8.51750
price_average: 8.73142
price_current: 8.51700
price_unit: Cent/kWh
price_threshold_00: 7.49300
price_threshold_01: 7.64500
price_threshold_02: 7.65800
price_threshold_03: 7.73800
price_threshold_04: 7.98000
price_threshold_05: 8.02100
price_threshold_06: 8.13900
price_threshold_07: 8.18700
price_threshold_08: 8.30500
price_threshold_09: 8.34800
price_threshold_10: 8.43400
price_threshold_11: 8.51700
price_threshold_12: 8.51800
price_threshold_13: 8.52800
price_threshold_14: 8.68000
price_threshold_15: 8.80800
price_threshold_16: 8.92600
price_threshold_17: 9.08300
price_threshold_18: 9.53400
price_threshold_19: 9.57900
price_threshold_20: 9.59900
price_threshold_21: 10.07100
price_threshold_22: 10.75300
price_threshold_23: 11.01000
data_price_hour_rel_-13_amount: 8.80800
data_price_hour_abs_00_amount: 8.80800
data_price_hour_rel_-12_amount: 8.43400
data_price_hour_abs_01_amount: 8.43400
data_price_hour_rel_-11_amount: 8.02100
data_price_hour_abs_02_amount: 8.02100
data_price_hour_rel_-10_amount: 7.65800
data_price_hour_abs_03_amount: 7.65800
data_price_hour_rel_-09_amount: 7.49300
data_price_hour_abs_04_amount: 7.49300
data_price_hour_rel_-08_amount: 7.73800
data_price_hour_abs_05_amount: 7.73800
data_price_hour_rel_-07_amount: 8.18700
data_price_hour_abs_06_amount: 8.18700
data_price_hour_rel_-06_amount: 8.52800
data_price_hour_abs_07_amount: 8.52800
data_price_hour_rel_-05_amount: 9.57900
data_price_hour_abs_08_amount: 9.57900
data_price_hour_rel_-04_amount: 9.53400
data_price_hour_abs_09_amount: 9.53400
data_price_hour_rel_-03_amount: 8.92600
data_price_hour_abs_10_amount: 8.92600
data_price_hour_rel_-02_amount: 8.34800
data_price_hour_abs_11_amount: 8.34800
data_price_hour_rel_-01_amount: 8.30500
data_price_hour_abs_12_amount: 8.30500
data_price_hour_rel_+00_amount: 8.51700
data_price_hour_abs_13_amount: 8.51700
data_price_hour_rel_+01_amount: 8.51800
data_price_hour_abs_14_amount: 8.51800
data_price_hour_rel_+02_amount: 9.08300
data_price_hour_abs_15_amount: 9.08300
data_price_hour_rel_+03_amount: 10.07100
data_price_hour_abs_16_amount: 10.07100
data_price_hour_rel_+04_amount: 11.01000
data_price_hour_abs_17_amount: 11.01000
data_price_hour_rel_+05_amount: 10.75300
data_price_hour_abs_18_amount: 10.75300
data_price_hour_rel_+06_amount: 9.59900
data_price_hour_abs_19_amount: 9.59900
data_price_hour_rel_+07_amount: 8.68000
data_price_hour_abs_20_amount: 8.68000
data_price_hour_rel_+08_amount: 7.98000
data_price_hour_abs_21_amount: 7.98000
data_price_hour_rel_+09_amount: 8.13900
data_price_hour_abs_22_amount: 8.13900
data_price_hour_rel_+10_amount: 7.64500
data_price_hour_abs_23_amount: 7.64500