date_now: 2025-12-11 13:39:14
date_now_epoch: 1765456754522
date_now_day: 11
date_now_month: 12
date_now_year: 2025
date_start: 2025-12-11 00:00:00
date_end: 2025-12-11 23:59:59
price_low: 7.25200
price_high: 11.54100
price_median: 9.36650
price_average: 9.44571
price_current: 9.02200
price_unit: Cent/kWh
price_threshold_00: 7.25200
price_threshold_01: 7.34200
price_threshold_02: 7.39800
price_threshold_03: 7.52100
price_threshold_04: 7.69100
price_threshold_05: 8.05900
price_threshold_06: 8.94000
price_threshold_07: 9.00900
price_threshold_08: 9.02200
price_threshold_09: 9.19200
price_threshold_10: 9.31800
price_threshold_11: 9.35900
price_threshold_12: 9.37400
price_threshold_13: 9.43900
price_threshold_14: 9.77900
price_threshold_15: 9.81100
price_threshold_16: 10.36400
price_threshold_17: 10.61700
price_threshold_18: 10.77900
price_threshold_19: 11.03600
price_threshold_20: 11.12700
price_threshold_21: 11.25700
price_threshold_22: 11.47000
price_threshold_23: 11.54100
data_price_hour_rel_-13_amount: 7.39800
data_price_hour_abs_00_amount: 7.39800
data_price_hour_rel_-12_amount: 7.34200
data_price_hour_abs_01_amount: 7.34200
data_price_hour_rel_-11_amount: 7.25200
data_price_hour_abs_02_amount: 7.25200
data_price_hour_rel_-10_amount: 7.52100
data_price_hour_abs_03_amount: 7.52100
data_price_hour_rel_-09_amount: 7.69100
data_price_hour_abs_04_amount: 7.69100
data_price_hour_rel_-08_amount: 8.05900
data_price_hour_abs_05_amount: 8.05900
data_price_hour_rel_-07_amount: 9.00900
data_price_hour_abs_06_amount: 9.00900
data_price_hour_rel_-06_amount: 9.81100
data_price_hour_abs_07_amount: 9.81100
data_price_hour_rel_-05_amount: 11.03600
data_price_hour_abs_08_amount: 11.03600
data_price_hour_rel_-04_amount: 10.61700
data_price_hour_abs_09_amount: 10.61700
data_price_hour_rel_-03_amount: 9.31800
data_price_hour_abs_10_amount: 9.31800
data_price_hour_rel_-02_amount: 9.19200
data_price_hour_abs_11_amount: 9.19200
data_price_hour_rel_-01_amount: 8.94000
data_price_hour_abs_12_amount: 8.94000
data_price_hour_rel_+00_amount: 9.02200
data_price_hour_abs_13_amount: 9.02200
data_price_hour_rel_+01_amount: 9.77900
data_price_hour_abs_14_amount: 9.77900
data_price_hour_rel_+02_amount: 11.12700
data_price_hour_abs_15_amount: 11.12700
data_price_hour_rel_+03_amount: 11.47000
data_price_hour_abs_16_amount: 11.47000
data_price_hour_rel_+04_amount: 11.54100
data_price_hour_abs_17_amount: 11.54100
data_price_hour_rel_+05_amount: 11.25700
data_price_hour_abs_18_amount: 11.25700
data_price_hour_rel_+06_amount: 10.77900
data_price_hour_abs_19_amount: 10.77900
data_price_hour_rel_+07_amount: 10.36400
data_price_hour_abs_20_amount: 10.36400
data_price_hour_rel_+08_amount: 9.43900
data_price_hour_abs_21_amount: 9.43900
data_price_hour_rel_+09_amount: 9.35900
data_price_hour_abs_22_amount: 9.35900
data_price_hour_rel_+10_amount: 9.37400
data_price_hour_abs_23_amount: 9.37400