date_now: 2025-07-27 14:34:35
date_now_epoch: 1753619675921
date_now_day: 27
date_now_month: 7
date_now_year: 2025
date_start: 2025-07-27 00:00:00
date_end: 2025-07-27 23:59:59
price_low: 0.88500
price_high: 11.47100
price_median: 8.93350
price_average: 7.94317
price_current: 0.88500
price_unit: Cent/kWh
price_threshold_00: 0.88500
price_threshold_01: 1.50400
price_threshold_02: 1.73000
price_threshold_03: 4.57400
price_threshold_04: 4.59300
price_threshold_05: 7.05200
price_threshold_06: 7.59100
price_threshold_07: 8.17100
price_threshold_08: 8.23600
price_threshold_09: 8.37600
price_threshold_10: 8.65800
price_threshold_11: 8.87900
price_threshold_12: 8.98800
price_threshold_13: 9.19900
price_threshold_14: 9.20700
price_threshold_15: 9.50100
price_threshold_16: 9.56600
price_threshold_17: 9.94700
price_threshold_18: 10.24700
price_threshold_19: 10.26900
price_threshold_20: 10.46400
price_threshold_21: 10.73300
price_threshold_22: 10.79500
price_threshold_23: 11.47100
data_price_hour_rel_-14_amount: 10.46400
data_price_hour_abs_00_amount: 10.46400
data_price_hour_rel_-13_amount: 9.94700
data_price_hour_abs_01_amount: 9.94700
data_price_hour_rel_-12_amount: 9.50100
data_price_hour_abs_02_amount: 9.50100
data_price_hour_rel_-11_amount: 9.20700
data_price_hour_abs_03_amount: 9.20700
data_price_hour_rel_-10_amount: 9.19900
data_price_hour_abs_04_amount: 9.19900
data_price_hour_rel_-09_amount: 8.98800
data_price_hour_abs_05_amount: 8.98800
data_price_hour_rel_-08_amount: 8.87900
data_price_hour_abs_06_amount: 8.87900
data_price_hour_rel_-07_amount: 8.65800
data_price_hour_abs_07_amount: 8.65800
data_price_hour_rel_-06_amount: 8.37600
data_price_hour_abs_08_amount: 8.37600
data_price_hour_rel_-05_amount: 8.17100
data_price_hour_abs_09_amount: 8.17100
data_price_hour_rel_-04_amount: 7.59100
data_price_hour_abs_10_amount: 7.59100
data_price_hour_rel_-03_amount: 7.05200
data_price_hour_abs_11_amount: 7.05200
data_price_hour_rel_-02_amount: 4.59300
data_price_hour_abs_12_amount: 4.59300
data_price_hour_rel_-01_amount: 1.50400
data_price_hour_abs_13_amount: 1.50400
data_price_hour_rel_+00_amount: 0.88500
data_price_hour_abs_14_amount: 0.88500
data_price_hour_rel_+01_amount: 1.73000
data_price_hour_abs_15_amount: 1.73000
data_price_hour_rel_+02_amount: 4.57400
data_price_hour_abs_16_amount: 4.57400
data_price_hour_rel_+03_amount: 8.23600
data_price_hour_abs_17_amount: 8.23600
data_price_hour_rel_+04_amount: 9.56600
data_price_hour_abs_18_amount: 9.56600
data_price_hour_rel_+05_amount: 10.24700
data_price_hour_abs_19_amount: 10.24700
data_price_hour_rel_+06_amount: 10.79500
data_price_hour_abs_20_amount: 10.79500
data_price_hour_rel_+07_amount: 11.47100
data_price_hour_abs_21_amount: 11.47100
data_price_hour_rel_+08_amount: 10.73300
data_price_hour_abs_22_amount: 10.73300
data_price_hour_rel_+09_amount: 10.26900
data_price_hour_abs_23_amount: 10.26900