date_now: 2025-03-09 13:21:14
date_now_epoch: 1741522874795
date_now_day: 9
date_now_month: 3
date_now_year: 2025
date_start: 2025-03-09 00:00:00
date_end: 2025-03-09 23:59:59
price_low: -0.22600
price_high: 13.67000
price_median: 9.50000
price_average: 7.72092
price_current: -0.20400
price_unit: Cent/kWh
price_threshold_00: -0.22600
price_threshold_01: -0.20400
price_threshold_02: 0.00300
price_threshold_03: 0.00900
price_threshold_04: 1.01000
price_threshold_05: 1.73900
price_threshold_06: 2.92700
price_threshold_07: 6.54000
price_threshold_08: 9.05600
price_threshold_09: 9.30100
price_threshold_10: 9.44400
price_threshold_11: 9.48100
price_threshold_12: 9.51900
price_threshold_13: 9.65100
price_threshold_14: 9.86700
price_threshold_15: 10.00000
price_threshold_16: 10.15100
price_threshold_17: 10.68300
price_threshold_18: 11.28000
price_threshold_19: 12.27000
price_threshold_20: 12.57400
price_threshold_21: 13.02000
price_threshold_22: 13.53700
price_threshold_23: 13.67000
data_price_hour_rel_-13_amount: 9.51900
data_price_hour_abs_00_amount: 9.51900
data_price_hour_rel_-12_amount: 9.48100
data_price_hour_abs_01_amount: 9.48100
data_price_hour_rel_-11_amount: 9.44400
data_price_hour_abs_02_amount: 9.44400
data_price_hour_rel_-10_amount: 9.65100
data_price_hour_abs_03_amount: 9.65100
data_price_hour_rel_-09_amount: 9.86700
data_price_hour_abs_04_amount: 9.86700
data_price_hour_rel_-08_amount: 10.15100
data_price_hour_abs_05_amount: 10.15100
data_price_hour_rel_-07_amount: 10.00000
data_price_hour_abs_06_amount: 10.00000
data_price_hour_rel_-06_amount: 9.30100
data_price_hour_abs_07_amount: 9.30100
data_price_hour_rel_-05_amount: 6.54000
data_price_hour_abs_08_amount: 6.54000
data_price_hour_rel_-04_amount: 2.92700
data_price_hour_abs_09_amount: 2.92700
data_price_hour_rel_-03_amount: 1.01000
data_price_hour_abs_10_amount: 1.01000
data_price_hour_rel_-02_amount: 0.00300
data_price_hour_abs_11_amount: 0.00300
data_price_hour_rel_-01_amount: -0.22600
data_price_hour_abs_12_amount: -0.22600
data_price_hour_rel_+00_amount: -0.20400
data_price_hour_abs_13_amount: -0.20400
data_price_hour_rel_+01_amount: 0.00900
data_price_hour_abs_14_amount: 0.00900
data_price_hour_rel_+02_amount: 1.73900
data_price_hour_abs_15_amount: 1.73900
data_price_hour_rel_+03_amount: 9.05600
data_price_hour_abs_16_amount: 9.05600
data_price_hour_rel_+04_amount: 12.57400
data_price_hour_abs_17_amount: 12.57400
data_price_hour_rel_+05_amount: 13.53700
data_price_hour_abs_18_amount: 13.53700
data_price_hour_rel_+06_amount: 13.67000
data_price_hour_abs_19_amount: 13.67000
data_price_hour_rel_+07_amount: 13.02000
data_price_hour_abs_20_amount: 13.02000
data_price_hour_rel_+08_amount: 12.27000
data_price_hour_abs_21_amount: 12.27000
data_price_hour_rel_+09_amount: 11.28000
data_price_hour_abs_22_amount: 11.28000
data_price_hour_rel_+10_amount: 10.68300
data_price_hour_abs_23_amount: 10.68300