date_now: 2025-05-21 14:33:44
date_now_epoch: 1747830824463
date_now_day: 21
date_now_month: 5
date_now_year: 2025
date_start: 2025-05-21 00:00:00
date_end: 2025-05-21 23:59:59
price_low: -0.22000
price_high: 11.65400
price_median: 9.43000
price_average: 7.13475
price_current: -0.15300
price_unit: Cent/kWh
price_threshold_00: -0.22000
price_threshold_01: -0.15300
price_threshold_02: -0.01000
price_threshold_03: -0.00100
price_threshold_04: 0.01500
price_threshold_05: 0.20600
price_threshold_06: 4.22200
price_threshold_07: 4.90800
price_threshold_08: 8.48200
price_threshold_09: 8.63200
price_threshold_10: 9.00000
price_threshold_11: 9.37000
price_threshold_12: 9.49000
price_threshold_13: 9.79000
price_threshold_14: 10.01000
price_threshold_15: 10.07200
price_threshold_16: 10.23300
price_threshold_17: 10.24900
price_threshold_18: 10.78200
price_threshold_19: 10.79300
price_threshold_20: 11.02700
price_threshold_21: 11.24800
price_threshold_22: 11.43500
price_threshold_23: 11.65400
data_price_hour_rel_-14_amount: 10.79300
data_price_hour_abs_00_amount: 10.79300
data_price_hour_rel_-13_amount: 10.23300
data_price_hour_abs_01_amount: 10.23300
data_price_hour_rel_-12_amount: 9.79000
data_price_hour_abs_02_amount: 9.79000
data_price_hour_rel_-11_amount: 9.49000
data_price_hour_abs_03_amount: 9.49000
data_price_hour_rel_-10_amount: 9.37000
data_price_hour_abs_04_amount: 9.37000
data_price_hour_rel_-09_amount: 10.24900
data_price_hour_abs_05_amount: 10.24900
data_price_hour_rel_-08_amount: 11.24800
data_price_hour_abs_06_amount: 11.24800
data_price_hour_rel_-07_amount: 11.65400
data_price_hour_abs_07_amount: 11.65400
data_price_hour_rel_-06_amount: 10.78200
data_price_hour_abs_08_amount: 10.78200
data_price_hour_rel_-05_amount: 8.48200
data_price_hour_abs_09_amount: 8.48200
data_price_hour_rel_-04_amount: 4.22200
data_price_hour_abs_10_amount: 4.22200
data_price_hour_rel_-03_amount: 0.01500
data_price_hour_abs_11_amount: 0.01500
data_price_hour_rel_-02_amount: -0.01000
data_price_hour_abs_12_amount: -0.01000
data_price_hour_rel_-01_amount: -0.22000
data_price_hour_abs_13_amount: -0.22000
data_price_hour_rel_+00_amount: -0.15300
data_price_hour_abs_14_amount: -0.15300
data_price_hour_rel_+01_amount: -0.00100
data_price_hour_abs_15_amount: -0.00100
data_price_hour_rel_+02_amount: 0.20600
data_price_hour_abs_16_amount: 0.20600
data_price_hour_rel_+03_amount: 4.90800
data_price_hour_abs_17_amount: 4.90800
data_price_hour_rel_+04_amount: 8.63200
data_price_hour_abs_18_amount: 8.63200
data_price_hour_rel_+05_amount: 10.01000
data_price_hour_abs_19_amount: 10.01000
data_price_hour_rel_+06_amount: 11.43500
data_price_hour_abs_20_amount: 11.43500
data_price_hour_rel_+07_amount: 11.02700
data_price_hour_abs_21_amount: 11.02700
data_price_hour_rel_+08_amount: 10.07200
data_price_hour_abs_22_amount: 10.07200
data_price_hour_rel_+09_amount: 9.00000
data_price_hour_abs_23_amount: 9.00000