date_now: 2025-09-13 14:28:20
date_now_epoch: 1757766500503
date_now_day: 13
date_now_month: 9
date_now_year: 2025
date_start: 2025-09-13 00:00:00
date_end: 2025-09-13 23:59:59
price_low: -0.00100
price_high: 12.19000
price_median: 7.26000
price_average: 6.09563
price_current: -0.00100
price_unit: Cent/kWh
price_threshold_00: -0.00100
price_threshold_01: -0.00100
price_threshold_02: -0.00100
price_threshold_03: 0.00000
price_threshold_04: 0.23700
price_threshold_05: 0.38800
price_threshold_06: 1.43000
price_threshold_07: 5.38500
price_threshold_08: 6.97900
price_threshold_09: 7.24500
price_threshold_10: 7.24500
price_threshold_11: 7.24500
price_threshold_12: 7.27500
price_threshold_13: 7.27500
price_threshold_14: 7.41100
price_threshold_15: 7.41100
price_threshold_16: 7.47100
price_threshold_17: 8.58900
price_threshold_18: 8.71800
price_threshold_19: 10.00000
price_threshold_20: 10.81000
price_threshold_21: 11.11700
price_threshold_22: 11.87700
price_threshold_23: 12.19000
data_price_hour_rel_-14_amount: 8.58900
data_price_hour_abs_00_amount: 8.58900
data_price_hour_rel_-13_amount: 7.27500
data_price_hour_abs_01_amount: 7.27500
data_price_hour_rel_-12_amount: 7.24500
data_price_hour_abs_02_amount: 7.24500
data_price_hour_rel_-11_amount: 7.24500
data_price_hour_abs_03_amount: 7.24500
data_price_hour_rel_-10_amount: 6.97900
data_price_hour_abs_04_amount: 6.97900
data_price_hour_rel_-09_amount: 7.27500
data_price_hour_abs_05_amount: 7.27500
data_price_hour_rel_-08_amount: 7.47100
data_price_hour_abs_06_amount: 7.47100
data_price_hour_rel_-07_amount: 7.41100
data_price_hour_abs_07_amount: 7.41100
data_price_hour_rel_-06_amount: 7.24500
data_price_hour_abs_08_amount: 7.24500
data_price_hour_rel_-05_amount: 5.38500
data_price_hour_abs_09_amount: 5.38500
data_price_hour_rel_-04_amount: 1.43000
data_price_hour_abs_10_amount: 1.43000
data_price_hour_rel_-03_amount: 0.23700
data_price_hour_abs_11_amount: 0.23700
data_price_hour_rel_-02_amount: 0.00000
data_price_hour_abs_12_amount: 0.00000
data_price_hour_rel_-01_amount: -0.00100
data_price_hour_abs_13_amount: -0.00100
data_price_hour_rel_+00_amount: -0.00100
data_price_hour_abs_14_amount: -0.00100
data_price_hour_rel_+01_amount: -0.00100
data_price_hour_abs_15_amount: -0.00100
data_price_hour_rel_+02_amount: 0.38800
data_price_hour_abs_16_amount: 0.38800
data_price_hour_rel_+03_amount: 7.41100
data_price_hour_abs_17_amount: 7.41100
data_price_hour_rel_+04_amount: 10.81000
data_price_hour_abs_18_amount: 10.81000
data_price_hour_rel_+05_amount: 12.19000
data_price_hour_abs_19_amount: 12.19000
data_price_hour_rel_+06_amount: 11.87700
data_price_hour_abs_20_amount: 11.87700
data_price_hour_rel_+07_amount: 11.11700
data_price_hour_abs_21_amount: 11.11700
data_price_hour_rel_+08_amount: 10.00000
data_price_hour_abs_22_amount: 10.00000
data_price_hour_rel_+09_amount: 8.71800
data_price_hour_abs_23_amount: 8.71800