date_now: 2025-02-12 13:28:31
date_now_epoch: 1739363311330
date_now_day: 12
date_now_month: 2
date_now_year: 2025
date_start: 2025-02-12 00:00:00
date_end: 2025-02-12 23:59:59
price_low: 12.65900
price_high: 19.71300
price_median: 15.07550
price_average: 15.43246
price_current: 14.20300
price_unit: Cent/kWh
price_threshold_00: 12.65900
price_threshold_01: 12.68200
price_threshold_02: 12.77700
price_threshold_03: 12.87400
price_threshold_04: 12.91300
price_threshold_05: 13.12400
price_threshold_06: 13.72800
price_threshold_07: 14.18100
price_threshold_08: 14.20300
price_threshold_09: 14.40100
price_threshold_10: 14.94000
price_threshold_11: 15.03800
price_threshold_12: 15.11300
price_threshold_13: 15.57800
price_threshold_14: 15.96700
price_threshold_15: 16.20500
price_threshold_16: 16.36400
price_threshold_17: 17.32100
price_threshold_18: 17.39000
price_threshold_19: 17.49200
price_threshold_20: 18.00000
price_threshold_21: 18.45900
price_threshold_22: 19.25700
price_threshold_23: 19.71300
data_price_hour_rel_-13_amount: 12.91300
data_price_hour_abs_00_amount: 12.91300
data_price_hour_rel_-12_amount: 12.77700
data_price_hour_abs_01_amount: 12.77700
data_price_hour_rel_-11_amount: 12.68200
data_price_hour_abs_02_amount: 12.68200
data_price_hour_rel_-10_amount: 12.65900
data_price_hour_abs_03_amount: 12.65900
data_price_hour_rel_-09_amount: 12.87400
data_price_hour_abs_04_amount: 12.87400
data_price_hour_rel_-08_amount: 13.12400
data_price_hour_abs_05_amount: 13.12400
data_price_hour_rel_-07_amount: 15.11300
data_price_hour_abs_06_amount: 15.11300
data_price_hour_rel_-06_amount: 16.36400
data_price_hour_abs_07_amount: 16.36400
data_price_hour_rel_-05_amount: 18.00000
data_price_hour_abs_08_amount: 18.00000
data_price_hour_rel_-04_amount: 17.49200
data_price_hour_abs_09_amount: 17.49200
data_price_hour_rel_-03_amount: 16.20500
data_price_hour_abs_10_amount: 16.20500
data_price_hour_rel_-02_amount: 14.40100
data_price_hour_abs_11_amount: 14.40100
data_price_hour_rel_-01_amount: 13.72800
data_price_hour_abs_12_amount: 13.72800
data_price_hour_rel_+00_amount: 14.20300
data_price_hour_abs_13_amount: 14.20300
data_price_hour_rel_+01_amount: 14.94000
data_price_hour_abs_14_amount: 14.94000
data_price_hour_rel_+02_amount: 15.96700
data_price_hour_abs_15_amount: 15.96700
data_price_hour_rel_+03_amount: 17.32100
data_price_hour_abs_16_amount: 17.32100
data_price_hour_rel_+04_amount: 18.45900
data_price_hour_abs_17_amount: 18.45900
data_price_hour_rel_+05_amount: 19.71300
data_price_hour_abs_18_amount: 19.71300
data_price_hour_rel_+06_amount: 19.25700
data_price_hour_abs_19_amount: 19.25700
data_price_hour_rel_+07_amount: 17.39000
data_price_hour_abs_20_amount: 17.39000
data_price_hour_rel_+08_amount: 15.57800
data_price_hour_abs_21_amount: 15.57800
data_price_hour_rel_+09_amount: 15.03800
data_price_hour_abs_22_amount: 15.03800
data_price_hour_rel_+10_amount: 14.18100
data_price_hour_abs_23_amount: 14.18100