date_now: 2025-03-28 13:30:14
date_now_epoch: 1743165014462
date_now_day: 28
date_now_month: 3
date_now_year: 2025
date_start: 2025-03-28 00:00:00
date_end: 2025-03-28 23:59:59
price_low: -0.00300
price_high: 16.59900
price_median: 9.60400
price_average: 8.83425
price_current: -0.00300
price_unit: Cent/kWh
price_threshold_00: -0.00300
price_threshold_01: -0.00100
price_threshold_02: 0.16800
price_threshold_03: 1.44800
price_threshold_04: 2.57700
price_threshold_05: 7.01000
price_threshold_06: 7.55700
price_threshold_07: 7.90200
price_threshold_08: 7.93800
price_threshold_09: 7.93800
price_threshold_10: 7.98400
price_threshold_11: 9.00000
price_threshold_12: 10.20800
price_threshold_13: 10.35100
price_threshold_14: 10.41900
price_threshold_15: 11.01200
price_threshold_16: 11.79400
price_threshold_17: 12.22000
price_threshold_18: 12.45600
price_threshold_19: 12.85200
price_threshold_20: 13.20000
price_threshold_21: 14.80300
price_threshold_22: 16.59000
price_threshold_23: 16.59900
data_price_hour_rel_-13_amount: 9.00000
data_price_hour_abs_00_amount: 9.00000
data_price_hour_rel_-12_amount: 7.93800
data_price_hour_abs_01_amount: 7.93800
data_price_hour_rel_-11_amount: 7.90200
data_price_hour_abs_02_amount: 7.90200
data_price_hour_rel_-10_amount: 7.93800
data_price_hour_abs_03_amount: 7.93800
data_price_hour_rel_-09_amount: 7.98400
data_price_hour_abs_04_amount: 7.98400
data_price_hour_rel_-08_amount: 10.35100
data_price_hour_abs_05_amount: 10.35100
data_price_hour_rel_-07_amount: 12.85200
data_price_hour_abs_06_amount: 12.85200
data_price_hour_rel_-06_amount: 12.22000
data_price_hour_abs_07_amount: 12.22000
data_price_hour_rel_-05_amount: 10.20800
data_price_hour_abs_08_amount: 10.20800
data_price_hour_rel_-04_amount: 7.55700
data_price_hour_abs_09_amount: 7.55700
data_price_hour_rel_-03_amount: 2.57700
data_price_hour_abs_10_amount: 2.57700
data_price_hour_rel_-02_amount: 0.16800
data_price_hour_abs_11_amount: 0.16800
data_price_hour_rel_-01_amount: -0.00100
data_price_hour_abs_12_amount: -0.00100
data_price_hour_rel_+00_amount: -0.00300
data_price_hour_abs_13_amount: -0.00300
data_price_hour_rel_+01_amount: 1.44800
data_price_hour_abs_14_amount: 1.44800
data_price_hour_rel_+02_amount: 7.01000
data_price_hour_abs_15_amount: 7.01000
data_price_hour_rel_+03_amount: 10.41900
data_price_hour_abs_16_amount: 10.41900
data_price_hour_rel_+04_amount: 13.20000
data_price_hour_abs_17_amount: 13.20000
data_price_hour_rel_+05_amount: 16.59900
data_price_hour_abs_18_amount: 16.59900
data_price_hour_rel_+06_amount: 16.59000
data_price_hour_abs_19_amount: 16.59000
data_price_hour_rel_+07_amount: 14.80300
data_price_hour_abs_20_amount: 14.80300
data_price_hour_rel_+08_amount: 12.45600
data_price_hour_abs_21_amount: 12.45600
data_price_hour_rel_+09_amount: 11.79400
data_price_hour_abs_22_amount: 11.79400
data_price_hour_rel_+10_amount: 11.01200
data_price_hour_abs_23_amount: 11.01200