date_now: 2025-04-18 14:30:33
date_now_epoch: 1744979433057
date_now_day: 18
date_now_month: 4
date_now_year: 2025
date_start: 2025-04-18 00:00:00
date_end: 2025-04-18 23:59:59
price_low: 6.26400
price_high: 12.65200
price_median: 8.56300
price_average: 8.78979
price_current: 6.26400
price_unit: Cent/kWh
price_threshold_00: 6.26400
price_threshold_01: 6.37500
price_threshold_02: 6.53600
price_threshold_03: 7.50300
price_threshold_04: 7.63400
price_threshold_05: 7.63500
price_threshold_06: 7.66100
price_threshold_07: 7.79400
price_threshold_08: 7.91200
price_threshold_09: 7.93900
price_threshold_10: 8.13000
price_threshold_11: 8.32800
price_threshold_12: 8.79800
price_threshold_13: 8.83000
price_threshold_14: 8.86400
price_threshold_15: 9.01400
price_threshold_16: 9.10000
price_threshold_17: 9.12500
price_threshold_18: 9.91200
price_threshold_19: 10.35000
price_threshold_20: 10.63500
price_threshold_21: 11.65200
price_threshold_22: 12.31200
price_threshold_23: 12.65200
data_price_hour_rel_-14_amount: 9.10000
data_price_hour_abs_00_amount: 9.10000
data_price_hour_rel_-13_amount: 8.13000
data_price_hour_abs_01_amount: 8.13000
data_price_hour_rel_-12_amount: 7.91200
data_price_hour_abs_02_amount: 7.91200
data_price_hour_rel_-11_amount: 7.79400
data_price_hour_abs_03_amount: 7.79400
data_price_hour_rel_-10_amount: 7.63400
data_price_hour_abs_04_amount: 7.63400
data_price_hour_rel_-09_amount: 7.63500
data_price_hour_abs_05_amount: 7.63500
data_price_hour_rel_-08_amount: 7.93900
data_price_hour_abs_06_amount: 7.93900
data_price_hour_rel_-07_amount: 8.79800
data_price_hour_abs_07_amount: 8.79800
data_price_hour_rel_-06_amount: 9.12500
data_price_hour_abs_08_amount: 9.12500
data_price_hour_rel_-05_amount: 9.01400
data_price_hour_abs_09_amount: 9.01400
data_price_hour_rel_-04_amount: 8.83000
data_price_hour_abs_10_amount: 8.83000
data_price_hour_rel_-03_amount: 8.32800
data_price_hour_abs_11_amount: 8.32800
data_price_hour_rel_-02_amount: 7.50300
data_price_hour_abs_12_amount: 7.50300
data_price_hour_rel_-01_amount: 6.37500
data_price_hour_abs_13_amount: 6.37500
data_price_hour_rel_+00_amount: 6.26400
data_price_hour_abs_14_amount: 6.26400
data_price_hour_rel_+01_amount: 6.53600
data_price_hour_abs_15_amount: 6.53600
data_price_hour_rel_+02_amount: 7.66100
data_price_hour_abs_16_amount: 7.66100
data_price_hour_rel_+03_amount: 8.86400
data_price_hour_abs_17_amount: 8.86400
data_price_hour_rel_+04_amount: 10.35000
data_price_hour_abs_18_amount: 10.35000
data_price_hour_rel_+05_amount: 12.31200
data_price_hour_abs_19_amount: 12.31200
data_price_hour_rel_+06_amount: 12.65200
data_price_hour_abs_20_amount: 12.65200
data_price_hour_rel_+07_amount: 11.65200
data_price_hour_abs_21_amount: 11.65200
data_price_hour_rel_+08_amount: 10.63500
data_price_hour_abs_22_amount: 10.63500
data_price_hour_rel_+09_amount: 9.91200
data_price_hour_abs_23_amount: 9.91200