date_now: 2025-10-31 13:34:50
date_now_epoch: 1761914090982
date_now_day: 31
date_now_month: 10
date_now_year: 2025
date_start: 2025-10-31 00:00:00
date_end: 2025-10-31 23:59:59
price_low: 6.76000
price_high: 13.20500
price_median: 8.67600
price_average: 9.32450
price_current: 8.42100
price_unit: Cent/kWh
price_threshold_00: 6.76000
price_threshold_01: 7.40900
price_threshold_02: 7.47400
price_threshold_03: 7.56700
price_threshold_04: 7.56800
price_threshold_05: 7.59900
price_threshold_06: 7.81600
price_threshold_07: 7.97600
price_threshold_08: 8.18500
price_threshold_09: 8.30100
price_threshold_10: 8.42100
price_threshold_11: 8.60500
price_threshold_12: 8.74700
price_threshold_13: 8.77400
price_threshold_14: 9.00100
price_threshold_15: 9.18300
price_threshold_16: 10.67000
price_threshold_17: 10.72800
price_threshold_18: 10.87700
price_threshold_19: 11.95700
price_threshold_20: 12.03900
price_threshold_21: 12.21800
price_threshold_22: 12.70800
price_threshold_23: 13.20500
data_price_hour_rel_-13_amount: 8.77400
data_price_hour_abs_00_amount: 8.77400
data_price_hour_rel_-12_amount: 7.81600
data_price_hour_abs_01_amount: 7.81600
data_price_hour_rel_-11_amount: 7.47400
data_price_hour_abs_02_amount: 7.47400
data_price_hour_rel_-10_amount: 7.56800
data_price_hour_abs_03_amount: 7.56800
data_price_hour_rel_-09_amount: 7.97600
data_price_hour_abs_04_amount: 7.97600
data_price_hour_rel_-08_amount: 9.18300
data_price_hour_abs_05_amount: 9.18300
data_price_hour_rel_-07_amount: 12.03900
data_price_hour_abs_06_amount: 12.03900
data_price_hour_rel_-06_amount: 11.95700
data_price_hour_abs_07_amount: 11.95700
data_price_hour_rel_-05_amount: 10.87700
data_price_hour_abs_08_amount: 10.87700
data_price_hour_rel_-04_amount: 8.30100
data_price_hour_abs_09_amount: 8.30100
data_price_hour_rel_-03_amount: 7.56700
data_price_hour_abs_10_amount: 7.56700
data_price_hour_rel_-02_amount: 7.40900
data_price_hour_abs_11_amount: 7.40900
data_price_hour_rel_-01_amount: 7.59900
data_price_hour_abs_12_amount: 7.59900
data_price_hour_rel_+00_amount: 8.42100
data_price_hour_abs_13_amount: 8.42100
data_price_hour_rel_+01_amount: 10.67000
data_price_hour_abs_14_amount: 10.67000
data_price_hour_rel_+02_amount: 12.70800
data_price_hour_abs_15_amount: 12.70800
data_price_hour_rel_+03_amount: 13.20500
data_price_hour_abs_16_amount: 13.20500
data_price_hour_rel_+04_amount: 12.21800
data_price_hour_abs_17_amount: 12.21800
data_price_hour_rel_+05_amount: 10.72800
data_price_hour_abs_18_amount: 10.72800
data_price_hour_rel_+06_amount: 9.00100
data_price_hour_abs_19_amount: 9.00100
data_price_hour_rel_+07_amount: 8.60500
data_price_hour_abs_20_amount: 8.60500
data_price_hour_rel_+08_amount: 8.74700
data_price_hour_abs_21_amount: 8.74700
data_price_hour_rel_+09_amount: 8.18500
data_price_hour_abs_22_amount: 8.18500
data_price_hour_rel_+10_amount: 6.76000
data_price_hour_abs_23_amount: 6.76000