date_now: 2025-11-10 13:35:35
date_now_epoch: 1762778135254
date_now_day: 10
date_now_month: 11
date_now_year: 2025
date_start: 2025-11-10 00:00:00
date_end: 2025-11-10 23:59:59
price_low: 8.38700
price_high: 15.78800
price_median: 10.71650
price_average: 10.98892
price_current: 10.84100
price_unit: Cent/kWh
price_threshold_00: 8.38700
price_threshold_01: 8.71800
price_threshold_02: 8.75200
price_threshold_03: 8.76400
price_threshold_04: 8.83900
price_threshold_05: 8.89000
price_threshold_06: 8.89800
price_threshold_07: 8.89900
price_threshold_08: 9.01100
price_threshold_09: 9.23100
price_threshold_10: 10.36600
price_threshold_11: 10.59200
price_threshold_12: 10.84100
price_threshold_13: 11.34500
price_threshold_14: 11.52500
price_threshold_15: 11.55700
price_threshold_16: 12.07300
price_threshold_17: 12.62500
price_threshold_18: 12.62700
price_threshold_19: 13.33600
price_threshold_20: 13.94000
price_threshold_21: 14.30000
price_threshold_22: 14.43000
price_threshold_23: 15.78800
data_price_hour_rel_-13_amount: 8.89800
data_price_hour_abs_00_amount: 8.89800
data_price_hour_rel_-12_amount: 8.76400
data_price_hour_abs_01_amount: 8.76400
data_price_hour_rel_-11_amount: 8.89000
data_price_hour_abs_02_amount: 8.89000
data_price_hour_rel_-10_amount: 8.75200
data_price_hour_abs_03_amount: 8.75200
data_price_hour_rel_-09_amount: 8.71800
data_price_hour_abs_04_amount: 8.71800
data_price_hour_rel_-08_amount: 9.23100
data_price_hour_abs_05_amount: 9.23100
data_price_hour_rel_-07_amount: 11.34500
data_price_hour_abs_06_amount: 11.34500
data_price_hour_rel_-06_amount: 14.30000
data_price_hour_abs_07_amount: 14.30000
data_price_hour_rel_-05_amount: 15.78800
data_price_hour_abs_08_amount: 15.78800
data_price_hour_rel_-04_amount: 14.43000
data_price_hour_abs_09_amount: 14.43000
data_price_hour_rel_-03_amount: 12.62700
data_price_hour_abs_10_amount: 12.62700
data_price_hour_rel_-02_amount: 11.52500
data_price_hour_abs_11_amount: 11.52500
data_price_hour_rel_-01_amount: 10.59200
data_price_hour_abs_12_amount: 10.59200
data_price_hour_rel_+00_amount: 10.84100
data_price_hour_abs_13_amount: 10.84100
data_price_hour_rel_+01_amount: 11.55700
data_price_hour_abs_14_amount: 11.55700
data_price_hour_rel_+02_amount: 12.62500
data_price_hour_abs_15_amount: 12.62500
data_price_hour_rel_+03_amount: 13.33600
data_price_hour_abs_16_amount: 13.33600
data_price_hour_rel_+04_amount: 13.94000
data_price_hour_abs_17_amount: 13.94000
data_price_hour_rel_+05_amount: 12.07300
data_price_hour_abs_18_amount: 12.07300
data_price_hour_rel_+06_amount: 10.36600
data_price_hour_abs_19_amount: 10.36600
data_price_hour_rel_+07_amount: 9.01100
data_price_hour_abs_20_amount: 9.01100
data_price_hour_rel_+08_amount: 8.89900
data_price_hour_abs_21_amount: 8.89900
data_price_hour_rel_+09_amount: 8.83900
data_price_hour_abs_22_amount: 8.83900
data_price_hour_rel_+10_amount: 8.38700
data_price_hour_abs_23_amount: 8.38700