date_now: 2025-02-18 13:28:48
date_now_epoch: 1739881728155
date_now_day: 18
date_now_month: 2
date_now_year: 2025
date_start: 2025-02-18 00:00:00
date_end: 2025-02-18 23:59:59
price_low: 8.85300
price_high: 19.38000
price_median: 12.46200
price_average: 13.24546
price_current: 8.85300
price_unit: Cent/kWh
price_threshold_00: 8.85300
price_threshold_01: 9.64100
price_threshold_02: 9.83500
price_threshold_03: 10.97100
price_threshold_04: 11.00000
price_threshold_05: 11.44500
price_threshold_06: 11.56600
price_threshold_07: 11.71100
price_threshold_08: 12.19000
price_threshold_09: 12.19300
price_threshold_10: 12.35600
price_threshold_11: 12.42400
price_threshold_12: 12.50000
price_threshold_13: 12.81600
price_threshold_14: 12.94100
price_threshold_15: 13.29500
price_threshold_16: 14.24200
price_threshold_17: 14.35300
price_threshold_18: 14.36100
price_threshold_19: 15.59100
price_threshold_20: 17.43200
price_threshold_21: 17.76100
price_threshold_22: 19.03400
price_threshold_23: 19.38000
data_price_hour_rel_-13_amount: 13.29500
data_price_hour_abs_00_amount: 13.29500
data_price_hour_rel_-12_amount: 12.50000
data_price_hour_abs_01_amount: 12.50000
data_price_hour_rel_-11_amount: 12.35600
data_price_hour_abs_02_amount: 12.35600
data_price_hour_rel_-10_amount: 11.71100
data_price_hour_abs_03_amount: 11.71100
data_price_hour_rel_-09_amount: 11.56600
data_price_hour_abs_04_amount: 11.56600
data_price_hour_rel_-08_amount: 12.19300
data_price_hour_abs_05_amount: 12.19300
data_price_hour_rel_-07_amount: 14.36100
data_price_hour_abs_06_amount: 14.36100
data_price_hour_rel_-06_amount: 19.03400
data_price_hour_abs_07_amount: 19.03400
data_price_hour_rel_-05_amount: 19.38000
data_price_hour_abs_08_amount: 19.38000
data_price_hour_rel_-04_amount: 14.35300
data_price_hour_abs_09_amount: 14.35300
data_price_hour_rel_-03_amount: 12.42400
data_price_hour_abs_10_amount: 12.42400
data_price_hour_rel_-02_amount: 10.97100
data_price_hour_abs_11_amount: 10.97100
data_price_hour_rel_-01_amount: 9.64100
data_price_hour_abs_12_amount: 9.64100
data_price_hour_rel_+00_amount: 8.85300
data_price_hour_abs_13_amount: 8.85300
data_price_hour_rel_+01_amount: 9.83500
data_price_hour_abs_14_amount: 9.83500
data_price_hour_rel_+02_amount: 11.00000
data_price_hour_abs_15_amount: 11.00000
data_price_hour_rel_+03_amount: 12.81600
data_price_hour_abs_16_amount: 12.81600
data_price_hour_rel_+04_amount: 17.76100
data_price_hour_abs_17_amount: 17.76100
data_price_hour_rel_+05_amount: 17.43200
data_price_hour_abs_18_amount: 17.43200
data_price_hour_rel_+06_amount: 15.59100
data_price_hour_abs_19_amount: 15.59100
data_price_hour_rel_+07_amount: 14.24200
data_price_hour_abs_20_amount: 14.24200
data_price_hour_rel_+08_amount: 12.94100
data_price_hour_abs_21_amount: 12.94100
data_price_hour_rel_+09_amount: 12.19000
data_price_hour_abs_22_amount: 12.19000
data_price_hour_rel_+10_amount: 11.44500
data_price_hour_abs_23_amount: 11.44500