date_now: 2025-12-10 13:37:52
date_now_epoch: 1765370272459
date_now_day: 10
date_now_month: 12
date_now_year: 2025
date_start: 2025-12-10 00:00:00
date_end: 2025-12-10 23:59:59
price_low: 3.10000
price_high: 10.56700
price_median: 8.44000
price_average: 7.85042
price_current: 8.14400
price_unit: Cent/kWh
price_threshold_00: 3.10000
price_threshold_01: 3.51100
price_threshold_02: 3.64800
price_threshold_03: 4.39000
price_threshold_04: 4.80900
price_threshold_05: 6.96500
price_threshold_06: 7.64300
price_threshold_07: 7.91200
price_threshold_08: 7.95000
price_threshold_09: 8.10000
price_threshold_10: 8.14400
price_threshold_11: 8.24900
price_threshold_12: 8.63100
price_threshold_13: 8.75100
price_threshold_14: 8.77300
price_threshold_15: 8.77500
price_threshold_16: 9.02200
price_threshold_17: 9.42300
price_threshold_18: 9.43300
price_threshold_19: 9.67700
price_threshold_20: 10.06700
price_threshold_21: 10.40000
price_threshold_22: 10.47000
price_threshold_23: 10.56700
data_price_hour_rel_-13_amount: 4.39000
data_price_hour_abs_00_amount: 4.39000
data_price_hour_rel_-12_amount: 3.64800
data_price_hour_abs_01_amount: 3.64800
data_price_hour_rel_-11_amount: 3.10000
data_price_hour_abs_02_amount: 3.10000
data_price_hour_rel_-10_amount: 3.51100
data_price_hour_abs_03_amount: 3.51100
data_price_hour_rel_-09_amount: 4.80900
data_price_hour_abs_04_amount: 4.80900
data_price_hour_rel_-08_amount: 6.96500
data_price_hour_abs_05_amount: 6.96500
data_price_hour_rel_-07_amount: 7.91200
data_price_hour_abs_06_amount: 7.91200
data_price_hour_rel_-06_amount: 8.75100
data_price_hour_abs_07_amount: 8.75100
data_price_hour_rel_-05_amount: 9.43300
data_price_hour_abs_08_amount: 9.43300
data_price_hour_rel_-04_amount: 9.42300
data_price_hour_abs_09_amount: 9.42300
data_price_hour_rel_-03_amount: 8.77300
data_price_hour_abs_10_amount: 8.77300
data_price_hour_rel_-02_amount: 8.10000
data_price_hour_abs_11_amount: 8.10000
data_price_hour_rel_-01_amount: 7.95000
data_price_hour_abs_12_amount: 7.95000
data_price_hour_rel_+00_amount: 8.14400
data_price_hour_abs_13_amount: 8.14400
data_price_hour_rel_+01_amount: 9.02200
data_price_hour_abs_14_amount: 9.02200
data_price_hour_rel_+02_amount: 10.06700
data_price_hour_abs_15_amount: 10.06700
data_price_hour_rel_+03_amount: 10.40000
data_price_hour_abs_16_amount: 10.40000
data_price_hour_rel_+04_amount: 10.56700
data_price_hour_abs_17_amount: 10.56700
data_price_hour_rel_+05_amount: 10.47000
data_price_hour_abs_18_amount: 10.47000
data_price_hour_rel_+06_amount: 9.67700
data_price_hour_abs_19_amount: 9.67700
data_price_hour_rel_+07_amount: 8.77500
data_price_hour_abs_20_amount: 8.77500
data_price_hour_rel_+08_amount: 8.63100
data_price_hour_abs_21_amount: 8.63100
data_price_hour_rel_+09_amount: 8.24900
data_price_hour_abs_22_amount: 8.24900
data_price_hour_rel_+10_amount: 7.64300
data_price_hour_abs_23_amount: 7.64300