date_now: 2025-11-18 13:35:55
date_now_epoch: 1763469355512
date_now_day: 18
date_now_month: 11
date_now_year: 2025
date_start: 2025-11-18 00:00:00
date_end: 2025-11-18 23:59:59
price_low: 7.77200
price_high: 15.16600
price_median: 9.33850
price_average: 10.19658
price_current: 9.06000
price_unit: Cent/kWh
price_threshold_00: 7.77200
price_threshold_01: 7.90400
price_threshold_02: 8.05100
price_threshold_03: 8.28300
price_threshold_04: 8.34700
price_threshold_05: 8.48900
price_threshold_06: 8.88000
price_threshold_07: 8.92000
price_threshold_08: 8.99600
price_threshold_09: 9.06000
price_threshold_10: 9.10500
price_threshold_11: 9.21300
price_threshold_12: 9.46400
price_threshold_13: 9.65800
price_threshold_14: 9.74800
price_threshold_15: 10.47400
price_threshold_16: 10.71300
price_threshold_17: 10.74500
price_threshold_18: 11.98400
price_threshold_19: 12.06000
price_threshold_20: 13.11500
price_threshold_21: 14.19100
price_threshold_22: 14.38000
price_threshold_23: 15.16600
data_price_hour_rel_-13_amount: 8.48900
data_price_hour_abs_00_amount: 8.48900
data_price_hour_rel_-12_amount: 8.28300
data_price_hour_abs_01_amount: 8.28300
data_price_hour_rel_-11_amount: 7.90400
data_price_hour_abs_02_amount: 7.90400
data_price_hour_rel_-10_amount: 7.77200
data_price_hour_abs_03_amount: 7.77200
data_price_hour_rel_-09_amount: 8.05100
data_price_hour_abs_04_amount: 8.05100
data_price_hour_rel_-08_amount: 8.34700
data_price_hour_abs_05_amount: 8.34700
data_price_hour_rel_-07_amount: 9.10500
data_price_hour_abs_06_amount: 9.10500
data_price_hour_rel_-06_amount: 10.47400
data_price_hour_abs_07_amount: 10.47400
data_price_hour_rel_-05_amount: 11.98400
data_price_hour_abs_08_amount: 11.98400
data_price_hour_rel_-04_amount: 10.74500
data_price_hour_abs_09_amount: 10.74500
data_price_hour_rel_-03_amount: 9.21300
data_price_hour_abs_10_amount: 9.21300
data_price_hour_rel_-02_amount: 8.88000
data_price_hour_abs_11_amount: 8.88000
data_price_hour_rel_-01_amount: 8.92000
data_price_hour_abs_12_amount: 8.92000
data_price_hour_rel_+00_amount: 9.06000
data_price_hour_abs_13_amount: 9.06000
data_price_hour_rel_+01_amount: 9.65800
data_price_hour_abs_14_amount: 9.65800
data_price_hour_rel_+02_amount: 12.06000
data_price_hour_abs_15_amount: 12.06000
data_price_hour_rel_+03_amount: 14.19100
data_price_hour_abs_16_amount: 14.19100
data_price_hour_rel_+04_amount: 15.16600
data_price_hour_abs_17_amount: 15.16600
data_price_hour_rel_+05_amount: 14.38000
data_price_hour_abs_18_amount: 14.38000
data_price_hour_rel_+06_amount: 13.11500
data_price_hour_abs_19_amount: 13.11500
data_price_hour_rel_+07_amount: 10.71300
data_price_hour_abs_20_amount: 10.71300
data_price_hour_rel_+08_amount: 9.46400
data_price_hour_abs_21_amount: 9.46400
data_price_hour_rel_+09_amount: 9.74800
data_price_hour_abs_22_amount: 9.74800
data_price_hour_rel_+10_amount: 8.99600
data_price_hour_abs_23_amount: 8.99600