date_now: 2025-02-11 13:28:39
date_now_epoch: 1739276919301
date_now_day: 11
date_now_month: 2
date_now_year: 2025
date_start: 2025-02-11 00:00:00
date_end: 2025-02-11 23:59:59
price_low: 7.11000
price_high: 16.81900
price_median: 12.58500
price_average: 12.00129
price_current: 11.11100
price_unit: Cent/kWh
price_threshold_00: 7.11000
price_threshold_01: 7.16200
price_threshold_02: 7.48900
price_threshold_03: 7.74500
price_threshold_04: 7.74500
price_threshold_05: 8.74400
price_threshold_06: 9.27800
price_threshold_07: 9.66500
price_threshold_08: 9.76800
price_threshold_09: 10.04600
price_threshold_10: 11.11100
price_threshold_11: 12.34600
price_threshold_12: 12.82400
price_threshold_13: 13.49300
price_threshold_14: 14.14200
price_threshold_15: 14.29500
price_threshold_16: 14.36900
price_threshold_17: 14.44700
price_threshold_18: 14.87500
price_threshold_19: 15.55300
price_threshold_20: 15.99700
price_threshold_21: 16.26300
price_threshold_22: 16.74500
price_threshold_23: 16.81900
data_price_hour_rel_-13_amount: 7.74500
data_price_hour_abs_00_amount: 7.74500
data_price_hour_rel_-12_amount: 7.11000
data_price_hour_abs_01_amount: 7.11000
data_price_hour_rel_-11_amount: 7.16200
data_price_hour_abs_02_amount: 7.16200
data_price_hour_rel_-10_amount: 7.48900
data_price_hour_abs_03_amount: 7.48900
data_price_hour_rel_-09_amount: 7.74500
data_price_hour_abs_04_amount: 7.74500
data_price_hour_rel_-08_amount: 8.74400
data_price_hour_abs_05_amount: 8.74400
data_price_hour_rel_-07_amount: 10.04600
data_price_hour_abs_06_amount: 10.04600
data_price_hour_rel_-06_amount: 13.49300
data_price_hour_abs_07_amount: 13.49300
data_price_hour_rel_-05_amount: 15.55300
data_price_hour_abs_08_amount: 15.55300
data_price_hour_rel_-04_amount: 14.14200
data_price_hour_abs_09_amount: 14.14200
data_price_hour_rel_-03_amount: 9.66500
data_price_hour_abs_10_amount: 9.66500
data_price_hour_rel_-02_amount: 9.27800
data_price_hour_abs_11_amount: 9.27800
data_price_hour_rel_-01_amount: 9.76800
data_price_hour_abs_12_amount: 9.76800
data_price_hour_rel_+00_amount: 11.11100
data_price_hour_abs_13_amount: 11.11100
data_price_hour_rel_+01_amount: 12.34600
data_price_hour_abs_14_amount: 12.34600
data_price_hour_rel_+02_amount: 14.36900
data_price_hour_abs_15_amount: 14.36900
data_price_hour_rel_+03_amount: 14.44700
data_price_hour_abs_16_amount: 14.44700
data_price_hour_rel_+04_amount: 15.99700
data_price_hour_abs_17_amount: 15.99700
data_price_hour_rel_+05_amount: 16.81900
data_price_hour_abs_18_amount: 16.81900
data_price_hour_rel_+06_amount: 16.74500
data_price_hour_abs_19_amount: 16.74500
data_price_hour_rel_+07_amount: 16.26300
data_price_hour_abs_20_amount: 16.26300
data_price_hour_rel_+08_amount: 14.87500
data_price_hour_abs_21_amount: 14.87500
data_price_hour_rel_+09_amount: 14.29500
data_price_hour_abs_22_amount: 14.29500
data_price_hour_rel_+10_amount: 12.82400
data_price_hour_abs_23_amount: 12.82400