date_now: 2025-03-26 13:31:01
date_now_epoch: 1742992261511
date_now_day: 26
date_now_month: 3
date_now_year: 2025
date_start: 2025-03-26 00:00:00
date_end: 2025-03-26 23:59:59
price_low: 8.45000
price_high: 16.95400
price_median: 10.12350
price_average: 11.45338
price_current: 8.45000
price_unit: Cent/kWh
price_threshold_00: 8.45000
price_threshold_01: 9.07900
price_threshold_02: 9.43600
price_threshold_03: 9.48100
price_threshold_04: 9.57200
price_threshold_05: 9.63900
price_threshold_06: 9.73600
price_threshold_07: 9.73900
price_threshold_08: 9.79600
price_threshold_09: 9.88500
price_threshold_10: 10.00000
price_threshold_11: 10.10200
price_threshold_12: 10.14500
price_threshold_13: 10.89100
price_threshold_14: 11.18600
price_threshold_15: 12.02700
price_threshold_16: 12.87600
price_threshold_17: 12.94000
price_threshold_18: 13.51600
price_threshold_19: 13.70900
price_threshold_20: 14.19500
price_threshold_21: 15.32700
price_threshold_22: 16.20000
price_threshold_23: 16.95400
data_price_hour_rel_-13_amount: 10.10200
data_price_hour_abs_00_amount: 10.10200
data_price_hour_rel_-12_amount: 9.79600
data_price_hour_abs_01_amount: 9.79600
data_price_hour_rel_-11_amount: 9.73600
data_price_hour_abs_02_amount: 9.73600
data_price_hour_rel_-10_amount: 9.73900
data_price_hour_abs_03_amount: 9.73900
data_price_hour_rel_-09_amount: 9.57200
data_price_hour_abs_04_amount: 9.57200
data_price_hour_rel_-08_amount: 9.88500
data_price_hour_abs_05_amount: 9.88500
data_price_hour_rel_-07_amount: 12.87600
data_price_hour_abs_06_amount: 12.87600
data_price_hour_rel_-06_amount: 14.19500
data_price_hour_abs_07_amount: 14.19500
data_price_hour_rel_-05_amount: 13.70900
data_price_hour_abs_08_amount: 13.70900
data_price_hour_rel_-04_amount: 11.18600
data_price_hour_abs_09_amount: 11.18600
data_price_hour_rel_-03_amount: 10.00000
data_price_hour_abs_10_amount: 10.00000
data_price_hour_rel_-02_amount: 9.63900
data_price_hour_abs_11_amount: 9.63900
data_price_hour_rel_-01_amount: 9.48100
data_price_hour_abs_12_amount: 9.48100
data_price_hour_rel_+00_amount: 8.45000
data_price_hour_abs_13_amount: 8.45000
data_price_hour_rel_+01_amount: 9.07900
data_price_hour_abs_14_amount: 9.07900
data_price_hour_rel_+02_amount: 9.43600
data_price_hour_abs_15_amount: 9.43600
data_price_hour_rel_+03_amount: 10.14500
data_price_hour_abs_16_amount: 10.14500
data_price_hour_rel_+04_amount: 13.51600
data_price_hour_abs_17_amount: 13.51600
data_price_hour_rel_+05_amount: 16.20000
data_price_hour_abs_18_amount: 16.20000
data_price_hour_rel_+06_amount: 16.95400
data_price_hour_abs_19_amount: 16.95400
data_price_hour_rel_+07_amount: 15.32700
data_price_hour_abs_20_amount: 15.32700
data_price_hour_rel_+08_amount: 12.94000
data_price_hour_abs_21_amount: 12.94000
data_price_hour_rel_+09_amount: 12.02700
data_price_hour_abs_22_amount: 12.02700
data_price_hour_rel_+10_amount: 10.89100
data_price_hour_abs_23_amount: 10.89100