date_now: 2025-09-04 14:31:30
date_now_epoch: 1756989090793
date_now_day: 4
date_now_month: 9
date_now_year: 2025
date_start: 2025-09-04 00:00:00
date_end: 2025-09-04 23:59:59
price_low: 0.32000
price_high: 35.00000
price_median: 8.08500
price_average: 8.76117
price_current: 3.48900
price_unit: Cent/kWh
price_threshold_00: 0.32000
price_threshold_01: 0.33600
price_threshold_02: 0.57900
price_threshold_03: 1.77000
price_threshold_04: 1.78700
price_threshold_05: 2.16500
price_threshold_06: 3.00200
price_threshold_07: 3.48900
price_threshold_08: 4.14500
price_threshold_09: 5.99200
price_threshold_10: 7.10000
price_threshold_11: 7.78100
price_threshold_12: 8.38900
price_threshold_13: 9.00500
price_threshold_14: 10.13000
price_threshold_15: 10.78700
price_threshold_16: 10.80900
price_threshold_17: 10.91300
price_threshold_18: 11.21400
price_threshold_19: 12.00000
price_threshold_20: 12.49300
price_threshold_21: 19.18000
price_threshold_22: 21.88200
price_threshold_23: 35.00000
data_price_hour_rel_-14_amount: 2.16500
data_price_hour_abs_00_amount: 2.16500
data_price_hour_rel_-13_amount: 1.77000
data_price_hour_abs_01_amount: 1.77000
data_price_hour_rel_-12_amount: 1.78700
data_price_hour_abs_02_amount: 1.78700
data_price_hour_rel_-11_amount: 3.00200
data_price_hour_abs_03_amount: 3.00200
data_price_hour_rel_-10_amount: 5.99200
data_price_hour_abs_04_amount: 5.99200
data_price_hour_rel_-09_amount: 8.38900
data_price_hour_abs_05_amount: 8.38900
data_price_hour_rel_-08_amount: 10.78700
data_price_hour_abs_06_amount: 10.78700
data_price_hour_rel_-07_amount: 12.00000
data_price_hour_abs_07_amount: 12.00000
data_price_hour_rel_-06_amount: 10.80900
data_price_hour_abs_08_amount: 10.80900
data_price_hour_rel_-05_amount: 7.78100
data_price_hour_abs_09_amount: 7.78100
data_price_hour_rel_-04_amount: 4.14500
data_price_hour_abs_10_amount: 4.14500
data_price_hour_rel_-03_amount: 0.57900
data_price_hour_abs_11_amount: 0.57900
data_price_hour_rel_-02_amount: 0.32000
data_price_hour_abs_12_amount: 0.32000
data_price_hour_rel_-01_amount: 0.33600
data_price_hour_abs_13_amount: 0.33600
data_price_hour_rel_+00_amount: 3.48900
data_price_hour_abs_14_amount: 3.48900
data_price_hour_rel_+01_amount: 7.10000
data_price_hour_abs_15_amount: 7.10000
data_price_hour_rel_+02_amount: 9.00500
data_price_hour_abs_16_amount: 9.00500
data_price_hour_rel_+03_amount: 10.91300
data_price_hour_abs_17_amount: 10.91300
data_price_hour_rel_+04_amount: 19.18000
data_price_hour_abs_18_amount: 19.18000
data_price_hour_rel_+05_amount: 35.00000
data_price_hour_abs_19_amount: 35.00000
data_price_hour_rel_+06_amount: 21.88200
data_price_hour_abs_20_amount: 21.88200
data_price_hour_rel_+07_amount: 12.49300
data_price_hour_abs_21_amount: 12.49300
data_price_hour_rel_+08_amount: 11.21400
data_price_hour_abs_22_amount: 11.21400
data_price_hour_rel_+09_amount: 10.13000
data_price_hour_abs_23_amount: 10.13000