date_now: 2025-10-06 14:33:51
date_now_epoch: 1759754031159
date_now_day: 6
date_now_month: 10
date_now_year: 2025
date_start: 2025-10-06 00:00:00
date_end: 2025-10-06 23:59:59
price_low: 0.91000
price_high: 16.83200
price_median: 9.75400
price_average: 8.61792
price_current: 9.23300
price_unit: Cent/kWh
price_threshold_00: 0.91000
price_threshold_01: 1.00500
price_threshold_02: 1.07300
price_threshold_03: 1.68000
price_threshold_04: 2.08500
price_threshold_05: 2.26000
price_threshold_06: 6.85900
price_threshold_07: 8.46000
price_threshold_08: 8.73200
price_threshold_09: 8.93000
price_threshold_10: 9.23300
price_threshold_11: 9.45500
price_threshold_12: 10.05300
price_threshold_13: 10.47700
price_threshold_14: 10.50500
price_threshold_15: 10.55000
price_threshold_16: 11.86600
price_threshold_17: 12.02000
price_threshold_18: 12.02900
price_threshold_19: 12.11200
price_threshold_20: 12.17700
price_threshold_21: 13.36800
price_threshold_22: 14.15900
price_threshold_23: 16.83200
data_price_hour_rel_-14_amount: 2.08500
data_price_hour_abs_00_amount: 2.08500
data_price_hour_rel_-13_amount: 1.00500
data_price_hour_abs_01_amount: 1.00500
data_price_hour_rel_-12_amount: 0.91000
data_price_hour_abs_02_amount: 0.91000
data_price_hour_rel_-11_amount: 1.07300
data_price_hour_abs_03_amount: 1.07300
data_price_hour_rel_-10_amount: 1.68000
data_price_hour_abs_04_amount: 1.68000
data_price_hour_rel_-09_amount: 2.26000
data_price_hour_abs_05_amount: 2.26000
data_price_hour_rel_-08_amount: 6.85900
data_price_hour_abs_06_amount: 6.85900
data_price_hour_rel_-07_amount: 10.50500
data_price_hour_abs_07_amount: 10.50500
data_price_hour_rel_-06_amount: 12.17700
data_price_hour_abs_08_amount: 12.17700
data_price_hour_rel_-05_amount: 12.11200
data_price_hour_abs_09_amount: 12.11200
data_price_hour_rel_-04_amount: 10.05300
data_price_hour_abs_10_amount: 10.05300
data_price_hour_rel_-03_amount: 8.93000
data_price_hour_abs_11_amount: 8.93000
data_price_hour_rel_-02_amount: 8.73200
data_price_hour_abs_12_amount: 8.73200
data_price_hour_rel_-01_amount: 8.46000
data_price_hour_abs_13_amount: 8.46000
data_price_hour_rel_+00_amount: 9.23300
data_price_hour_abs_14_amount: 9.23300
data_price_hour_rel_+01_amount: 9.45500
data_price_hour_abs_15_amount: 9.45500
data_price_hour_rel_+02_amount: 10.47700
data_price_hour_abs_16_amount: 10.47700
data_price_hour_rel_+03_amount: 12.02900
data_price_hour_abs_17_amount: 12.02900
data_price_hour_rel_+04_amount: 14.15900
data_price_hour_abs_18_amount: 14.15900
data_price_hour_rel_+05_amount: 16.83200
data_price_hour_abs_19_amount: 16.83200
data_price_hour_rel_+06_amount: 13.36800
data_price_hour_abs_20_amount: 13.36800
data_price_hour_rel_+07_amount: 12.02000
data_price_hour_abs_21_amount: 12.02000
data_price_hour_rel_+08_amount: 11.86600
data_price_hour_abs_22_amount: 11.86600
data_price_hour_rel_+09_amount: 10.55000
data_price_hour_abs_23_amount: 10.55000