date_now: 2025-07-03 14:35:27
date_now_epoch: 1751546127432
date_now_day: 3
date_now_month: 7
date_now_year: 2025
date_start: 2025-07-03 00:00:00
date_end: 2025-07-03 23:59:59
price_low: 2.47200
price_high: 16.66700
price_median: 8.23200
price_average: 8.64658
price_current: 2.47200
price_unit: Cent/kWh
price_threshold_00: 2.47200
price_threshold_01: 3.39100
price_threshold_02: 3.78600
price_threshold_03: 4.21600
price_threshold_04: 5.73500
price_threshold_05: 5.85700
price_threshold_06: 7.50600
price_threshold_07: 7.89300
price_threshold_08: 7.90000
price_threshold_09: 8.08800
price_threshold_10: 8.10000
price_threshold_11: 8.11500
price_threshold_12: 8.34900
price_threshold_13: 8.64500
price_threshold_14: 9.04500
price_threshold_15: 9.51900
price_threshold_16: 10.49000
price_threshold_17: 10.49200
price_threshold_18: 10.72000
price_threshold_19: 10.80300
price_threshold_20: 11.70300
price_threshold_21: 13.33000
price_threshold_22: 14.69600
price_threshold_23: 16.66700
data_price_hour_rel_-14_amount: 8.34900
data_price_hour_abs_00_amount: 8.34900
data_price_hour_rel_-13_amount: 8.11500
data_price_hour_abs_01_amount: 8.11500
data_price_hour_rel_-12_amount: 7.90000
data_price_hour_abs_02_amount: 7.90000
data_price_hour_rel_-11_amount: 7.89300
data_price_hour_abs_03_amount: 7.89300
data_price_hour_rel_-10_amount: 8.08800
data_price_hour_abs_04_amount: 8.08800
data_price_hour_rel_-09_amount: 8.64500
data_price_hour_abs_05_amount: 8.64500
data_price_hour_rel_-08_amount: 10.49200
data_price_hour_abs_06_amount: 10.49200
data_price_hour_rel_-07_amount: 10.80300
data_price_hour_abs_07_amount: 10.80300
data_price_hour_rel_-06_amount: 10.49000
data_price_hour_abs_08_amount: 10.49000
data_price_hour_rel_-05_amount: 9.04500
data_price_hour_abs_09_amount: 9.04500
data_price_hour_rel_-04_amount: 7.50600
data_price_hour_abs_10_amount: 7.50600
data_price_hour_rel_-03_amount: 5.73500
data_price_hour_abs_11_amount: 5.73500
data_price_hour_rel_-02_amount: 4.21600
data_price_hour_abs_12_amount: 4.21600
data_price_hour_rel_-01_amount: 3.39100
data_price_hour_abs_13_amount: 3.39100
data_price_hour_rel_+00_amount: 2.47200
data_price_hour_abs_14_amount: 2.47200
data_price_hour_rel_+01_amount: 3.78600
data_price_hour_abs_15_amount: 3.78600
data_price_hour_rel_+02_amount: 5.85700
data_price_hour_abs_16_amount: 5.85700
data_price_hour_rel_+03_amount: 8.10000
data_price_hour_abs_17_amount: 8.10000
data_price_hour_rel_+04_amount: 9.51900
data_price_hour_abs_18_amount: 9.51900
data_price_hour_rel_+05_amount: 10.72000
data_price_hour_abs_19_amount: 10.72000
data_price_hour_rel_+06_amount: 14.69600
data_price_hour_abs_20_amount: 14.69600
data_price_hour_rel_+07_amount: 16.66700
data_price_hour_abs_21_amount: 16.66700
data_price_hour_rel_+08_amount: 13.33000
data_price_hour_abs_22_amount: 13.33000
data_price_hour_rel_+09_amount: 11.70300
data_price_hour_abs_23_amount: 11.70300