date_now: 2025-05-11 14:29:36
date_now_epoch: 1746966576125
date_now_day: 11
date_now_month: 5
date_now_year: 2025
date_start: 2025-05-11 00:00:00
date_end: 2025-05-11 23:59:59
price_low: -25.03200
price_high: 12.48600
price_median: 8.53200
price_average: 1.94067
price_current: -23.09800
price_unit: Cent/kWh
price_threshold_00: -25.03200
price_threshold_01: -23.09800
price_threshold_02: -21.28200
price_threshold_03: -11.00600
price_threshold_04: -5.19500
price_threshold_05: -1.85200
price_threshold_06: -1.20200
price_threshold_07: -0.01000
price_threshold_08: -0.00800
price_threshold_09: 0.49600
price_threshold_10: 6.57600
price_threshold_11: 8.46800
price_threshold_12: 8.59600
price_threshold_13: 8.76100
price_threshold_14: 9.45100
price_threshold_15: 9.51000
price_threshold_16: 9.53900
price_threshold_17: 9.54200
price_threshold_18: 9.54500
price_threshold_19: 9.78000
price_threshold_20: 9.84500
price_threshold_21: 10.95500
price_threshold_22: 11.71100
price_threshold_23: 12.48600
data_price_hour_rel_-14_amount: 9.78000
data_price_hour_abs_00_amount: 9.78000
data_price_hour_rel_-13_amount: 9.51000
data_price_hour_abs_01_amount: 9.51000
data_price_hour_rel_-12_amount: 9.45100
data_price_hour_abs_02_amount: 9.45100
data_price_hour_rel_-11_amount: 9.54200
data_price_hour_abs_03_amount: 9.54200
data_price_hour_rel_-10_amount: 9.53900
data_price_hour_abs_04_amount: 9.53900
data_price_hour_rel_-09_amount: 9.54500
data_price_hour_abs_05_amount: 9.54500
data_price_hour_rel_-08_amount: 8.76100
data_price_hour_abs_06_amount: 8.76100
data_price_hour_rel_-07_amount: 6.57600
data_price_hour_abs_07_amount: 6.57600
data_price_hour_rel_-06_amount: 0.49600
data_price_hour_abs_08_amount: 0.49600
data_price_hour_rel_-05_amount: -0.01000
data_price_hour_abs_09_amount: -0.01000
data_price_hour_rel_-04_amount: -1.20200
data_price_hour_abs_10_amount: -1.20200
data_price_hour_rel_-03_amount: -5.19500
data_price_hour_abs_11_amount: -5.19500
data_price_hour_rel_-02_amount: -21.28200
data_price_hour_abs_12_amount: -21.28200
data_price_hour_rel_-01_amount: -25.03200
data_price_hour_abs_13_amount: -25.03200
data_price_hour_rel_+00_amount: -23.09800
data_price_hour_abs_14_amount: -23.09800
data_price_hour_rel_+01_amount: -11.00600
data_price_hour_abs_15_amount: -11.00600
data_price_hour_rel_+02_amount: -1.85200
data_price_hour_abs_16_amount: -1.85200
data_price_hour_rel_+03_amount: -0.00800
data_price_hour_abs_17_amount: -0.00800
data_price_hour_rel_+04_amount: 8.59600
data_price_hour_abs_18_amount: 8.59600
data_price_hour_rel_+05_amount: 11.71100
data_price_hour_abs_19_amount: 11.71100
data_price_hour_rel_+06_amount: 12.48600
data_price_hour_abs_20_amount: 12.48600
data_price_hour_rel_+07_amount: 10.95500
data_price_hour_abs_21_amount: 10.95500
data_price_hour_rel_+08_amount: 9.84500
data_price_hour_abs_22_amount: 9.84500
data_price_hour_rel_+09_amount: 8.46800
data_price_hour_abs_23_amount: 8.46800