date_now: 2025-11-30 13:32:15
date_now_epoch: 1764505935943
date_now_day: 30
date_now_month: 11
date_now_year: 2025
date_start: 2025-11-30 00:00:00
date_end: 2025-11-30 23:59:59
price_low: 6.53600
price_high: 10.62100
price_median: 8.20300
price_average: 8.41496
price_current: 8.25200
price_unit: Cent/kWh
price_threshold_00: 6.53600
price_threshold_01: 6.70000
price_threshold_02: 6.74400
price_threshold_03: 6.97800
price_threshold_04: 7.42900
price_threshold_05: 7.55800
price_threshold_06: 7.59700
price_threshold_07: 7.59800
price_threshold_08: 7.98400
price_threshold_09: 8.06500
price_threshold_10: 8.07000
price_threshold_11: 8.15400
price_threshold_12: 8.25200
price_threshold_13: 8.44200
price_threshold_14: 8.71300
price_threshold_15: 8.75500
price_threshold_16: 9.26000
price_threshold_17: 9.28100
price_threshold_18: 9.29300
price_threshold_19: 9.35800
price_threshold_20: 9.75300
price_threshold_21: 10.40500
price_threshold_22: 10.41300
price_threshold_23: 10.62100
data_price_hour_rel_-13_amount: 7.59700
data_price_hour_abs_00_amount: 7.59700
data_price_hour_rel_-12_amount: 6.97800
data_price_hour_abs_01_amount: 6.97800
data_price_hour_rel_-11_amount: 6.74400
data_price_hour_abs_02_amount: 6.74400
data_price_hour_rel_-10_amount: 6.53600
data_price_hour_abs_03_amount: 6.53600
data_price_hour_rel_-09_amount: 6.70000
data_price_hour_abs_04_amount: 6.70000
data_price_hour_rel_-08_amount: 7.42900
data_price_hour_abs_05_amount: 7.42900
data_price_hour_rel_-07_amount: 7.55800
data_price_hour_abs_06_amount: 7.55800
data_price_hour_rel_-06_amount: 7.59800
data_price_hour_abs_07_amount: 7.59800
data_price_hour_rel_-05_amount: 7.98400
data_price_hour_abs_08_amount: 7.98400
data_price_hour_rel_-04_amount: 8.06500
data_price_hour_abs_09_amount: 8.06500
data_price_hour_rel_-03_amount: 8.44200
data_price_hour_abs_10_amount: 8.44200
data_price_hour_rel_-02_amount: 8.15400
data_price_hour_abs_11_amount: 8.15400
data_price_hour_rel_-01_amount: 8.07000
data_price_hour_abs_12_amount: 8.07000
data_price_hour_rel_+00_amount: 8.25200
data_price_hour_abs_13_amount: 8.25200
data_price_hour_rel_+01_amount: 8.75500
data_price_hour_abs_14_amount: 8.75500
data_price_hour_rel_+02_amount: 9.35800
data_price_hour_abs_15_amount: 9.35800
data_price_hour_rel_+03_amount: 9.28100
data_price_hour_abs_16_amount: 9.28100
data_price_hour_rel_+04_amount: 10.40500
data_price_hour_abs_17_amount: 10.40500
data_price_hour_rel_+05_amount: 10.62100
data_price_hour_abs_18_amount: 10.62100
data_price_hour_rel_+06_amount: 10.41300
data_price_hour_abs_19_amount: 10.41300
data_price_hour_rel_+07_amount: 9.75300
data_price_hour_abs_20_amount: 9.75300
data_price_hour_rel_+08_amount: 9.29300
data_price_hour_abs_21_amount: 9.29300
data_price_hour_rel_+09_amount: 9.26000
data_price_hour_abs_22_amount: 9.26000
data_price_hour_rel_+10_amount: 8.71300
data_price_hour_abs_23_amount: 8.71300