date_now: 2025-03-11 13:30:51
date_now_epoch: 1741696251959
date_now_day: 11
date_now_month: 3
date_now_year: 2025
date_start: 2025-03-11 00:00:00
date_end: 2025-03-11 23:59:59
price_low: 9.64400
price_high: 20.50200
price_median: 11.18500
price_average: 12.52975
price_current: 9.83800
price_unit: Cent/kWh
price_threshold_00: 9.64400
price_threshold_01: 9.74800
price_threshold_02: 9.83800
price_threshold_03: 9.97300
price_threshold_04: 10.05000
price_threshold_05: 10.18000
price_threshold_06: 10.20000
price_threshold_07: 10.23500
price_threshold_08: 10.25300
price_threshold_09: 10.43900
price_threshold_10: 10.73400
price_threshold_11: 11.08600
price_threshold_12: 11.28400
price_threshold_13: 12.12500
price_threshold_14: 12.85300
price_threshold_15: 13.28600
price_threshold_16: 13.30000
price_threshold_17: 14.64900
price_threshold_18: 14.80400
price_threshold_19: 14.94300
price_threshold_20: 15.29800
price_threshold_21: 17.19500
price_threshold_22: 18.09500
price_threshold_23: 20.50200
data_price_hour_rel_-13_amount: 10.43900
data_price_hour_abs_00_amount: 10.43900
data_price_hour_rel_-12_amount: 10.18000
data_price_hour_abs_01_amount: 10.18000
data_price_hour_rel_-11_amount: 9.97300
data_price_hour_abs_02_amount: 9.97300
data_price_hour_rel_-10_amount: 10.05000
data_price_hour_abs_03_amount: 10.05000
data_price_hour_rel_-09_amount: 10.25300
data_price_hour_abs_04_amount: 10.25300
data_price_hour_rel_-08_amount: 11.08600
data_price_hour_abs_05_amount: 11.08600
data_price_hour_rel_-07_amount: 14.80400
data_price_hour_abs_06_amount: 14.80400
data_price_hour_rel_-06_amount: 15.29800
data_price_hour_abs_07_amount: 15.29800
data_price_hour_rel_-05_amount: 14.64900
data_price_hour_abs_08_amount: 14.64900
data_price_hour_rel_-04_amount: 12.85300
data_price_hour_abs_09_amount: 12.85300
data_price_hour_rel_-03_amount: 10.20000
data_price_hour_abs_10_amount: 10.20000
data_price_hour_rel_-02_amount: 9.74800
data_price_hour_abs_11_amount: 9.74800
data_price_hour_rel_-01_amount: 9.64400
data_price_hour_abs_12_amount: 9.64400
data_price_hour_rel_+00_amount: 9.83800
data_price_hour_abs_13_amount: 9.83800
data_price_hour_rel_+01_amount: 10.23500
data_price_hour_abs_14_amount: 10.23500
data_price_hour_rel_+02_amount: 11.28400
data_price_hour_abs_15_amount: 11.28400
data_price_hour_rel_+03_amount: 13.28600
data_price_hour_abs_16_amount: 13.28600
data_price_hour_rel_+04_amount: 17.19500
data_price_hour_abs_17_amount: 17.19500
data_price_hour_rel_+05_amount: 20.50200
data_price_hour_abs_18_amount: 20.50200
data_price_hour_rel_+06_amount: 18.09500
data_price_hour_abs_19_amount: 18.09500
data_price_hour_rel_+07_amount: 14.94300
data_price_hour_abs_20_amount: 14.94300
data_price_hour_rel_+08_amount: 13.30000
data_price_hour_abs_21_amount: 13.30000
data_price_hour_rel_+09_amount: 12.12500
data_price_hour_abs_22_amount: 12.12500
data_price_hour_rel_+10_amount: 10.73400
data_price_hour_abs_23_amount: 10.73400