date_now: 2025-09-06 14:28:01
date_now_epoch: 1757161681099
date_now_day: 6
date_now_month: 9
date_now_year: 2025
date_start: 2025-09-06 00:00:00
date_end: 2025-09-06 23:59:59
price_low: -0.09900
price_high: 15.83900
price_median: 9.64700
price_average: 7.54458
price_current: -0.09900
price_unit: Cent/kWh
price_threshold_00: -0.09900
price_threshold_01: -0.08600
price_threshold_02: -0.00200
price_threshold_03: -0.00100
price_threshold_04: 0.00000
price_threshold_05: 1.13500
price_threshold_06: 4.09900
price_threshold_07: 7.91100
price_threshold_08: 8.25600
price_threshold_09: 8.76000
price_threshold_10: 9.29500
price_threshold_11: 9.59800
price_threshold_12: 9.69600
price_threshold_13: 9.78400
price_threshold_14: 9.80100
price_threshold_15: 9.95700
price_threshold_16: 10.05900
price_threshold_17: 10.09100
price_threshold_18: 10.12100
price_threshold_19: 10.26000
price_threshold_20: 10.99500
price_threshold_21: 11.64700
price_threshold_22: 13.95400
price_threshold_23: 15.83900
data_price_hour_rel_-14_amount: 10.12100
data_price_hour_abs_00_amount: 10.12100
data_price_hour_rel_-13_amount: 10.05900
data_price_hour_abs_01_amount: 10.05900
data_price_hour_rel_-12_amount: 9.95700
data_price_hour_abs_02_amount: 9.95700
data_price_hour_rel_-11_amount: 9.78400
data_price_hour_abs_03_amount: 9.78400
data_price_hour_rel_-10_amount: 9.69600
data_price_hour_abs_04_amount: 9.69600
data_price_hour_rel_-09_amount: 9.80100
data_price_hour_abs_05_amount: 9.80100
data_price_hour_rel_-08_amount: 10.26000
data_price_hour_abs_06_amount: 10.26000
data_price_hour_rel_-07_amount: 10.09100
data_price_hour_abs_07_amount: 10.09100
data_price_hour_rel_-06_amount: 9.59800
data_price_hour_abs_08_amount: 9.59800
data_price_hour_rel_-05_amount: 7.91100
data_price_hour_abs_09_amount: 7.91100
data_price_hour_rel_-04_amount: 1.13500
data_price_hour_abs_10_amount: 1.13500
data_price_hour_rel_-03_amount: 0.00000
data_price_hour_abs_11_amount: 0.00000
data_price_hour_rel_-02_amount: -0.00200
data_price_hour_abs_12_amount: -0.00200
data_price_hour_rel_-01_amount: -0.08600
data_price_hour_abs_13_amount: -0.08600
data_price_hour_rel_+00_amount: -0.09900
data_price_hour_abs_14_amount: -0.09900
data_price_hour_rel_+01_amount: -0.00100
data_price_hour_abs_15_amount: -0.00100
data_price_hour_rel_+02_amount: 4.09900
data_price_hour_abs_16_amount: 4.09900
data_price_hour_rel_+03_amount: 8.76000
data_price_hour_abs_17_amount: 8.76000
data_price_hour_rel_+04_amount: 11.64700
data_price_hour_abs_18_amount: 11.64700
data_price_hour_rel_+05_amount: 15.83900
data_price_hour_abs_19_amount: 15.83900
data_price_hour_rel_+06_amount: 13.95400
data_price_hour_abs_20_amount: 13.95400
data_price_hour_rel_+07_amount: 10.99500
data_price_hour_abs_21_amount: 10.99500
data_price_hour_rel_+08_amount: 9.29500
data_price_hour_abs_22_amount: 9.29500
data_price_hour_rel_+09_amount: 8.25600
data_price_hour_abs_23_amount: 8.25600