date_now: 2025-10-26 13:30:28
date_now_epoch: 1761481828716
date_now_day: 26
date_now_month: 10
date_now_year: 2025
date_start: 2025-10-26 00:00:00
date_end: 2025-10-26 23:59:59
price_low: -0.07300
price_high: 4.20200
price_median: 0.01100
price_average: 0.65152
price_current: -0.05500
price_unit: Cent/kWh
price_threshold_00: -0.07300
price_threshold_01: -0.05500
price_threshold_02: -0.03100
price_threshold_03: -0.00800
price_threshold_04: -0.00700
price_threshold_05: -0.00700
price_threshold_06: -0.00100
price_threshold_07: -0.00100
price_threshold_08: 0.01000
price_threshold_09: 0.01000
price_threshold_10: 0.01100
price_threshold_11: 0.01100
price_threshold_12: 0.03400
price_threshold_13: 0.20200
price_threshold_14: 0.30400
price_threshold_15: 0.30700
price_threshold_16: 0.31900
price_threshold_17: 0.37000
price_threshold_18: 0.50600
price_threshold_19: 0.55700
price_threshold_20: 1.49100
price_threshold_21: 1.66400
price_threshold_22: 3.00000
price_threshold_23: 3.47300
price_threshold_24: 4.20200
data_price_hour_rel_-13_amount: 0.55700
data_price_hour_abs_00_amount: 0.55700
data_price_hour_rel_-12_amount: 0.37000
data_price_hour_abs_01_amount: 0.37000
data_price_hour_rel_-11_amount: 0.31900
data_price_hour_abs_02_amount: 0.31900
data_price_hour_rel_-11_amount: 0.20200
data_price_hour_abs_02_amount: 0.20200
data_price_hour_rel_-10_amount: 0.03400
data_price_hour_abs_03_amount: 0.03400
data_price_hour_rel_-09_amount: 0.01000
data_price_hour_abs_04_amount: 0.01000
data_price_hour_rel_-08_amount: 0.01100
data_price_hour_abs_05_amount: 0.01100
data_price_hour_rel_-07_amount: 0.01100
data_price_hour_abs_06_amount: 0.01100
data_price_hour_rel_-06_amount: 0.01000
data_price_hour_abs_07_amount: 0.01000
data_price_hour_rel_-05_amount: -0.00100
data_price_hour_abs_08_amount: -0.00100
data_price_hour_rel_-04_amount: -0.03100
data_price_hour_abs_09_amount: -0.03100
data_price_hour_rel_-03_amount: -0.00700
data_price_hour_abs_10_amount: -0.00700
data_price_hour_rel_-02_amount: -0.00800
data_price_hour_abs_11_amount: -0.00800
data_price_hour_rel_-01_amount: -0.00700
data_price_hour_abs_12_amount: -0.00700
data_price_hour_rel_+00_amount: -0.05500
data_price_hour_abs_13_amount: -0.05500
data_price_hour_rel_+01_amount: -0.07300
data_price_hour_abs_14_amount: -0.07300
data_price_hour_rel_+02_amount: -0.00100
data_price_hour_abs_15_amount: -0.00100
data_price_hour_rel_+03_amount: 0.30400
data_price_hour_abs_16_amount: 0.30400
data_price_hour_rel_+04_amount: 3.00000
data_price_hour_abs_17_amount: 3.00000
data_price_hour_rel_+05_amount: 4.20200
data_price_hour_abs_18_amount: 4.20200
data_price_hour_rel_+06_amount: 3.47300
data_price_hour_abs_19_amount: 3.47300
data_price_hour_rel_+07_amount: 1.66400
data_price_hour_abs_20_amount: 1.66400
data_price_hour_rel_+08_amount: 0.30700
data_price_hour_abs_21_amount: 0.30700
data_price_hour_rel_+09_amount: 1.49100
data_price_hour_abs_22_amount: 1.49100
data_price_hour_rel_+10_amount: 0.50600
data_price_hour_abs_23_amount: 0.50600