date_now: 2025-10-24 14:35:40
date_now_epoch: 1761309340651
date_now_day: 24
date_now_month: 10
date_now_year: 2025
date_start: 2025-10-24 00:00:00
date_end: 2025-10-24 23:59:59
price_low: -0.00100
price_high: 8.48700
price_median: 2.61000
price_average: 3.23225
price_current: -0.00100
price_unit: Cent/kWh
price_threshold_00: -0.00100
price_threshold_01: -0.00100
price_threshold_02: 0.10300
price_threshold_03: 0.12500
price_threshold_04: 0.18100
price_threshold_05: 0.21900
price_threshold_06: 0.65300
price_threshold_07: 0.75300
price_threshold_08: 0.98400
price_threshold_09: 0.99700
price_threshold_10: 1.43400
price_threshold_11: 2.32800
price_threshold_12: 2.89200
price_threshold_13: 3.30000
price_threshold_14: 3.73200
price_threshold_15: 4.15100
price_threshold_16: 5.70500
price_threshold_17: 5.83000
price_threshold_18: 6.49900
price_threshold_19: 6.62600
price_threshold_20: 7.46100
price_threshold_21: 7.46100
price_threshold_22: 7.65500
price_threshold_23: 8.48700
data_price_hour_rel_-14_amount: 1.43400
data_price_hour_abs_00_amount: 1.43400
data_price_hour_rel_-13_amount: 0.98400
data_price_hour_abs_01_amount: 0.98400
data_price_hour_rel_-12_amount: 0.65300
data_price_hour_abs_02_amount: 0.65300
data_price_hour_rel_-11_amount: 0.10300
data_price_hour_abs_03_amount: 0.10300
data_price_hour_rel_-10_amount: 0.21900
data_price_hour_abs_04_amount: 0.21900
data_price_hour_rel_-09_amount: 0.75300
data_price_hour_abs_05_amount: 0.75300
data_price_hour_rel_-08_amount: 2.32800
data_price_hour_abs_06_amount: 2.32800
data_price_hour_rel_-07_amount: 6.49900
data_price_hour_abs_07_amount: 6.49900
data_price_hour_rel_-06_amount: 8.48700
data_price_hour_abs_08_amount: 8.48700
data_price_hour_rel_-05_amount: 7.65500
data_price_hour_abs_09_amount: 7.65500
data_price_hour_rel_-04_amount: 5.83000
data_price_hour_abs_10_amount: 5.83000
data_price_hour_rel_-03_amount: 3.30000
data_price_hour_abs_11_amount: 3.30000
data_price_hour_rel_-02_amount: 0.12500
data_price_hour_abs_12_amount: 0.12500
data_price_hour_rel_-01_amount: -0.00100
data_price_hour_abs_13_amount: -0.00100
data_price_hour_rel_+00_amount: -0.00100
data_price_hour_abs_14_amount: -0.00100
data_price_hour_rel_+01_amount: 0.18100
data_price_hour_abs_15_amount: 0.18100
data_price_hour_rel_+02_amount: 3.73200
data_price_hour_abs_16_amount: 3.73200
data_price_hour_rel_+03_amount: 6.62600
data_price_hour_abs_17_amount: 6.62600
data_price_hour_rel_+04_amount: 7.46100
data_price_hour_abs_18_amount: 7.46100
data_price_hour_rel_+05_amount: 7.46100
data_price_hour_abs_19_amount: 7.46100
data_price_hour_rel_+06_amount: 5.70500
data_price_hour_abs_20_amount: 5.70500
data_price_hour_rel_+07_amount: 4.15100
data_price_hour_abs_21_amount: 4.15100
data_price_hour_rel_+08_amount: 2.89200
data_price_hour_abs_22_amount: 2.89200
data_price_hour_rel_+09_amount: 0.99700
data_price_hour_abs_23_amount: 0.99700