date_now: 2025-04-20 14:28:16
date_now_epoch: 1745152096219
date_now_day: 20
date_now_month: 4
date_now_year: 2025
date_start: 2025-04-20 00:00:00
date_end: 2025-04-20 23:59:59
price_low: -5.24200
price_high: 14.49500
price_median: 9.61550
price_average: 6.52642
price_current: -4.00500
price_unit: Cent/kWh
price_threshold_00: -5.24200
price_threshold_01: -4.00500
price_threshold_02: -3.49900
price_threshold_03: -0.57200
price_threshold_04: -0.47600
price_threshold_05: 0.00000
price_threshold_06: 0.00000
price_threshold_07: 1.86300
price_threshold_08: 6.86000
price_threshold_09: 7.24200
price_threshold_10: 9.43200
price_threshold_11: 9.49000
price_threshold_12: 9.74100
price_threshold_13: 9.88300
price_threshold_14: 9.89800
price_threshold_15: 10.04100
price_threshold_16: 10.68100
price_threshold_17: 10.86400
price_threshold_18: 10.93800
price_threshold_19: 11.06800
price_threshold_20: 11.99400
price_threshold_21: 12.18200
price_threshold_22: 13.75600
price_threshold_23: 14.49500
data_price_hour_rel_-14_amount: 10.04100
data_price_hour_abs_00_amount: 10.04100
data_price_hour_rel_-13_amount: 9.49000
data_price_hour_abs_01_amount: 9.49000
data_price_hour_rel_-12_amount: 9.89800
data_price_hour_abs_02_amount: 9.89800
data_price_hour_rel_-11_amount: 9.74100
data_price_hour_abs_03_amount: 9.74100
data_price_hour_rel_-10_amount: 9.88300
data_price_hour_abs_04_amount: 9.88300
data_price_hour_rel_-09_amount: 10.86400
data_price_hour_abs_05_amount: 10.86400
data_price_hour_rel_-08_amount: 10.93800
data_price_hour_abs_06_amount: 10.93800
data_price_hour_rel_-07_amount: 9.43200
data_price_hour_abs_07_amount: 9.43200
data_price_hour_rel_-06_amount: 6.86000
data_price_hour_abs_08_amount: 6.86000
data_price_hour_rel_-05_amount: 1.86300
data_price_hour_abs_09_amount: 1.86300
data_price_hour_rel_-04_amount: 0.00000
data_price_hour_abs_10_amount: 0.00000
data_price_hour_rel_-03_amount: -0.57200
data_price_hour_abs_11_amount: -0.57200
data_price_hour_rel_-02_amount: -3.49900
data_price_hour_abs_12_amount: -3.49900
data_price_hour_rel_-01_amount: -5.24200
data_price_hour_abs_13_amount: -5.24200
data_price_hour_rel_+00_amount: -4.00500
data_price_hour_abs_14_amount: -4.00500
data_price_hour_rel_+01_amount: -0.47600
data_price_hour_abs_15_amount: -0.47600
data_price_hour_rel_+02_amount: 0.00000
data_price_hour_abs_16_amount: 0.00000
data_price_hour_rel_+03_amount: 7.24200
data_price_hour_abs_17_amount: 7.24200
data_price_hour_rel_+04_amount: 10.68100
data_price_hour_abs_18_amount: 10.68100
data_price_hour_rel_+05_amount: 11.99400
data_price_hour_abs_19_amount: 11.99400
data_price_hour_rel_+06_amount: 14.49500
data_price_hour_abs_20_amount: 14.49500
data_price_hour_rel_+07_amount: 13.75600
data_price_hour_abs_21_amount: 13.75600
data_price_hour_rel_+08_amount: 12.18200
data_price_hour_abs_22_amount: 12.18200
data_price_hour_rel_+09_amount: 11.06800
data_price_hour_abs_23_amount: 11.06800