date_now: 2025-02-19 13:26:28
date_now_epoch: 1739967988093
date_now_day: 19
date_now_month: 2
date_now_year: 2025
date_start: 2025-02-19 00:00:00
date_end: 2025-02-19 23:59:59
price_low: 8.15200
price_high: 16.63700
price_median: 10.58350
price_average: 11.08296
price_current: 8.27400
price_unit: Cent/kWh
price_threshold_00: 8.15200
price_threshold_01: 8.27400
price_threshold_02: 8.52000
price_threshold_03: 8.92800
price_threshold_04: 9.06300
price_threshold_05: 9.45000
price_threshold_06: 9.72900
price_threshold_07: 9.74800
price_threshold_08: 9.92900
price_threshold_09: 9.96000
price_threshold_10: 9.98100
price_threshold_11: 10.45400
price_threshold_12: 10.71300
price_threshold_13: 10.79100
price_threshold_14: 11.00300
price_threshold_15: 11.37500
price_threshold_16: 11.50000
price_threshold_17: 12.09000
price_threshold_18: 12.87600
price_threshold_19: 13.12800
price_threshold_20: 14.29800
price_threshold_21: 14.44200
price_threshold_22: 14.95000
price_threshold_23: 16.63700
data_price_hour_rel_-13_amount: 10.45400
data_price_hour_abs_00_amount: 10.45400
data_price_hour_rel_-12_amount: 9.92900
data_price_hour_abs_01_amount: 9.92900
data_price_hour_rel_-11_amount: 9.96000
data_price_hour_abs_02_amount: 9.96000
data_price_hour_rel_-10_amount: 9.72900
data_price_hour_abs_03_amount: 9.72900
data_price_hour_rel_-09_amount: 9.45000
data_price_hour_abs_04_amount: 9.45000
data_price_hour_rel_-08_amount: 9.74800
data_price_hour_abs_05_amount: 9.74800
data_price_hour_rel_-07_amount: 11.50000
data_price_hour_abs_06_amount: 11.50000
data_price_hour_rel_-06_amount: 14.95000
data_price_hour_abs_07_amount: 14.95000
data_price_hour_rel_-05_amount: 16.63700
data_price_hour_abs_08_amount: 16.63700
data_price_hour_rel_-04_amount: 12.87600
data_price_hour_abs_09_amount: 12.87600
data_price_hour_rel_-03_amount: 10.79100
data_price_hour_abs_10_amount: 10.79100
data_price_hour_rel_-02_amount: 8.92800
data_price_hour_abs_11_amount: 8.92800
data_price_hour_rel_-01_amount: 8.15200
data_price_hour_abs_12_amount: 8.15200
data_price_hour_rel_+00_amount: 8.27400
data_price_hour_abs_13_amount: 8.27400
data_price_hour_rel_+01_amount: 8.52000
data_price_hour_abs_14_amount: 8.52000
data_price_hour_rel_+02_amount: 9.06300
data_price_hour_abs_15_amount: 9.06300
data_price_hour_rel_+03_amount: 11.00300
data_price_hour_abs_16_amount: 11.00300
data_price_hour_rel_+04_amount: 13.12800
data_price_hour_abs_17_amount: 13.12800
data_price_hour_rel_+05_amount: 14.29800
data_price_hour_abs_18_amount: 14.29800
data_price_hour_rel_+06_amount: 14.44200
data_price_hour_abs_19_amount: 14.44200
data_price_hour_rel_+07_amount: 12.09000
data_price_hour_abs_20_amount: 12.09000
data_price_hour_rel_+08_amount: 11.37500
data_price_hour_abs_21_amount: 11.37500
data_price_hour_rel_+09_amount: 10.71300
data_price_hour_abs_22_amount: 10.71300
data_price_hour_rel_+10_amount: 9.98100
data_price_hour_abs_23_amount: 9.98100