date_now: 2025-04-28 14:33:03
date_now_epoch: 1745843583037
date_now_day: 28
date_now_month: 4
date_now_year: 2025
date_start: 2025-04-28 00:00:00
date_end: 2025-04-28 23:59:59
price_low: -0.61800
price_high: 19.48100
price_median: 8.88400
price_average: 7.57492
price_current: -0.61800
price_unit: Cent/kWh
price_threshold_00: -0.61800
price_threshold_01: -0.59000
price_threshold_02: -0.40200
price_threshold_03: -0.15400
price_threshold_04: -0.00100
price_threshold_05: 0.20100
price_threshold_06: 1.00300
price_threshold_07: 6.73700
price_threshold_08: 7.18300
price_threshold_09: 8.31000
price_threshold_10: 8.54100
price_threshold_11: 8.64900
price_threshold_12: 9.11900
price_threshold_13: 9.22400
price_threshold_14: 9.68300
price_threshold_15: 9.68500
price_threshold_16: 9.94900
price_threshold_17: 10.19200
price_threshold_18: 10.62400
price_threshold_19: 12.88300
price_threshold_20: 13.10900
price_threshold_21: 14.00000
price_threshold_22: 14.99000
price_threshold_23: 19.48100
data_price_hour_rel_-14_amount: 9.22400
data_price_hour_abs_00_amount: 9.22400
data_price_hour_rel_-13_amount: 8.64900
data_price_hour_abs_01_amount: 8.64900
data_price_hour_rel_-12_amount: 8.31000
data_price_hour_abs_02_amount: 8.31000
data_price_hour_rel_-11_amount: 8.54100
data_price_hour_abs_03_amount: 8.54100
data_price_hour_rel_-10_amount: 9.11900
data_price_hour_abs_04_amount: 9.11900
data_price_hour_rel_-09_amount: 9.94900
data_price_hour_abs_05_amount: 9.94900
data_price_hour_rel_-08_amount: 14.00000
data_price_hour_abs_06_amount: 14.00000
data_price_hour_rel_-07_amount: 13.10900
data_price_hour_abs_07_amount: 13.10900
data_price_hour_rel_-06_amount: 9.68500
data_price_hour_abs_08_amount: 9.68500
data_price_hour_rel_-05_amount: 6.73700
data_price_hour_abs_09_amount: 6.73700
data_price_hour_rel_-04_amount: 1.00300
data_price_hour_abs_10_amount: 1.00300
data_price_hour_rel_-03_amount: -0.00100
data_price_hour_abs_11_amount: -0.00100
data_price_hour_rel_-02_amount: -0.40200
data_price_hour_abs_12_amount: -0.40200
data_price_hour_rel_-01_amount: -0.59000
data_price_hour_abs_13_amount: -0.59000
data_price_hour_rel_+00_amount: -0.61800
data_price_hour_abs_14_amount: -0.61800
data_price_hour_rel_+01_amount: -0.15400
data_price_hour_abs_15_amount: -0.15400
data_price_hour_rel_+02_amount: 0.20100
data_price_hour_abs_16_amount: 0.20100
data_price_hour_rel_+03_amount: 7.18300
data_price_hour_abs_17_amount: 7.18300
data_price_hour_rel_+04_amount: 10.19200
data_price_hour_abs_18_amount: 10.19200
data_price_hour_rel_+05_amount: 14.99000
data_price_hour_abs_19_amount: 14.99000
data_price_hour_rel_+06_amount: 19.48100
data_price_hour_abs_20_amount: 19.48100
data_price_hour_rel_+07_amount: 12.88300
data_price_hour_abs_21_amount: 12.88300
data_price_hour_rel_+08_amount: 10.62400
data_price_hour_abs_22_amount: 10.62400
data_price_hour_rel_+09_amount: 9.68300
data_price_hour_abs_23_amount: 9.68300