date_now: 2025-08-25 14:34:47
date_now_epoch: 1756125287733
date_now_day: 25
date_now_month: 8
date_now_year: 2025
date_start: 2025-08-25 00:00:00
date_end: 2025-08-25 23:59:59
price_low: 0.59300
price_high: 23.28200
price_median: 8.95000
price_average: 8.90904
price_current: 0.67800
price_unit: Cent/kWh
price_threshold_00: 0.59300
price_threshold_01: 0.67800
price_threshold_02: 1.00000
price_threshold_03: 2.52000
price_threshold_04: 3.50200
price_threshold_05: 5.64300
price_threshold_06: 7.29800
price_threshold_07: 8.29000
price_threshold_08: 8.34600
price_threshold_09: 8.40200
price_threshold_10: 8.66700
price_threshold_11: 8.70300
price_threshold_12: 9.19700
price_threshold_13: 9.52800
price_threshold_14: 10.24600
price_threshold_15: 10.51500
price_threshold_16: 11.00400
price_threshold_17: 11.15400
price_threshold_18: 11.50400
price_threshold_19: 11.53800
price_threshold_20: 12.50000
price_threshold_21: 13.80400
price_threshold_22: 15.90300
price_threshold_23: 23.28200
data_price_hour_rel_-14_amount: 9.52800
data_price_hour_abs_00_amount: 9.52800
data_price_hour_rel_-13_amount: 8.70300
data_price_hour_abs_01_amount: 8.70300
data_price_hour_rel_-12_amount: 8.40200
data_price_hour_abs_02_amount: 8.40200
data_price_hour_rel_-11_amount: 8.29000
data_price_hour_abs_03_amount: 8.29000
data_price_hour_rel_-10_amount: 8.34600
data_price_hour_abs_04_amount: 8.34600
data_price_hour_rel_-09_amount: 10.24600
data_price_hour_abs_05_amount: 10.24600
data_price_hour_rel_-08_amount: 11.53800
data_price_hour_abs_06_amount: 11.53800
data_price_hour_rel_-07_amount: 12.50000
data_price_hour_abs_07_amount: 12.50000
data_price_hour_rel_-06_amount: 11.00400
data_price_hour_abs_08_amount: 11.00400
data_price_hour_rel_-05_amount: 9.19700
data_price_hour_abs_09_amount: 9.19700
data_price_hour_rel_-04_amount: 7.29800
data_price_hour_abs_10_amount: 7.29800
data_price_hour_rel_-03_amount: 3.50200
data_price_hour_abs_11_amount: 3.50200
data_price_hour_rel_-02_amount: 1.00000
data_price_hour_abs_12_amount: 1.00000
data_price_hour_rel_-01_amount: 0.59300
data_price_hour_abs_13_amount: 0.59300
data_price_hour_rel_+00_amount: 0.67800
data_price_hour_abs_14_amount: 0.67800
data_price_hour_rel_+01_amount: 2.52000
data_price_hour_abs_15_amount: 2.52000
data_price_hour_rel_+02_amount: 5.64300
data_price_hour_abs_16_amount: 5.64300
data_price_hour_rel_+03_amount: 8.66700
data_price_hour_abs_17_amount: 8.66700
data_price_hour_rel_+04_amount: 11.15400
data_price_hour_abs_18_amount: 11.15400
data_price_hour_rel_+05_amount: 15.90300
data_price_hour_abs_19_amount: 15.90300
data_price_hour_rel_+06_amount: 23.28200
data_price_hour_abs_20_amount: 23.28200
data_price_hour_rel_+07_amount: 13.80400
data_price_hour_abs_21_amount: 13.80400
data_price_hour_rel_+08_amount: 11.50400
data_price_hour_abs_22_amount: 11.50400
data_price_hour_rel_+09_amount: 10.51500
data_price_hour_abs_23_amount: 10.51500