date_now: 2025-07-28 14:38:16
date_now_epoch: 1753706296652
date_now_day: 28
date_now_month: 7
date_now_year: 2025
date_start: 2025-07-28 00:00:00
date_end: 2025-07-28 23:59:59
price_low: 6.83300
price_high: 12.19700
price_median: 9.16950
price_average: 9.40758
price_current: 6.83300
price_unit: Cent/kWh
price_threshold_00: 6.83300
price_threshold_01: 7.39700
price_threshold_02: 7.72800
price_threshold_03: 7.75200
price_threshold_04: 7.95100
price_threshold_05: 7.96700
price_threshold_06: 8.17900
price_threshold_07: 8.35000
price_threshold_08: 8.81200
price_threshold_09: 8.87700
price_threshold_10: 8.95200
price_threshold_11: 9.09600
price_threshold_12: 9.24300
price_threshold_13: 9.72000
price_threshold_14: 9.72500
price_threshold_15: 10.00000
price_threshold_16: 10.35900
price_threshold_17: 10.52600
price_threshold_18: 10.54500
price_threshold_19: 10.88800
price_threshold_20: 11.41400
price_threshold_21: 11.43400
price_threshold_22: 11.83700
price_threshold_23: 12.19700
data_price_hour_rel_-14_amount: 10.00000
data_price_hour_abs_00_amount: 10.00000
data_price_hour_rel_-13_amount: 8.87700
data_price_hour_abs_01_amount: 8.87700
data_price_hour_rel_-12_amount: 8.35000
data_price_hour_abs_02_amount: 8.35000
data_price_hour_rel_-11_amount: 7.96700
data_price_hour_abs_03_amount: 7.96700
data_price_hour_rel_-10_amount: 7.95100
data_price_hour_abs_04_amount: 7.95100
data_price_hour_rel_-09_amount: 8.95200
data_price_hour_abs_05_amount: 8.95200
data_price_hour_rel_-08_amount: 10.88800
data_price_hour_abs_06_amount: 10.88800
data_price_hour_rel_-07_amount: 12.19700
data_price_hour_abs_07_amount: 12.19700
data_price_hour_rel_-06_amount: 11.83700
data_price_hour_abs_08_amount: 11.83700
data_price_hour_rel_-05_amount: 10.54500
data_price_hour_abs_09_amount: 10.54500
data_price_hour_rel_-04_amount: 9.72500
data_price_hour_abs_10_amount: 9.72500
data_price_hour_rel_-03_amount: 9.09600
data_price_hour_abs_11_amount: 9.09600
data_price_hour_rel_-02_amount: 8.17900
data_price_hour_abs_12_amount: 8.17900
data_price_hour_rel_-01_amount: 7.75200
data_price_hour_abs_13_amount: 7.75200
data_price_hour_rel_+00_amount: 6.83300
data_price_hour_abs_14_amount: 6.83300
data_price_hour_rel_+01_amount: 7.39700
data_price_hour_abs_15_amount: 7.39700
data_price_hour_rel_+02_amount: 7.72800
data_price_hour_abs_16_amount: 7.72800
data_price_hour_rel_+03_amount: 8.81200
data_price_hour_abs_17_amount: 8.81200
data_price_hour_rel_+04_amount: 9.72000
data_price_hour_abs_18_amount: 9.72000
data_price_hour_rel_+05_amount: 10.35900
data_price_hour_abs_19_amount: 10.35900
data_price_hour_rel_+06_amount: 11.41400
data_price_hour_abs_20_amount: 11.41400
data_price_hour_rel_+07_amount: 11.43400
data_price_hour_abs_21_amount: 11.43400
data_price_hour_rel_+08_amount: 10.52600
data_price_hour_abs_22_amount: 10.52600
data_price_hour_rel_+09_amount: 9.24300
data_price_hour_abs_23_amount: 9.24300