date_now: 2025-07-11 14:34:53
date_now_epoch: 1752237293874
date_now_day: 11
date_now_month: 7
date_now_year: 2025
date_start: 2025-07-11 00:00:00
date_end: 2025-07-11 23:59:59
price_low: 3.20400
price_high: 11.80800
price_median: 9.41500
price_average: 8.78829
price_current: 3.20400
price_unit: Cent/kWh
price_threshold_00: 3.20400
price_threshold_01: 3.81000
price_threshold_02: 4.21600
price_threshold_03: 5.95500
price_threshold_04: 6.38200
price_threshold_05: 7.31500
price_threshold_06: 8.29000
price_threshold_07: 8.31500
price_threshold_08: 8.64400
price_threshold_09: 9.06900
price_threshold_10: 9.15300
price_threshold_11: 9.33000
price_threshold_12: 9.50000
price_threshold_13: 9.94000
price_threshold_14: 9.95700
price_threshold_15: 10.19300
price_threshold_16: 10.38200
price_threshold_17: 10.47500
price_threshold_18: 10.51800
price_threshold_19: 10.59200
price_threshold_20: 10.74100
price_threshold_21: 11.38000
price_threshold_22: 11.75000
price_threshold_23: 11.80800
data_price_hour_rel_-14_amount: 10.47500
data_price_hour_abs_00_amount: 10.47500
data_price_hour_rel_-13_amount: 9.95700
data_price_hour_abs_01_amount: 9.95700
data_price_hour_rel_-12_amount: 9.50000
data_price_hour_abs_02_amount: 9.50000
data_price_hour_rel_-11_amount: 9.06900
data_price_hour_abs_03_amount: 9.06900
data_price_hour_rel_-10_amount: 9.15300
data_price_hour_abs_04_amount: 9.15300
data_price_hour_rel_-09_amount: 9.94000
data_price_hour_abs_05_amount: 9.94000
data_price_hour_rel_-08_amount: 10.74100
data_price_hour_abs_06_amount: 10.74100
data_price_hour_rel_-07_amount: 10.59200
data_price_hour_abs_07_amount: 10.59200
data_price_hour_rel_-06_amount: 10.51800
data_price_hour_abs_08_amount: 10.51800
data_price_hour_rel_-05_amount: 9.33000
data_price_hour_abs_09_amount: 9.33000
data_price_hour_rel_-04_amount: 8.29000
data_price_hour_abs_10_amount: 8.29000
data_price_hour_rel_-03_amount: 7.31500
data_price_hour_abs_11_amount: 7.31500
data_price_hour_rel_-02_amount: 6.38200
data_price_hour_abs_12_amount: 6.38200
data_price_hour_rel_-01_amount: 4.21600
data_price_hour_abs_13_amount: 4.21600
data_price_hour_rel_+00_amount: 3.20400
data_price_hour_abs_14_amount: 3.20400
data_price_hour_rel_+01_amount: 3.81000
data_price_hour_abs_15_amount: 3.81000
data_price_hour_rel_+02_amount: 5.95500
data_price_hour_abs_16_amount: 5.95500
data_price_hour_rel_+03_amount: 8.31500
data_price_hour_abs_17_amount: 8.31500
data_price_hour_rel_+04_amount: 8.64400
data_price_hour_abs_18_amount: 8.64400
data_price_hour_rel_+05_amount: 10.19300
data_price_hour_abs_19_amount: 10.19300
data_price_hour_rel_+06_amount: 11.75000
data_price_hour_abs_20_amount: 11.75000
data_price_hour_rel_+07_amount: 11.80800
data_price_hour_abs_21_amount: 11.80800
data_price_hour_rel_+08_amount: 11.38000
data_price_hour_abs_22_amount: 11.38000
data_price_hour_rel_+09_amount: 10.38200
data_price_hour_abs_23_amount: 10.38200