date_now: 2025-05-29 14:33:29
date_now_epoch: 1748522009650
date_now_day: 29
date_now_month: 5
date_now_year: 2025
date_start: 2025-05-29 00:00:00
date_end: 2025-05-29 23:59:59
price_low: -0.19900
price_high: 9.91300
price_median: 7.51950
price_average: 5.62912
price_current: -0.19900
price_unit: Cent/kWh
price_threshold_00: -0.19900
price_threshold_01: -0.19800
price_threshold_02: -0.16800
price_threshold_03: -0.10900
price_threshold_04: 0.00300
price_threshold_05: 0.17100
price_threshold_06: 1.99300
price_threshold_07: 2.31300
price_threshold_08: 5.75000
price_threshold_09: 6.28300
price_threshold_10: 6.55000
price_threshold_11: 7.37300
price_threshold_12: 7.66600
price_threshold_13: 7.71700
price_threshold_14: 8.02000
price_threshold_15: 8.29500
price_threshold_16: 8.64900
price_threshold_17: 8.94600
price_threshold_18: 9.13600
price_threshold_19: 9.15400
price_threshold_20: 9.15500
price_threshold_21: 9.20600
price_threshold_22: 9.48000
price_threshold_23: 9.91300
data_price_hour_rel_-14_amount: 9.91300
data_price_hour_abs_00_amount: 9.91300
data_price_hour_rel_-13_amount: 9.48000
data_price_hour_abs_01_amount: 9.48000
data_price_hour_rel_-12_amount: 9.20600
data_price_hour_abs_02_amount: 9.20600
data_price_hour_rel_-11_amount: 9.15500
data_price_hour_abs_03_amount: 9.15500
data_price_hour_rel_-10_amount: 9.15400
data_price_hour_abs_04_amount: 9.15400
data_price_hour_rel_-09_amount: 9.13600
data_price_hour_abs_05_amount: 9.13600
data_price_hour_rel_-08_amount: 8.94600
data_price_hour_abs_06_amount: 8.94600
data_price_hour_rel_-07_amount: 8.64900
data_price_hour_abs_07_amount: 8.64900
data_price_hour_rel_-06_amount: 8.29500
data_price_hour_abs_08_amount: 8.29500
data_price_hour_rel_-05_amount: 6.28300
data_price_hour_abs_09_amount: 6.28300
data_price_hour_rel_-04_amount: 1.99300
data_price_hour_abs_10_amount: 1.99300
data_price_hour_rel_-03_amount: 0.17100
data_price_hour_abs_11_amount: 0.17100
data_price_hour_rel_-02_amount: 0.00300
data_price_hour_abs_12_amount: 0.00300
data_price_hour_rel_-01_amount: -0.16800
data_price_hour_abs_13_amount: -0.16800
data_price_hour_rel_+00_amount: -0.19900
data_price_hour_abs_14_amount: -0.19900
data_price_hour_rel_+01_amount: -0.19800
data_price_hour_abs_15_amount: -0.19800
data_price_hour_rel_+02_amount: -0.10900
data_price_hour_abs_16_amount: -0.10900
data_price_hour_rel_+03_amount: 2.31300
data_price_hour_abs_17_amount: 2.31300
data_price_hour_rel_+04_amount: 6.55000
data_price_hour_abs_18_amount: 6.55000
data_price_hour_rel_+05_amount: 8.02000
data_price_hour_abs_19_amount: 8.02000
data_price_hour_rel_+06_amount: 7.71700
data_price_hour_abs_20_amount: 7.71700
data_price_hour_rel_+07_amount: 7.37300
data_price_hour_abs_21_amount: 7.37300
data_price_hour_rel_+08_amount: 7.66600
data_price_hour_abs_22_amount: 7.66600
data_price_hour_rel_+09_amount: 5.75000
data_price_hour_abs_23_amount: 5.75000