date_now: 2025-07-17 14:36:23
date_now_epoch: 1752755783683
date_now_day: 17
date_now_month: 7
date_now_year: 2025
date_start: 2025-07-17 00:00:00
date_end: 2025-07-17 23:59:59
price_low: 4.97800
price_high: 13.20000
price_median: 9.15300
price_average: 9.26121
price_current: 4.97800
price_unit: Cent/kWh
price_threshold_00: 4.97800
price_threshold_01: 5.52600
price_threshold_02: 6.61800
price_threshold_03: 7.01700
price_threshold_04: 7.47900
price_threshold_05: 7.70700
price_threshold_06: 8.27100
price_threshold_07: 8.48100
price_threshold_08: 8.50000
price_threshold_09: 8.57600
price_threshold_10: 8.90000
price_threshold_11: 8.99600
price_threshold_12: 9.31000
price_threshold_13: 9.49800
price_threshold_14: 9.83300
price_threshold_15: 10.37600
price_threshold_16: 10.40500
price_threshold_17: 10.59200
price_threshold_18: 10.97300
price_threshold_19: 11.03300
price_threshold_20: 11.41800
price_threshold_21: 12.07500
price_threshold_22: 12.50700
price_threshold_23: 13.20000
data_price_hour_rel_-14_amount: 10.37600
data_price_hour_abs_00_amount: 10.37600
data_price_hour_rel_-13_amount: 9.83300
data_price_hour_abs_01_amount: 9.83300
data_price_hour_rel_-12_amount: 8.99600
data_price_hour_abs_02_amount: 8.99600
data_price_hour_rel_-11_amount: 8.48100
data_price_hour_abs_03_amount: 8.48100
data_price_hour_rel_-10_amount: 8.57600
data_price_hour_abs_04_amount: 8.57600
data_price_hour_rel_-09_amount: 8.90000
data_price_hour_abs_05_amount: 8.90000
data_price_hour_rel_-08_amount: 10.40500
data_price_hour_abs_06_amount: 10.40500
data_price_hour_rel_-07_amount: 11.03300
data_price_hour_abs_07_amount: 11.03300
data_price_hour_rel_-06_amount: 10.59200
data_price_hour_abs_08_amount: 10.59200
data_price_hour_rel_-05_amount: 9.31000
data_price_hour_abs_09_amount: 9.31000
data_price_hour_rel_-04_amount: 8.50000
data_price_hour_abs_10_amount: 8.50000
data_price_hour_rel_-03_amount: 7.70700
data_price_hour_abs_11_amount: 7.70700
data_price_hour_rel_-02_amount: 7.01700
data_price_hour_abs_12_amount: 7.01700
data_price_hour_rel_-01_amount: 5.52600
data_price_hour_abs_13_amount: 5.52600
data_price_hour_rel_+00_amount: 4.97800
data_price_hour_abs_14_amount: 4.97800
data_price_hour_rel_+01_amount: 6.61800
data_price_hour_abs_15_amount: 6.61800
data_price_hour_rel_+02_amount: 7.47900
data_price_hour_abs_16_amount: 7.47900
data_price_hour_rel_+03_amount: 8.27100
data_price_hour_abs_17_amount: 8.27100
data_price_hour_rel_+04_amount: 9.49800
data_price_hour_abs_18_amount: 9.49800
data_price_hour_rel_+05_amount: 10.97300
data_price_hour_abs_19_amount: 10.97300
data_price_hour_rel_+06_amount: 12.07500
data_price_hour_abs_20_amount: 12.07500
data_price_hour_rel_+07_amount: 13.20000
data_price_hour_abs_21_amount: 13.20000
data_price_hour_rel_+08_amount: 12.50700
data_price_hour_abs_22_amount: 12.50700
data_price_hour_rel_+09_amount: 11.41800
data_price_hour_abs_23_amount: 11.41800