date_now: 2025-07-14 14:36:43
date_now_epoch: 1752496603988
date_now_day: 14
date_now_month: 7
date_now_year: 2025
date_start: 2025-07-14 00:00:00
date_end: 2025-07-14 23:59:59
price_low: 5.58200
price_high: 14.15700
price_median: 9.91300
price_average: 9.84717
price_current: 5.71500
price_unit: Cent/kWh
price_threshold_00: 5.58200
price_threshold_01: 5.71500
price_threshold_02: 6.41700
price_threshold_03: 7.09800
price_threshold_04: 7.11000
price_threshold_05: 7.96700
price_threshold_06: 8.45800
price_threshold_07: 8.45800
price_threshold_08: 9.24300
price_threshold_09: 9.49400
price_threshold_10: 9.81700
price_threshold_11: 9.89400
price_threshold_12: 9.93200
price_threshold_13: 10.40100
price_threshold_14: 10.89300
price_threshold_15: 11.01100
price_threshold_16: 11.20600
price_threshold_17: 11.40200
price_threshold_18: 11.51500
price_threshold_19: 11.78700
price_threshold_20: 12.16200
price_threshold_21: 12.61400
price_threshold_22: 13.99900
price_threshold_23: 14.15700
data_price_hour_rel_-14_amount: 11.40200
data_price_hour_abs_00_amount: 11.40200
data_price_hour_rel_-13_amount: 10.40100
data_price_hour_abs_01_amount: 10.40100
data_price_hour_rel_-12_amount: 9.81700
data_price_hour_abs_02_amount: 9.81700
data_price_hour_rel_-11_amount: 9.49400
data_price_hour_abs_03_amount: 9.49400
data_price_hour_rel_-10_amount: 9.93200
data_price_hour_abs_04_amount: 9.93200
data_price_hour_rel_-09_amount: 10.89300
data_price_hour_abs_05_amount: 10.89300
data_price_hour_rel_-08_amount: 11.78700
data_price_hour_abs_06_amount: 11.78700
data_price_hour_rel_-07_amount: 12.16200
data_price_hour_abs_07_amount: 12.16200
data_price_hour_rel_-06_amount: 11.20600
data_price_hour_abs_08_amount: 11.20600
data_price_hour_rel_-05_amount: 9.24300
data_price_hour_abs_09_amount: 9.24300
data_price_hour_rel_-04_amount: 8.45800
data_price_hour_abs_10_amount: 8.45800
data_price_hour_rel_-03_amount: 7.96700
data_price_hour_abs_11_amount: 7.96700
data_price_hour_rel_-02_amount: 7.09800
data_price_hour_abs_12_amount: 7.09800
data_price_hour_rel_-01_amount: 6.41700
data_price_hour_abs_13_amount: 6.41700
data_price_hour_rel_+00_amount: 5.71500
data_price_hour_abs_14_amount: 5.71500
data_price_hour_rel_+01_amount: 5.58200
data_price_hour_abs_15_amount: 5.58200
data_price_hour_rel_+02_amount: 7.11000
data_price_hour_abs_16_amount: 7.11000
data_price_hour_rel_+03_amount: 8.45800
data_price_hour_abs_17_amount: 8.45800
data_price_hour_rel_+04_amount: 9.89400
data_price_hour_abs_18_amount: 9.89400
data_price_hour_rel_+05_amount: 11.01100
data_price_hour_abs_19_amount: 11.01100
data_price_hour_rel_+06_amount: 13.99900
data_price_hour_abs_20_amount: 13.99900
data_price_hour_rel_+07_amount: 14.15700
data_price_hour_abs_21_amount: 14.15700
data_price_hour_rel_+08_amount: 12.61400
data_price_hour_abs_22_amount: 12.61400
data_price_hour_rel_+09_amount: 11.51500
data_price_hour_abs_23_amount: 11.51500