date_now: 2025-04-08 14:31:57
date_now_epoch: 1744115517194
date_now_day: 8
date_now_month: 4
date_now_year: 2025
date_start: 2025-04-08 00:00:00
date_end: 2025-04-08 23:59:59
price_low: 1.68300
price_high: 18.05500
price_median: 9.14600
price_average: 9.87462
price_current: 2.85900
price_unit: Cent/kWh
price_threshold_00: 1.68300
price_threshold_01: 1.95700
price_threshold_02: 2.85900
price_threshold_03: 5.74700
price_threshold_04: 6.10900
price_threshold_05: 7.33300
price_threshold_06: 7.64700
price_threshold_07: 8.78300
price_threshold_08: 8.90600
price_threshold_09: 8.99000
price_threshold_10: 9.03400
price_threshold_11: 9.13000
price_threshold_12: 9.16200
price_threshold_13: 9.49300
price_threshold_14: 10.51200
price_threshold_15: 10.57300
price_threshold_16: 11.82600
price_threshold_17: 12.04700
price_threshold_18: 13.67700
price_threshold_19: 14.00000
price_threshold_20: 14.29700
price_threshold_21: 17.13100
price_threshold_22: 18.04000
price_threshold_23: 18.05500
data_price_hour_rel_-14_amount: 9.49300
data_price_hour_abs_00_amount: 9.49300
data_price_hour_rel_-13_amount: 8.78300
data_price_hour_abs_01_amount: 8.78300
data_price_hour_rel_-12_amount: 8.90600
data_price_hour_abs_02_amount: 8.90600
data_price_hour_rel_-11_amount: 8.99000
data_price_hour_abs_03_amount: 8.99000
data_price_hour_rel_-10_amount: 9.16200
data_price_hour_abs_04_amount: 9.16200
data_price_hour_rel_-09_amount: 10.57300
data_price_hour_abs_05_amount: 10.57300
data_price_hour_rel_-08_amount: 14.29700
data_price_hour_abs_06_amount: 14.29700
data_price_hour_rel_-07_amount: 18.05500
data_price_hour_abs_07_amount: 18.05500
data_price_hour_rel_-06_amount: 13.67700
data_price_hour_abs_08_amount: 13.67700
data_price_hour_rel_-05_amount: 9.13000
data_price_hour_abs_09_amount: 9.13000
data_price_hour_rel_-04_amount: 7.64700
data_price_hour_abs_10_amount: 7.64700
data_price_hour_rel_-03_amount: 6.10900
data_price_hour_abs_11_amount: 6.10900
data_price_hour_rel_-02_amount: 1.95700
data_price_hour_abs_12_amount: 1.95700
data_price_hour_rel_-01_amount: 1.68300
data_price_hour_abs_13_amount: 1.68300
data_price_hour_rel_+00_amount: 2.85900
data_price_hour_abs_14_amount: 2.85900
data_price_hour_rel_+01_amount: 5.74700
data_price_hour_abs_15_amount: 5.74700
data_price_hour_rel_+02_amount: 7.33300
data_price_hour_abs_16_amount: 7.33300
data_price_hour_rel_+03_amount: 9.03400
data_price_hour_abs_17_amount: 9.03400
data_price_hour_rel_+04_amount: 11.82600
data_price_hour_abs_18_amount: 11.82600
data_price_hour_rel_+05_amount: 18.04000
data_price_hour_abs_19_amount: 18.04000
data_price_hour_rel_+06_amount: 17.13100
data_price_hour_abs_20_amount: 17.13100
data_price_hour_rel_+07_amount: 14.00000
data_price_hour_abs_21_amount: 14.00000
data_price_hour_rel_+08_amount: 12.04700
data_price_hour_abs_22_amount: 12.04700
data_price_hour_rel_+09_amount: 10.51200
data_price_hour_abs_23_amount: 10.51200