date_now: 2025-04-06 14:27:52
date_now_epoch: 1743942472286
date_now_day: 6
date_now_month: 4
date_now_year: 2025
date_start: 2025-04-06 00:00:00
date_end: 2025-04-06 23:59:59
price_low: -11.45700
price_high: 13.29000
price_median: 6.55000
price_average: 3.82854
price_current: -11.45700
price_unit: Cent/kWh
price_threshold_00: -11.45700
price_threshold_01: -10.63100
price_threshold_02: -7.00000
price_threshold_03: -6.00100
price_threshold_04: -2.75600
price_threshold_05: -1.89500
price_threshold_06: -0.20000
price_threshold_07: 0.01000
price_threshold_08: 0.17600
price_threshold_09: 4.17900
price_threshold_10: 6.10000
price_threshold_11: 6.27200
price_threshold_12: 6.82800
price_threshold_13: 6.99500
price_threshold_14: 7.04500
price_threshold_15: 7.65400
price_threshold_16: 7.74300
price_threshold_17: 7.81100
price_threshold_18: 10.00300
price_threshold_19: 11.18400
price_threshold_20: 11.24100
price_threshold_21: 12.13800
price_threshold_22: 13.15600
price_threshold_23: 13.29000
data_price_hour_rel_-14_amount: 7.04500
data_price_hour_abs_00_amount: 7.04500
data_price_hour_rel_-13_amount: 6.10000
data_price_hour_abs_01_amount: 6.10000
data_price_hour_rel_-12_amount: 6.27200
data_price_hour_abs_02_amount: 6.27200
data_price_hour_rel_-11_amount: 6.82800
data_price_hour_abs_03_amount: 6.82800
data_price_hour_rel_-10_amount: 6.99500
data_price_hour_abs_04_amount: 6.99500
data_price_hour_rel_-09_amount: 7.74300
data_price_hour_abs_05_amount: 7.74300
data_price_hour_rel_-08_amount: 7.65400
data_price_hour_abs_06_amount: 7.65400
data_price_hour_rel_-07_amount: 7.81100
data_price_hour_abs_07_amount: 7.81100
data_price_hour_rel_-06_amount: 4.17900
data_price_hour_abs_08_amount: 4.17900
data_price_hour_rel_-05_amount: 0.01000
data_price_hour_abs_09_amount: 0.01000
data_price_hour_rel_-04_amount: -0.20000
data_price_hour_abs_10_amount: -0.20000
data_price_hour_rel_-03_amount: -2.75600
data_price_hour_abs_11_amount: -2.75600
data_price_hour_rel_-02_amount: -6.00100
data_price_hour_abs_12_amount: -6.00100
data_price_hour_rel_-01_amount: -10.63100
data_price_hour_abs_13_amount: -10.63100
data_price_hour_rel_+00_amount: -11.45700
data_price_hour_abs_14_amount: -11.45700
data_price_hour_rel_+01_amount: -7.00000
data_price_hour_abs_15_amount: -7.00000
data_price_hour_rel_+02_amount: -1.89500
data_price_hour_abs_16_amount: -1.89500
data_price_hour_rel_+03_amount: 0.17600
data_price_hour_abs_17_amount: 0.17600
data_price_hour_rel_+04_amount: 11.24100
data_price_hour_abs_18_amount: 11.24100
data_price_hour_rel_+05_amount: 13.15600
data_price_hour_abs_19_amount: 13.15600
data_price_hour_rel_+06_amount: 13.29000
data_price_hour_abs_20_amount: 13.29000
data_price_hour_rel_+07_amount: 12.13800
data_price_hour_abs_21_amount: 12.13800
data_price_hour_rel_+08_amount: 11.18400
data_price_hour_abs_22_amount: 11.18400
data_price_hour_rel_+09_amount: 10.00300
data_price_hour_abs_23_amount: 10.00300