date_now: 2025-05-14 14:33:08
date_now_epoch: 1747225988898
date_now_day: 14
date_now_month: 5
date_now_year: 2025
date_start: 2025-05-14 00:00:00
date_end: 2025-05-14 23:59:59
price_low: -3.18200
price_high: 15.84500
price_median: 9.71300
price_average: 6.90650
price_current: -3.18200
price_unit: Cent/kWh
price_threshold_00: -3.18200
price_threshold_01: -2.99100
price_threshold_02: -1.81600
price_threshold_03: -1.27900
price_threshold_04: -0.16700
price_threshold_05: -0.13300
price_threshold_06: 0.02000
price_threshold_07: 3.09400
price_threshold_08: 7.09200
price_threshold_09: 9.16000
price_threshold_10: 9.54100
price_threshold_11: 9.69600
price_threshold_12: 9.73000
price_threshold_13: 9.85600
price_threshold_14: 9.95600
price_threshold_15: 9.98600
price_threshold_16: 10.27800
price_threshold_17: 10.39400
price_threshold_18: 10.90800
price_threshold_19: 11.40000
price_threshold_20: 12.25100
price_threshold_21: 12.85800
price_threshold_22: 13.25900
price_threshold_23: 15.84500
data_price_hour_rel_-14_amount: 10.27800
data_price_hour_abs_00_amount: 10.27800
data_price_hour_rel_-13_amount: 9.73000
data_price_hour_abs_01_amount: 9.73000
data_price_hour_rel_-12_amount: 9.54100
data_price_hour_abs_02_amount: 9.54100
data_price_hour_rel_-11_amount: 9.69600
data_price_hour_abs_03_amount: 9.69600
data_price_hour_rel_-10_amount: 9.85600
data_price_hour_abs_04_amount: 9.85600
data_price_hour_rel_-09_amount: 10.39400
data_price_hour_abs_05_amount: 10.39400
data_price_hour_rel_-08_amount: 12.85800
data_price_hour_abs_06_amount: 12.85800
data_price_hour_rel_-07_amount: 12.25100
data_price_hour_abs_07_amount: 12.25100
data_price_hour_rel_-06_amount: 9.95600
data_price_hour_abs_08_amount: 9.95600
data_price_hour_rel_-05_amount: 7.09200
data_price_hour_abs_09_amount: 7.09200
data_price_hour_rel_-04_amount: 0.02000
data_price_hour_abs_10_amount: 0.02000
data_price_hour_rel_-03_amount: -0.16700
data_price_hour_abs_11_amount: -0.16700
data_price_hour_rel_-02_amount: -1.81600
data_price_hour_abs_12_amount: -1.81600
data_price_hour_rel_-01_amount: -2.99100
data_price_hour_abs_13_amount: -2.99100
data_price_hour_rel_+00_amount: -3.18200
data_price_hour_abs_14_amount: -3.18200
data_price_hour_rel_+01_amount: -1.27900
data_price_hour_abs_15_amount: -1.27900
data_price_hour_rel_+02_amount: -0.13300
data_price_hour_abs_16_amount: -0.13300
data_price_hour_rel_+03_amount: 3.09400
data_price_hour_abs_17_amount: 3.09400
data_price_hour_rel_+04_amount: 9.16000
data_price_hour_abs_18_amount: 9.16000
data_price_hour_rel_+05_amount: 11.40000
data_price_hour_abs_19_amount: 11.40000
data_price_hour_rel_+06_amount: 15.84500
data_price_hour_abs_20_amount: 15.84500
data_price_hour_rel_+07_amount: 13.25900
data_price_hour_abs_21_amount: 13.25900
data_price_hour_rel_+08_amount: 10.90800
data_price_hour_abs_22_amount: 10.90800
data_price_hour_rel_+09_amount: 9.98600
data_price_hour_abs_23_amount: 9.98600