date_now: 2025-02-10 13:28:50
date_now_epoch: 1739190530488
date_now_day: 10
date_now_month: 2
date_now_year: 2025
date_start: 2025-02-10 00:00:00
date_end: 2025-02-10 23:59:59
price_low: 8.73800
price_high: 18.13600
price_median: 11.50650
price_average: 12.18354
price_current: 10.97400
price_unit: Cent/kWh
price_threshold_00: 8.73800
price_threshold_01: 8.88700
price_threshold_02: 9.14800
price_threshold_03: 9.43700
price_threshold_04: 10.58500
price_threshold_05: 10.62900
price_threshold_06: 10.92200
price_threshold_07: 10.93600
price_threshold_08: 10.97400
price_threshold_09: 11.18200
price_threshold_10: 11.20000
price_threshold_11: 11.48500
price_threshold_12: 11.52800
price_threshold_13: 11.85800
price_threshold_14: 12.30700
price_threshold_15: 12.85400
price_threshold_16: 13.35800
price_threshold_17: 13.38200
price_threshold_18: 13.59000
price_threshold_19: 14.21100
price_threshold_20: 14.53800
price_threshold_21: 16.20200
price_threshold_22: 16.31800
price_threshold_23: 18.13600
data_price_hour_rel_-13_amount: 11.85800
data_price_hour_abs_00_amount: 11.85800
data_price_hour_rel_-12_amount: 11.18200
data_price_hour_abs_01_amount: 11.18200
data_price_hour_rel_-11_amount: 10.92200
data_price_hour_abs_02_amount: 10.92200
data_price_hour_rel_-10_amount: 10.62900
data_price_hour_abs_03_amount: 10.62900
data_price_hour_rel_-09_amount: 10.58500
data_price_hour_abs_04_amount: 10.58500
data_price_hour_rel_-08_amount: 11.20000
data_price_hour_abs_05_amount: 11.20000
data_price_hour_rel_-07_amount: 14.53800
data_price_hour_abs_06_amount: 14.53800
data_price_hour_rel_-06_amount: 16.20200
data_price_hour_abs_07_amount: 16.20200
data_price_hour_rel_-05_amount: 18.13600
data_price_hour_abs_08_amount: 18.13600
data_price_hour_rel_-04_amount: 16.31800
data_price_hour_abs_09_amount: 16.31800
data_price_hour_rel_-03_amount: 13.59000
data_price_hour_abs_10_amount: 13.59000
data_price_hour_rel_-02_amount: 11.52800
data_price_hour_abs_11_amount: 11.52800
data_price_hour_rel_-01_amount: 10.93600
data_price_hour_abs_12_amount: 10.93600
data_price_hour_rel_+00_amount: 10.97400
data_price_hour_abs_13_amount: 10.97400
data_price_hour_rel_+01_amount: 12.30700
data_price_hour_abs_14_amount: 12.30700
data_price_hour_rel_+02_amount: 12.85400
data_price_hour_abs_15_amount: 12.85400
data_price_hour_rel_+03_amount: 13.35800
data_price_hour_abs_16_amount: 13.35800
data_price_hour_rel_+04_amount: 13.38200
data_price_hour_abs_17_amount: 13.38200
data_price_hour_rel_+05_amount: 14.21100
data_price_hour_abs_18_amount: 14.21100
data_price_hour_rel_+06_amount: 11.48500
data_price_hour_abs_19_amount: 11.48500
data_price_hour_rel_+07_amount: 9.43700
data_price_hour_abs_20_amount: 9.43700
data_price_hour_rel_+08_amount: 9.14800
data_price_hour_abs_21_amount: 9.14800
data_price_hour_rel_+09_amount: 8.88700
data_price_hour_abs_22_amount: 8.88700
data_price_hour_rel_+10_amount: 8.73800
data_price_hour_abs_23_amount: 8.73800