date_now: 2025-03-25 13:31:05
date_now_epoch: 1742905865644
date_now_day: 25
date_now_month: 3
date_now_year: 2025
date_start: 2025-03-25 00:00:00
date_end: 2025-03-25 23:59:59
price_low: 6.84500
price_high: 16.63600
price_median: 10.45400
price_average: 11.17800
price_current: 6.92300
price_unit: Cent/kWh
price_threshold_00: 6.84500
price_threshold_01: 6.92300
price_threshold_02: 7.88000
price_threshold_03: 8.17000
price_threshold_04: 9.20300
price_threshold_05: 9.55200
price_threshold_06: 10.02000
price_threshold_07: 10.17600
price_threshold_08: 10.19600
price_threshold_09: 10.20500
price_threshold_10: 10.20700
price_threshold_11: 10.26700
price_threshold_12: 10.64100
price_threshold_13: 10.73900
price_threshold_14: 10.88400
price_threshold_15: 11.48300
price_threshold_16: 12.23600
price_threshold_17: 13.33600
price_threshold_18: 13.60500
price_threshold_19: 13.88100
price_threshold_20: 14.21300
price_threshold_21: 14.86000
price_threshold_22: 16.11400
price_threshold_23: 16.63600
data_price_hour_rel_-13_amount: 10.20700
data_price_hour_abs_00_amount: 10.20700
data_price_hour_rel_-12_amount: 10.17600
data_price_hour_abs_01_amount: 10.17600
data_price_hour_rel_-11_amount: 10.02000
data_price_hour_abs_02_amount: 10.02000
data_price_hour_rel_-10_amount: 10.26700
data_price_hour_abs_03_amount: 10.26700
data_price_hour_rel_-09_amount: 10.19600
data_price_hour_abs_04_amount: 10.19600
data_price_hour_rel_-08_amount: 10.73900
data_price_hour_abs_05_amount: 10.73900
data_price_hour_rel_-07_amount: 13.60500
data_price_hour_abs_06_amount: 13.60500
data_price_hour_rel_-06_amount: 14.21300
data_price_hour_abs_07_amount: 14.21300
data_price_hour_rel_-05_amount: 13.33600
data_price_hour_abs_08_amount: 13.33600
data_price_hour_rel_-04_amount: 10.64100
data_price_hour_abs_09_amount: 10.64100
data_price_hour_rel_-03_amount: 9.20300
data_price_hour_abs_10_amount: 9.20300
data_price_hour_rel_-02_amount: 7.88000
data_price_hour_abs_11_amount: 7.88000
data_price_hour_rel_-01_amount: 6.84500
data_price_hour_abs_12_amount: 6.84500
data_price_hour_rel_+00_amount: 6.92300
data_price_hour_abs_13_amount: 6.92300
data_price_hour_rel_+01_amount: 8.17000
data_price_hour_abs_14_amount: 8.17000
data_price_hour_rel_+02_amount: 9.55200
data_price_hour_abs_15_amount: 9.55200
data_price_hour_rel_+03_amount: 10.88400
data_price_hour_abs_16_amount: 10.88400
data_price_hour_rel_+04_amount: 13.88100
data_price_hour_abs_17_amount: 13.88100
data_price_hour_rel_+05_amount: 16.11400
data_price_hour_abs_18_amount: 16.11400
data_price_hour_rel_+06_amount: 16.63600
data_price_hour_abs_19_amount: 16.63600
data_price_hour_rel_+07_amount: 14.86000
data_price_hour_abs_20_amount: 14.86000
data_price_hour_rel_+08_amount: 12.23600
data_price_hour_abs_21_amount: 12.23600
data_price_hour_rel_+09_amount: 11.48300
data_price_hour_abs_22_amount: 11.48300
data_price_hour_rel_+10_amount: 10.20500
data_price_hour_abs_23_amount: 10.20500