date_now: 2025-12-15 13:42:49
date_now_epoch: 1765802569197
date_now_day: 15
date_now_month: 12
date_now_year: 2025
date_start: 2025-12-15 00:00:00
date_end: 2025-12-15 23:59:59
price_low: 7.06700
price_high: 10.86600
price_median: 8.58500
price_average: 8.74038
price_current: 8.82600
price_unit: Cent/kWh
price_threshold_00: 7.06700
price_threshold_01: 7.10400
price_threshold_02: 7.18800
price_threshold_03: 7.25000
price_threshold_04: 7.52800
price_threshold_05: 7.68000
price_threshold_06: 7.97200
price_threshold_07: 7.97700
price_threshold_08: 8.04600
price_threshold_09: 8.42500
price_threshold_10: 8.49800
price_threshold_11: 8.51700
price_threshold_12: 8.65300
price_threshold_13: 8.82600
price_threshold_14: 8.96200
price_threshold_15: 9.04200
price_threshold_16: 9.54400
price_threshold_17: 9.66500
price_threshold_18: 9.81600
price_threshold_19: 9.87900
price_threshold_20: 10.11300
price_threshold_21: 10.42100
price_threshold_22: 10.73000
price_threshold_23: 10.86600
data_price_hour_rel_-13_amount: 7.25000
data_price_hour_abs_00_amount: 7.25000
data_price_hour_rel_-12_amount: 7.18800
data_price_hour_abs_01_amount: 7.18800
data_price_hour_rel_-11_amount: 7.10400
data_price_hour_abs_02_amount: 7.10400
data_price_hour_rel_-10_amount: 7.06700
data_price_hour_abs_03_amount: 7.06700
data_price_hour_rel_-09_amount: 7.52800
data_price_hour_abs_04_amount: 7.52800
data_price_hour_rel_-08_amount: 7.68000
data_price_hour_abs_05_amount: 7.68000
data_price_hour_rel_-07_amount: 8.65300
data_price_hour_abs_06_amount: 8.65300
data_price_hour_rel_-06_amount: 9.87900
data_price_hour_abs_07_amount: 9.87900
data_price_hour_rel_-05_amount: 10.11300
data_price_hour_abs_08_amount: 10.11300
data_price_hour_rel_-04_amount: 9.66500
data_price_hour_abs_09_amount: 9.66500
data_price_hour_rel_-03_amount: 8.96200
data_price_hour_abs_10_amount: 8.96200
data_price_hour_rel_-02_amount: 7.97200
data_price_hour_abs_11_amount: 7.97200
data_price_hour_rel_-01_amount: 7.97700
data_price_hour_abs_12_amount: 7.97700
data_price_hour_rel_+00_amount: 8.82600
data_price_hour_abs_13_amount: 8.82600
data_price_hour_rel_+01_amount: 9.54400
data_price_hour_abs_14_amount: 9.54400
data_price_hour_rel_+02_amount: 10.73000
data_price_hour_abs_15_amount: 10.73000
data_price_hour_rel_+03_amount: 10.86600
data_price_hour_abs_16_amount: 10.86600
data_price_hour_rel_+04_amount: 10.42100
data_price_hour_abs_17_amount: 10.42100
data_price_hour_rel_+05_amount: 9.81600
data_price_hour_abs_18_amount: 9.81600
data_price_hour_rel_+06_amount: 9.04200
data_price_hour_abs_19_amount: 9.04200
data_price_hour_rel_+07_amount: 8.42500
data_price_hour_abs_20_amount: 8.42500
data_price_hour_rel_+08_amount: 8.51700
data_price_hour_abs_21_amount: 8.51700
data_price_hour_rel_+09_amount: 8.49800
data_price_hour_abs_22_amount: 8.49800
data_price_hour_rel_+10_amount: 8.04600
data_price_hour_abs_23_amount: 8.04600