date_now: 2025-04-15 14:31:51
date_now_epoch: 1744720311831
date_now_day: 15
date_now_month: 4
date_now_year: 2025
date_start: 2025-04-15 00:00:00
date_end: 2025-04-15 23:59:59
price_low: 0.00000
price_high: 14.15400
price_median: 7.16750
price_average: 7.00417
price_current: 0.01000
price_unit: Cent/kWh
price_threshold_00: 0.00000
price_threshold_01: 0.00800
price_threshold_02: 0.01000
price_threshold_03: 0.29200
price_threshold_04: 2.92700
price_threshold_05: 4.89300
price_threshold_06: 6.42900
price_threshold_07: 6.50000
price_threshold_08: 6.63000
price_threshold_09: 6.73800
price_threshold_10: 6.80800
price_threshold_11: 7.04200
price_threshold_12: 7.29300
price_threshold_13: 7.32000
price_threshold_14: 8.30300
price_threshold_15: 8.65700
price_threshold_16: 9.37600
price_threshold_17: 9.69900
price_threshold_18: 9.85600
price_threshold_19: 10.22100
price_threshold_20: 10.52800
price_threshold_21: 11.05800
price_threshold_22: 13.35800
price_threshold_23: 14.15400
data_price_hour_rel_-14_amount: 7.29300
data_price_hour_abs_00_amount: 7.29300
data_price_hour_rel_-13_amount: 7.32000
data_price_hour_abs_01_amount: 7.32000
data_price_hour_rel_-12_amount: 6.73800
data_price_hour_abs_02_amount: 6.73800
data_price_hour_rel_-11_amount: 6.42900
data_price_hour_abs_03_amount: 6.42900
data_price_hour_rel_-10_amount: 6.63000
data_price_hour_abs_04_amount: 6.63000
data_price_hour_rel_-09_amount: 7.04200
data_price_hour_abs_05_amount: 7.04200
data_price_hour_rel_-08_amount: 8.30300
data_price_hour_abs_06_amount: 8.30300
data_price_hour_rel_-07_amount: 9.69900
data_price_hour_abs_07_amount: 9.69900
data_price_hour_rel_-06_amount: 9.85600
data_price_hour_abs_08_amount: 9.85600
data_price_hour_rel_-05_amount: 6.50000
data_price_hour_abs_09_amount: 6.50000
data_price_hour_rel_-04_amount: 4.89300
data_price_hour_abs_10_amount: 4.89300
data_price_hour_rel_-03_amount: 0.29200
data_price_hour_abs_11_amount: 0.29200
data_price_hour_rel_-02_amount: 0.00800
data_price_hour_abs_12_amount: 0.00800
data_price_hour_rel_-01_amount: 0.00000
data_price_hour_abs_13_amount: 0.00000
data_price_hour_rel_+00_amount: 0.01000
data_price_hour_abs_14_amount: 0.01000
data_price_hour_rel_+01_amount: 2.92700
data_price_hour_abs_15_amount: 2.92700
data_price_hour_rel_+02_amount: 6.80800
data_price_hour_abs_16_amount: 6.80800
data_price_hour_rel_+03_amount: 8.65700
data_price_hour_abs_17_amount: 8.65700
data_price_hour_rel_+04_amount: 10.52800
data_price_hour_abs_18_amount: 10.52800
data_price_hour_rel_+05_amount: 13.35800
data_price_hour_abs_19_amount: 13.35800
data_price_hour_rel_+06_amount: 14.15400
data_price_hour_abs_20_amount: 14.15400
data_price_hour_rel_+07_amount: 11.05800
data_price_hour_abs_21_amount: 11.05800
data_price_hour_rel_+08_amount: 10.22100
data_price_hour_abs_22_amount: 10.22100
data_price_hour_rel_+09_amount: 9.37600
data_price_hour_abs_23_amount: 9.37600