date_now: 2025-11-12 13:36:00
date_now_epoch: 1762950960704
date_now_day: 12
date_now_month: 11
date_now_year: 2025
date_start: 2025-11-12 00:00:00
date_end: 2025-11-12 23:59:59
price_low: 5.69400
price_high: 11.54000
price_median: 7.62300
price_average: 8.03263
price_current: 7.37700
price_unit: Cent/kWh
price_threshold_00: 5.69400
price_threshold_01: 5.91400
price_threshold_02: 6.00100
price_threshold_03: 6.23000
price_threshold_04: 6.24000
price_threshold_05: 6.44100
price_threshold_06: 6.83200
price_threshold_07: 6.93000
price_threshold_08: 7.15300
price_threshold_09: 7.37700
price_threshold_10: 7.49800
price_threshold_11: 7.55500
price_threshold_12: 7.69100
price_threshold_13: 7.70000
price_threshold_14: 7.81100
price_threshold_15: 8.04300
price_threshold_16: 8.09500
price_threshold_17: 8.89300
price_threshold_18: 10.07200
price_threshold_19: 10.48700
price_threshold_20: 10.49700
price_threshold_21: 10.72600
price_threshold_22: 11.36300
price_threshold_23: 11.54000
data_price_hour_rel_-13_amount: 7.49800
data_price_hour_abs_00_amount: 7.49800
data_price_hour_rel_-12_amount: 6.83200
data_price_hour_abs_01_amount: 6.83200
data_price_hour_rel_-11_amount: 6.44100
data_price_hour_abs_02_amount: 6.44100
data_price_hour_rel_-10_amount: 6.24000
data_price_hour_abs_03_amount: 6.24000
data_price_hour_rel_-09_amount: 6.23000
data_price_hour_abs_04_amount: 6.23000
data_price_hour_rel_-08_amount: 6.93000
data_price_hour_abs_05_amount: 6.93000
data_price_hour_rel_-07_amount: 7.70000
data_price_hour_abs_06_amount: 7.70000
data_price_hour_rel_-06_amount: 10.72600
data_price_hour_abs_07_amount: 10.72600
data_price_hour_rel_-05_amount: 10.07200
data_price_hour_abs_08_amount: 10.07200
data_price_hour_rel_-04_amount: 7.81100
data_price_hour_abs_09_amount: 7.81100
data_price_hour_rel_-03_amount: 7.15300
data_price_hour_abs_10_amount: 7.15300
data_price_hour_rel_-02_amount: 6.00100
data_price_hour_abs_11_amount: 6.00100
data_price_hour_rel_-01_amount: 5.91400
data_price_hour_abs_12_amount: 5.91400
data_price_hour_rel_+00_amount: 7.37700
data_price_hour_abs_13_amount: 7.37700
data_price_hour_rel_+01_amount: 8.04300
data_price_hour_abs_14_amount: 8.04300
data_price_hour_rel_+02_amount: 10.49700
data_price_hour_abs_15_amount: 10.49700
data_price_hour_rel_+03_amount: 11.36300
data_price_hour_abs_16_amount: 11.36300
data_price_hour_rel_+04_amount: 11.54000
data_price_hour_abs_17_amount: 11.54000
data_price_hour_rel_+05_amount: 10.48700
data_price_hour_abs_18_amount: 10.48700
data_price_hour_rel_+06_amount: 8.89300
data_price_hour_abs_19_amount: 8.89300
data_price_hour_rel_+07_amount: 8.09500
data_price_hour_abs_20_amount: 8.09500
data_price_hour_rel_+08_amount: 7.69100
data_price_hour_abs_21_amount: 7.69100
data_price_hour_rel_+09_amount: 7.55500
data_price_hour_abs_22_amount: 7.55500
data_price_hour_rel_+10_amount: 5.69400
data_price_hour_abs_23_amount: 5.69400