date_now: 2025-11-15 13:30:39
date_now_epoch: 1763209839832
date_now_day: 15
date_now_month: 11
date_now_year: 2025
date_start: 2025-11-15 00:00:00
date_end: 2025-11-15 23:59:59
price_low: 6.81600
price_high: 12.18000
price_median: 8.55150
price_average: 9.07063
price_current: 9.06700
price_unit: Cent/kWh
price_threshold_00: 6.81600
price_threshold_01: 7.06200
price_threshold_02: 7.22000
price_threshold_03: 7.30300
price_threshold_04: 7.47200
price_threshold_05: 7.70600
price_threshold_06: 7.73800
price_threshold_07: 7.79500
price_threshold_08: 8.00700
price_threshold_09: 8.41900
price_threshold_10: 8.52400
price_threshold_11: 8.54200
price_threshold_12: 8.56100
price_threshold_13: 9.06700
price_threshold_14: 9.46500
price_threshold_15: 9.78700
price_threshold_16: 10.11900
price_threshold_17: 10.17200
price_threshold_18: 10.28900
price_threshold_19: 10.91300
price_threshold_20: 10.97900
price_threshold_21: 11.40700
price_threshold_22: 12.15200
price_threshold_23: 12.18000
data_price_hour_rel_-13_amount: 7.73800
data_price_hour_abs_00_amount: 7.73800
data_price_hour_rel_-12_amount: 7.79500
data_price_hour_abs_01_amount: 7.79500
data_price_hour_rel_-11_amount: 7.47200
data_price_hour_abs_02_amount: 7.47200
data_price_hour_rel_-10_amount: 7.30300
data_price_hour_abs_03_amount: 7.30300
data_price_hour_rel_-09_amount: 7.22000
data_price_hour_abs_04_amount: 7.22000
data_price_hour_rel_-08_amount: 7.06200
data_price_hour_abs_05_amount: 7.06200
data_price_hour_rel_-07_amount: 6.81600
data_price_hour_abs_06_amount: 6.81600
data_price_hour_rel_-06_amount: 7.70600
data_price_hour_abs_07_amount: 7.70600
data_price_hour_rel_-05_amount: 8.00700
data_price_hour_abs_08_amount: 8.00700
data_price_hour_rel_-04_amount: 8.52400
data_price_hour_abs_09_amount: 8.52400
data_price_hour_rel_-03_amount: 8.56100
data_price_hour_abs_10_amount: 8.56100
data_price_hour_rel_-02_amount: 8.54200
data_price_hour_abs_11_amount: 8.54200
data_price_hour_rel_-01_amount: 8.41900
data_price_hour_abs_12_amount: 8.41900
data_price_hour_rel_+00_amount: 9.06700
data_price_hour_abs_13_amount: 9.06700
data_price_hour_rel_+01_amount: 9.46500
data_price_hour_abs_14_amount: 9.46500
data_price_hour_rel_+02_amount: 10.11900
data_price_hour_abs_15_amount: 10.11900
data_price_hour_rel_+03_amount: 10.97900
data_price_hour_abs_16_amount: 10.97900
data_price_hour_rel_+04_amount: 12.18000
data_price_hour_abs_17_amount: 12.18000
data_price_hour_rel_+05_amount: 12.15200
data_price_hour_abs_18_amount: 12.15200
data_price_hour_rel_+06_amount: 11.40700
data_price_hour_abs_19_amount: 11.40700
data_price_hour_rel_+07_amount: 10.91300
data_price_hour_abs_20_amount: 10.91300
data_price_hour_rel_+08_amount: 10.28900
data_price_hour_abs_21_amount: 10.28900
data_price_hour_rel_+09_amount: 10.17200
data_price_hour_abs_22_amount: 10.17200
data_price_hour_rel_+10_amount: 9.78700
data_price_hour_abs_23_amount: 9.78700