date_now: 2025-09-03 14:32:09
date_now_epoch: 1756902729641
date_now_day: 3
date_now_month: 9
date_now_year: 2025
date_start: 2025-09-03 00:00:00
date_end: 2025-09-03 23:59:59
price_low: -0.02800
price_high: 11.23400
price_median: 8.35100
price_average: 6.56725
price_current: -0.02800
price_unit: Cent/kWh
price_threshold_00: -0.02800
price_threshold_01: -0.01000
price_threshold_02: -0.01000
price_threshold_03: 0.00000
price_threshold_04: 0.00300
price_threshold_05: 0.38900
price_threshold_06: 2.90400
price_threshold_07: 5.42500
price_threshold_08: 6.34600
price_threshold_09: 8.06800
price_threshold_10: 8.12300
price_threshold_11: 8.17200
price_threshold_12: 8.53000
price_threshold_13: 8.59500
price_threshold_14: 8.69700
price_threshold_15: 9.07400
price_threshold_16: 9.41700
price_threshold_17: 9.72500
price_threshold_18: 10.23500
price_threshold_19: 10.32000
price_threshold_20: 10.40000
price_threshold_21: 10.91300
price_threshold_22: 11.09200
price_threshold_23: 11.23400
data_price_hour_rel_-14_amount: 9.72500
data_price_hour_abs_00_amount: 9.72500
data_price_hour_rel_-13_amount: 9.07400
data_price_hour_abs_01_amount: 9.07400
data_price_hour_rel_-12_amount: 8.59500
data_price_hour_abs_02_amount: 8.59500
data_price_hour_rel_-11_amount: 8.17200
data_price_hour_abs_03_amount: 8.17200
data_price_hour_rel_-10_amount: 8.12300
data_price_hour_abs_04_amount: 8.12300
data_price_hour_rel_-09_amount: 8.69700
data_price_hour_abs_05_amount: 8.69700
data_price_hour_rel_-08_amount: 10.32000
data_price_hour_abs_06_amount: 10.32000
data_price_hour_rel_-07_amount: 11.23400
data_price_hour_abs_07_amount: 11.23400
data_price_hour_rel_-06_amount: 10.91300
data_price_hour_abs_08_amount: 10.91300
data_price_hour_rel_-05_amount: 8.53000
data_price_hour_abs_09_amount: 8.53000
data_price_hour_rel_-04_amount: 2.90400
data_price_hour_abs_10_amount: 2.90400
data_price_hour_rel_-03_amount: 0.00300
data_price_hour_abs_11_amount: 0.00300
data_price_hour_rel_-02_amount: -0.01000
data_price_hour_abs_12_amount: -0.01000
data_price_hour_rel_-01_amount: -0.01000
data_price_hour_abs_13_amount: -0.01000
data_price_hour_rel_+00_amount: -0.02800
data_price_hour_abs_14_amount: -0.02800
data_price_hour_rel_+01_amount: 0.00000
data_price_hour_abs_15_amount: 0.00000
data_price_hour_rel_+02_amount: 0.38900
data_price_hour_abs_16_amount: 0.38900
data_price_hour_rel_+03_amount: 6.34600
data_price_hour_abs_17_amount: 6.34600
data_price_hour_rel_+04_amount: 10.23500
data_price_hour_abs_18_amount: 10.23500
data_price_hour_rel_+05_amount: 11.09200
data_price_hour_abs_19_amount: 11.09200
data_price_hour_rel_+06_amount: 10.40000
data_price_hour_abs_20_amount: 10.40000
data_price_hour_rel_+07_amount: 9.41700
data_price_hour_abs_21_amount: 9.41700
data_price_hour_rel_+08_amount: 8.06800
data_price_hour_abs_22_amount: 8.06800
data_price_hour_rel_+09_amount: 5.42500
data_price_hour_abs_23_amount: 5.42500