date_now: 2025-01-27 13:28:30
date_now_epoch: 1737980910839
date_now_day: 27
date_now_month: 1
date_now_year: 2025
date_start: 2025-01-27 00:00:00
date_end: 2025-01-27 23:59:59
price_low: 1.01000
price_high: 11.86700
price_median: 5.54700
price_average: 6.01733
price_current: 3.83700
price_unit: Cent/kWh
price_threshold_00: 1.01000
price_threshold_01: 1.40700
price_threshold_02: 2.15200
price_threshold_03: 2.63800
price_threshold_04: 3.41000
price_threshold_05: 3.52600
price_threshold_06: 3.56600
price_threshold_07: 3.83700
price_threshold_08: 4.01100
price_threshold_09: 4.01400
price_threshold_10: 4.55700
price_threshold_11: 5.39500
price_threshold_12: 5.69900
price_threshold_13: 6.29600
price_threshold_14: 6.92800
price_threshold_15: 7.17600
price_threshold_16: 8.22600
price_threshold_17: 8.50800
price_threshold_18: 8.67900
price_threshold_19: 9.40700
price_threshold_20: 10.00500
price_threshold_21: 10.24600
price_threshold_22: 11.85600
price_threshold_23: 11.86700
data_price_hour_rel_-13_amount: 4.01400
data_price_hour_abs_00_amount: 4.01400
data_price_hour_rel_-12_amount: 3.52600
data_price_hour_abs_01_amount: 3.52600
data_price_hour_rel_-11_amount: 2.63800
data_price_hour_abs_02_amount: 2.63800
data_price_hour_rel_-10_amount: 1.40700
data_price_hour_abs_03_amount: 1.40700
data_price_hour_rel_-09_amount: 1.01000
data_price_hour_abs_04_amount: 1.01000
data_price_hour_rel_-08_amount: 2.15200
data_price_hour_abs_05_amount: 2.15200
data_price_hour_rel_-07_amount: 3.41000
data_price_hour_abs_06_amount: 3.41000
data_price_hour_rel_-06_amount: 5.69900
data_price_hour_abs_07_amount: 5.69900
data_price_hour_rel_-05_amount: 7.17600
data_price_hour_abs_08_amount: 7.17600
data_price_hour_rel_-04_amount: 6.29600
data_price_hour_abs_09_amount: 6.29600
data_price_hour_rel_-03_amount: 4.55700
data_price_hour_abs_10_amount: 4.55700
data_price_hour_rel_-02_amount: 4.01100
data_price_hour_abs_11_amount: 4.01100
data_price_hour_rel_-01_amount: 3.56600
data_price_hour_abs_12_amount: 3.56600
data_price_hour_rel_+00_amount: 3.83700
data_price_hour_abs_13_amount: 3.83700
data_price_hour_rel_+01_amount: 5.39500
data_price_hour_abs_14_amount: 5.39500
data_price_hour_rel_+02_amount: 8.67900
data_price_hour_abs_15_amount: 8.67900
data_price_hour_rel_+03_amount: 10.24600
data_price_hour_abs_16_amount: 10.24600
data_price_hour_rel_+04_amount: 11.85600
data_price_hour_abs_17_amount: 11.85600
data_price_hour_rel_+05_amount: 11.86700
data_price_hour_abs_18_amount: 11.86700
data_price_hour_rel_+06_amount: 10.00500
data_price_hour_abs_19_amount: 10.00500
data_price_hour_rel_+07_amount: 9.40700
data_price_hour_abs_20_amount: 9.40700
data_price_hour_rel_+08_amount: 8.50800
data_price_hour_abs_21_amount: 8.50800
data_price_hour_rel_+09_amount: 8.22600
data_price_hour_abs_22_amount: 8.22600
data_price_hour_rel_+10_amount: 6.92800
data_price_hour_abs_23_amount: 6.92800