date_now: 2025-10-02 14:31:40
date_now_epoch: 1759408300637
date_now_day: 2
date_now_month: 10
date_now_year: 2025
date_start: 2025-10-02 00:00:00
date_end: 2025-10-02 23:59:59
price_low: 6.05000
price_high: 18.10900
price_median: 9.11500
price_average: 10.26963
price_current: 7.12900
price_unit: Cent/kWh
price_threshold_00: 6.05000
price_threshold_01: 6.57700
price_threshold_02: 7.12900
price_threshold_03: 7.82900
price_threshold_04: 8.06600
price_threshold_05: 8.20900
price_threshold_06: 8.65200
price_threshold_07: 8.80000
price_threshold_08: 8.85600
price_threshold_09: 9.08100
price_threshold_10: 9.08100
price_threshold_11: 9.08600
price_threshold_12: 9.14400
price_threshold_13: 9.14800
price_threshold_14: 9.59700
price_threshold_15: 9.66600
price_threshold_16: 10.05100
price_threshold_17: 10.99200
price_threshold_18: 11.33200
price_threshold_19: 12.87200
price_threshold_20: 13.66800
price_threshold_21: 16.79200
price_threshold_22: 17.68400
price_threshold_23: 18.10900
data_price_hour_rel_-14_amount: 9.08100
data_price_hour_abs_00_amount: 9.08100
data_price_hour_rel_-13_amount: 8.80000
data_price_hour_abs_01_amount: 8.80000
data_price_hour_rel_-12_amount: 8.65200
data_price_hour_abs_02_amount: 8.65200
data_price_hour_rel_-11_amount: 8.85600
data_price_hour_abs_03_amount: 8.85600
data_price_hour_rel_-10_amount: 9.08100
data_price_hour_abs_04_amount: 9.08100
data_price_hour_rel_-09_amount: 9.59700
data_price_hour_abs_05_amount: 9.59700
data_price_hour_rel_-08_amount: 12.87200
data_price_hour_abs_06_amount: 12.87200
data_price_hour_rel_-07_amount: 18.10900
data_price_hour_abs_07_amount: 18.10900
data_price_hour_rel_-06_amount: 13.66800
data_price_hour_abs_08_amount: 13.66800
data_price_hour_rel_-05_amount: 10.05100
data_price_hour_abs_09_amount: 10.05100
data_price_hour_rel_-04_amount: 9.14800
data_price_hour_abs_10_amount: 9.14800
data_price_hour_rel_-03_amount: 7.82900
data_price_hour_abs_11_amount: 7.82900
data_price_hour_rel_-02_amount: 6.57700
data_price_hour_abs_12_amount: 6.57700
data_price_hour_rel_-01_amount: 6.05000
data_price_hour_abs_13_amount: 6.05000
data_price_hour_rel_+00_amount: 7.12900
data_price_hour_abs_14_amount: 7.12900
data_price_hour_rel_+01_amount: 8.06600
data_price_hour_abs_15_amount: 8.06600
data_price_hour_rel_+02_amount: 9.14400
data_price_hour_abs_16_amount: 9.14400
data_price_hour_rel_+03_amount: 11.33200
data_price_hour_abs_17_amount: 11.33200
data_price_hour_rel_+04_amount: 16.79200
data_price_hour_abs_18_amount: 16.79200
data_price_hour_rel_+05_amount: 17.68400
data_price_hour_abs_19_amount: 17.68400
data_price_hour_rel_+06_amount: 10.99200
data_price_hour_abs_20_amount: 10.99200
data_price_hour_rel_+07_amount: 9.08600
data_price_hour_abs_21_amount: 9.08600
data_price_hour_rel_+08_amount: 9.66600
data_price_hour_abs_22_amount: 9.66600
data_price_hour_rel_+09_amount: 8.20900
data_price_hour_abs_23_amount: 8.20900