date_now: 2025-09-24 14:33:15
date_now_epoch: 1758717195639
date_now_day: 24
date_now_month: 9
date_now_year: 2025
date_start: 2025-09-24 00:00:00
date_end: 2025-09-24 23:59:59
price_low: 0.99000
price_high: 12.04500
price_median: 8.26700
price_average: 7.91892
price_current: 0.99000
price_unit: Cent/kWh
price_threshold_00: 0.99000
price_threshold_01: 1.06600
price_threshold_02: 1.50000
price_threshold_03: 2.71000
price_threshold_04: 6.61000
price_threshold_05: 6.96800
price_threshold_06: 7.00900
price_threshold_07: 7.79500
price_threshold_08: 7.85900
price_threshold_09: 8.16100
price_threshold_10: 8.23200
price_threshold_11: 8.26700
price_threshold_12: 8.26700
price_threshold_13: 8.55000
price_threshold_14: 8.55400
price_threshold_15: 8.56900
price_threshold_16: 9.12900
price_threshold_17: 10.70000
price_threshold_18: 10.97600
price_threshold_19: 11.30800
price_threshold_20: 11.39500
price_threshold_21: 11.59300
price_threshold_22: 11.80100
price_threshold_23: 12.04500
data_price_hour_rel_-14_amount: 8.26700
data_price_hour_abs_00_amount: 8.26700
data_price_hour_rel_-13_amount: 8.23200
data_price_hour_abs_01_amount: 8.23200
data_price_hour_rel_-12_amount: 8.16100
data_price_hour_abs_02_amount: 8.16100
data_price_hour_rel_-11_amount: 7.79500
data_price_hour_abs_03_amount: 7.79500
data_price_hour_rel_-10_amount: 7.85900
data_price_hour_abs_04_amount: 7.85900
data_price_hour_rel_-09_amount: 8.26700
data_price_hour_abs_05_amount: 8.26700
data_price_hour_rel_-08_amount: 10.97600
data_price_hour_abs_06_amount: 10.97600
data_price_hour_rel_-07_amount: 11.80100
data_price_hour_abs_07_amount: 11.80100
data_price_hour_rel_-06_amount: 12.04500
data_price_hour_abs_08_amount: 12.04500
data_price_hour_rel_-05_amount: 10.70000
data_price_hour_abs_09_amount: 10.70000
data_price_hour_rel_-04_amount: 8.55400
data_price_hour_abs_10_amount: 8.55400
data_price_hour_rel_-03_amount: 7.00900
data_price_hour_abs_11_amount: 7.00900
data_price_hour_rel_-02_amount: 2.71000
data_price_hour_abs_12_amount: 2.71000
data_price_hour_rel_-01_amount: 1.06600
data_price_hour_abs_13_amount: 1.06600
data_price_hour_rel_+00_amount: 0.99000
data_price_hour_abs_14_amount: 0.99000
data_price_hour_rel_+01_amount: 1.50000
data_price_hour_abs_15_amount: 1.50000
data_price_hour_rel_+02_amount: 6.61000
data_price_hour_abs_16_amount: 6.61000
data_price_hour_rel_+03_amount: 8.56900
data_price_hour_abs_17_amount: 8.56900
data_price_hour_rel_+04_amount: 11.30800
data_price_hour_abs_18_amount: 11.30800
data_price_hour_rel_+05_amount: 11.59300
data_price_hour_abs_19_amount: 11.59300
data_price_hour_rel_+06_amount: 11.39500
data_price_hour_abs_20_amount: 11.39500
data_price_hour_rel_+07_amount: 9.12900
data_price_hour_abs_21_amount: 9.12900
data_price_hour_rel_+08_amount: 8.55000
data_price_hour_abs_22_amount: 8.55000
data_price_hour_rel_+09_amount: 6.96800
data_price_hour_abs_23_amount: 6.96800