date_now: 2025-07-15 14:36:59
date_now_epoch: 1752583019984
date_now_day: 15
date_now_month: 7
date_now_year: 2025
date_start: 2025-07-15 00:00:00
date_end: 2025-07-15 23:59:59
price_low: 4.02000
price_high: 14.19900
price_median: 9.34300
price_average: 9.08246
price_current: 4.02000
price_unit: Cent/kWh
price_threshold_00: 4.02000
price_threshold_01: 4.25700
price_threshold_02: 4.72600
price_threshold_03: 5.91900
price_threshold_04: 6.50000
price_threshold_05: 6.50000
price_threshold_06: 7.76700
price_threshold_07: 8.48700
price_threshold_08: 8.71200
price_threshold_09: 8.82800
price_threshold_10: 9.08200
price_threshold_11: 9.30000
price_threshold_12: 9.38600
price_threshold_13: 10.15400
price_threshold_14: 10.30600
price_threshold_15: 10.61000
price_threshold_16: 10.68600
price_threshold_17: 10.81500
price_threshold_18: 11.03300
price_threshold_19: 11.24500
price_threshold_20: 11.34100
price_threshold_21: 11.97800
price_threshold_22: 12.12800
price_threshold_23: 14.19900
data_price_hour_rel_-14_amount: 10.61000
data_price_hour_abs_00_amount: 10.61000
data_price_hour_rel_-13_amount: 10.30600
data_price_hour_abs_01_amount: 10.30600
data_price_hour_rel_-12_amount: 9.38600
data_price_hour_abs_02_amount: 9.38600
data_price_hour_rel_-11_amount: 8.82800
data_price_hour_abs_03_amount: 8.82800
data_price_hour_rel_-10_amount: 8.71200
data_price_hour_abs_04_amount: 8.71200
data_price_hour_rel_-09_amount: 9.30000
data_price_hour_abs_05_amount: 9.30000
data_price_hour_rel_-08_amount: 11.03300
data_price_hour_abs_06_amount: 11.03300
data_price_hour_rel_-07_amount: 11.34100
data_price_hour_abs_07_amount: 11.34100
data_price_hour_rel_-06_amount: 10.68600
data_price_hour_abs_08_amount: 10.68600
data_price_hour_rel_-05_amount: 9.08200
data_price_hour_abs_09_amount: 9.08200
data_price_hour_rel_-04_amount: 7.76700
data_price_hour_abs_10_amount: 7.76700
data_price_hour_rel_-03_amount: 6.50000
data_price_hour_abs_11_amount: 6.50000
data_price_hour_rel_-02_amount: 5.91900
data_price_hour_abs_12_amount: 5.91900
data_price_hour_rel_-01_amount: 4.72600
data_price_hour_abs_13_amount: 4.72600
data_price_hour_rel_+00_amount: 4.02000
data_price_hour_abs_14_amount: 4.02000
data_price_hour_rel_+01_amount: 4.25700
data_price_hour_abs_15_amount: 4.25700
data_price_hour_rel_+02_amount: 6.50000
data_price_hour_abs_16_amount: 6.50000
data_price_hour_rel_+03_amount: 8.48700
data_price_hour_abs_17_amount: 8.48700
data_price_hour_rel_+04_amount: 10.15400
data_price_hour_abs_18_amount: 10.15400
data_price_hour_rel_+05_amount: 10.81500
data_price_hour_abs_19_amount: 10.81500
data_price_hour_rel_+06_amount: 11.97800
data_price_hour_abs_20_amount: 11.97800
data_price_hour_rel_+07_amount: 14.19900
data_price_hour_abs_21_amount: 14.19900
data_price_hour_rel_+08_amount: 12.12800
data_price_hour_abs_22_amount: 12.12800
data_price_hour_rel_+09_amount: 11.24500
data_price_hour_abs_23_amount: 11.24500