date_now: 2025-08-15 14:33:57
date_now_epoch: 1755261237965
date_now_day: 15
date_now_month: 8
date_now_year: 2025
date_start: 2025-08-15 00:00:00
date_end: 2025-08-15 23:59:59
price_low: 0.00000
price_high: 12.40100
price_median: 9.49300
price_average: 7.36142
price_current: 0.00000
price_unit: Cent/kWh
price_threshold_00: 0.00000
price_threshold_01: 0.00000
price_threshold_02: 0.00800
price_threshold_03: 0.17200
price_threshold_04: 0.30000
price_threshold_05: 2.76600
price_threshold_06: 4.39000
price_threshold_07: 7.79600
price_threshold_08: 8.34700
price_threshold_09: 9.03300
price_threshold_10: 9.20000
price_threshold_11: 9.39000
price_threshold_12: 9.59600
price_threshold_13: 9.66000
price_threshold_14: 9.69100
price_threshold_15: 9.89700
price_threshold_16: 9.95900
price_threshold_17: 10.13100
price_threshold_18: 10.16600
price_threshold_19: 10.58900
price_threshold_20: 10.59400
price_threshold_21: 11.15000
price_threshold_22: 11.43800
price_threshold_23: 12.40100
data_price_hour_rel_-14_amount: 9.95900
data_price_hour_abs_00_amount: 9.95900
data_price_hour_rel_-13_amount: 9.89700
data_price_hour_abs_01_amount: 9.89700
data_price_hour_rel_-12_amount: 9.39000
data_price_hour_abs_02_amount: 9.39000
data_price_hour_rel_-11_amount: 9.03300
data_price_hour_abs_03_amount: 9.03300
data_price_hour_rel_-10_amount: 9.20000
data_price_hour_abs_04_amount: 9.20000
data_price_hour_rel_-09_amount: 9.69100
data_price_hour_abs_05_amount: 9.69100
data_price_hour_rel_-08_amount: 10.16600
data_price_hour_abs_06_amount: 10.16600
data_price_hour_rel_-07_amount: 10.13100
data_price_hour_abs_07_amount: 10.13100
data_price_hour_rel_-06_amount: 9.66000
data_price_hour_abs_08_amount: 9.66000
data_price_hour_rel_-05_amount: 8.34700
data_price_hour_abs_09_amount: 8.34700
data_price_hour_rel_-04_amount: 4.39000
data_price_hour_abs_10_amount: 4.39000
data_price_hour_rel_-03_amount: 0.30000
data_price_hour_abs_11_amount: 0.30000
data_price_hour_rel_-02_amount: 0.00800
data_price_hour_abs_12_amount: 0.00800
data_price_hour_rel_-01_amount: 0.00000
data_price_hour_abs_13_amount: 0.00000
data_price_hour_rel_+00_amount: 0.00000
data_price_hour_abs_14_amount: 0.00000
data_price_hour_rel_+01_amount: 0.17200
data_price_hour_abs_15_amount: 0.17200
data_price_hour_rel_+02_amount: 2.76600
data_price_hour_abs_16_amount: 2.76600
data_price_hour_rel_+03_amount: 7.79600
data_price_hour_abs_17_amount: 7.79600
data_price_hour_rel_+04_amount: 10.58900
data_price_hour_abs_18_amount: 10.58900
data_price_hour_rel_+05_amount: 11.43800
data_price_hour_abs_19_amount: 11.43800
data_price_hour_rel_+06_amount: 12.40100
data_price_hour_abs_20_amount: 12.40100
data_price_hour_rel_+07_amount: 11.15000
data_price_hour_abs_21_amount: 11.15000
data_price_hour_rel_+08_amount: 10.59400
data_price_hour_abs_22_amount: 10.59400
data_price_hour_rel_+09_amount: 9.59600
data_price_hour_abs_23_amount: 9.59600