date_now: 2025-08-30 14:29:25
date_now_epoch: 1756556965674
date_now_day: 30
date_now_month: 8
date_now_year: 2025
date_start: 2025-08-30 00:00:00
date_end: 2025-08-30 23:59:59
price_low: -0.03800
price_high: 12.99800
price_median: 8.49750
price_average: 7.01992
price_current: -0.00100
price_unit: Cent/kWh
price_threshold_00: -0.03800
price_threshold_01: -0.00100
price_threshold_02: -0.00100
price_threshold_03: 0.00000
price_threshold_04: 0.52300
price_threshold_05: 0.94800
price_threshold_06: 3.64600
price_threshold_07: 7.86000
price_threshold_08: 8.11000
price_threshold_09: 8.15100
price_threshold_10: 8.33000
price_threshold_11: 8.33900
price_threshold_12: 8.65600
price_threshold_13: 8.77200
price_threshold_14: 8.96400
price_threshold_15: 9.03000
price_threshold_16: 9.25000
price_threshold_17: 9.50200
price_threshold_18: 9.80900
price_threshold_19: 10.39000
price_threshold_20: 10.49400
price_threshold_21: 12.03900
price_threshold_22: 12.70700
price_threshold_23: 12.99800
data_price_hour_rel_-14_amount: 9.25000
data_price_hour_abs_00_amount: 9.25000
data_price_hour_rel_-13_amount: 8.65600
data_price_hour_abs_01_amount: 8.65600
data_price_hour_rel_-12_amount: 8.33000
data_price_hour_abs_02_amount: 8.33000
data_price_hour_rel_-11_amount: 8.15100
data_price_hour_abs_03_amount: 8.15100
data_price_hour_rel_-10_amount: 8.33900
data_price_hour_abs_04_amount: 8.33900
data_price_hour_rel_-09_amount: 8.77200
data_price_hour_abs_05_amount: 8.77200
data_price_hour_rel_-08_amount: 9.50200
data_price_hour_abs_06_amount: 9.50200
data_price_hour_rel_-07_amount: 9.80900
data_price_hour_abs_07_amount: 9.80900
data_price_hour_rel_-06_amount: 8.96400
data_price_hour_abs_08_amount: 8.96400
data_price_hour_rel_-05_amount: 7.86000
data_price_hour_abs_09_amount: 7.86000
data_price_hour_rel_-04_amount: 3.64600
data_price_hour_abs_10_amount: 3.64600
data_price_hour_rel_-03_amount: 0.52300
data_price_hour_abs_11_amount: 0.52300
data_price_hour_rel_-02_amount: 0.00000
data_price_hour_abs_12_amount: 0.00000
data_price_hour_rel_-01_amount: -0.00100
data_price_hour_abs_13_amount: -0.00100
data_price_hour_rel_+00_amount: -0.00100
data_price_hour_abs_14_amount: -0.00100
data_price_hour_rel_+01_amount: -0.03800
data_price_hour_abs_15_amount: -0.03800
data_price_hour_rel_+02_amount: 0.94800
data_price_hour_abs_16_amount: 0.94800
data_price_hour_rel_+03_amount: 8.11000
data_price_hour_abs_17_amount: 8.11000
data_price_hour_rel_+04_amount: 10.39000
data_price_hour_abs_18_amount: 10.39000
data_price_hour_rel_+05_amount: 12.70700
data_price_hour_abs_19_amount: 12.70700
data_price_hour_rel_+06_amount: 12.99800
data_price_hour_abs_20_amount: 12.99800
data_price_hour_rel_+07_amount: 12.03900
data_price_hour_abs_21_amount: 12.03900
data_price_hour_rel_+08_amount: 10.49400
data_price_hour_abs_22_amount: 10.49400
data_price_hour_rel_+09_amount: 9.03000
data_price_hour_abs_23_amount: 9.03000