date_now: 2025-08-31 14:29:51
date_now_epoch: 1756643391880
date_now_day: 31
date_now_month: 8
date_now_year: 2025
date_start: 2025-08-31 00:00:00
date_end: 2025-08-31 23:59:59
price_low: -0.10000
price_high: 13.51000
price_median: 6.47800
price_average: 5.76225
price_current: -0.06100
price_unit: Cent/kWh
price_threshold_00: -0.10000
price_threshold_01: -0.06100
price_threshold_02: -0.01100
price_threshold_03: -0.00200
price_threshold_04: -0.00100
price_threshold_05: 0.00000
price_threshold_06: 0.52000
price_threshold_07: 2.23000
price_threshold_08: 2.54700
price_threshold_09: 6.21300
price_threshold_10: 6.37900
price_threshold_11: 6.45600
price_threshold_12: 6.50000
price_threshold_13: 6.70200
price_threshold_14: 7.05300
price_threshold_15: 7.89100
price_threshold_16: 7.97400
price_threshold_17: 8.87400
price_threshold_18: 8.97600
price_threshold_19: 10.26300
price_threshold_20: 11.41500
price_threshold_21: 11.75900
price_threshold_22: 13.20700
price_threshold_23: 13.51000
data_price_hour_rel_-14_amount: 8.87400
data_price_hour_abs_00_amount: 8.87400
data_price_hour_rel_-13_amount: 7.89100
data_price_hour_abs_01_amount: 7.89100
data_price_hour_rel_-12_amount: 7.05300
data_price_hour_abs_02_amount: 7.05300
data_price_hour_rel_-11_amount: 6.70200
data_price_hour_abs_03_amount: 6.70200
data_price_hour_rel_-10_amount: 6.37900
data_price_hour_abs_04_amount: 6.37900
data_price_hour_rel_-09_amount: 6.45600
data_price_hour_abs_05_amount: 6.45600
data_price_hour_rel_-08_amount: 6.50000
data_price_hour_abs_06_amount: 6.50000
data_price_hour_rel_-07_amount: 6.21300
data_price_hour_abs_07_amount: 6.21300
data_price_hour_rel_-06_amount: 2.23000
data_price_hour_abs_08_amount: 2.23000
data_price_hour_rel_-05_amount: 0.52000
data_price_hour_abs_09_amount: 0.52000
data_price_hour_rel_-04_amount: -0.00100
data_price_hour_abs_10_amount: -0.00100
data_price_hour_rel_-03_amount: -0.00200
data_price_hour_abs_11_amount: -0.00200
data_price_hour_rel_-02_amount: -0.01100
data_price_hour_abs_12_amount: -0.01100
data_price_hour_rel_-01_amount: -0.10000
data_price_hour_abs_13_amount: -0.10000
data_price_hour_rel_+00_amount: -0.06100
data_price_hour_abs_14_amount: -0.06100
data_price_hour_rel_+01_amount: 0.00000
data_price_hour_abs_15_amount: 0.00000
data_price_hour_rel_+02_amount: 2.54700
data_price_hour_abs_16_amount: 2.54700
data_price_hour_rel_+03_amount: 7.97400
data_price_hour_abs_17_amount: 7.97400
data_price_hour_rel_+04_amount: 11.75900
data_price_hour_abs_18_amount: 11.75900
data_price_hour_rel_+05_amount: 13.51000
data_price_hour_abs_19_amount: 13.51000
data_price_hour_rel_+06_amount: 13.20700
data_price_hour_abs_20_amount: 13.20700
data_price_hour_rel_+07_amount: 11.41500
data_price_hour_abs_21_amount: 11.41500
data_price_hour_rel_+08_amount: 10.26300
data_price_hour_abs_22_amount: 10.26300
data_price_hour_rel_+09_amount: 8.97600
data_price_hour_abs_23_amount: 8.97600