date_now: 2025-11-13 13:36:57
date_now_epoch: 1763037417426
date_now_day: 13
date_now_month: 11
date_now_year: 2025
date_start: 2025-11-13 00:00:00
date_end: 2025-11-13 23:59:59
price_low: 0.60000
price_high: 13.18000
price_median: 6.33250
price_average: 6.98471
price_current: 6.05700
price_unit: Cent/kWh
price_threshold_00: 0.60000
price_threshold_01: 0.77800
price_threshold_02: 1.11900
price_threshold_03: 1.89700
price_threshold_04: 2.59700
price_threshold_05: 3.29200
price_threshold_06: 4.29600
price_threshold_07: 4.80900
price_threshold_08: 5.03200
price_threshold_09: 5.08900
price_threshold_10: 5.36100
price_threshold_11: 6.05700
price_threshold_12: 6.60800
price_threshold_13: 7.68500
price_threshold_14: 7.73400
price_threshold_15: 10.16700
price_threshold_16: 10.27700
price_threshold_17: 11.05900
price_threshold_18: 11.15100
price_threshold_19: 11.18500
price_threshold_20: 11.66100
price_threshold_21: 12.98900
price_threshold_22: 13.01000
price_threshold_23: 13.18000
data_price_hour_rel_-13_amount: 3.29200
data_price_hour_abs_00_amount: 3.29200
data_price_hour_rel_-12_amount: 1.89700
data_price_hour_abs_01_amount: 1.89700
data_price_hour_rel_-11_amount: 1.11900
data_price_hour_abs_02_amount: 1.11900
data_price_hour_rel_-10_amount: 0.77800
data_price_hour_abs_03_amount: 0.77800
data_price_hour_rel_-09_amount: 0.60000
data_price_hour_abs_04_amount: 0.60000
data_price_hour_rel_-08_amount: 2.59700
data_price_hour_abs_05_amount: 2.59700
data_price_hour_rel_-07_amount: 5.08900
data_price_hour_abs_06_amount: 5.08900
data_price_hour_rel_-06_amount: 7.68500
data_price_hour_abs_07_amount: 7.68500
data_price_hour_rel_-05_amount: 6.60800
data_price_hour_abs_08_amount: 6.60800
data_price_hour_rel_-04_amount: 5.36100
data_price_hour_abs_09_amount: 5.36100
data_price_hour_rel_-03_amount: 5.03200
data_price_hour_abs_10_amount: 5.03200
data_price_hour_rel_-02_amount: 4.29600
data_price_hour_abs_11_amount: 4.29600
data_price_hour_rel_-01_amount: 4.80900
data_price_hour_abs_12_amount: 4.80900
data_price_hour_rel_+00_amount: 6.05700
data_price_hour_abs_13_amount: 6.05700
data_price_hour_rel_+01_amount: 7.73400
data_price_hour_abs_14_amount: 7.73400
data_price_hour_rel_+02_amount: 10.16700
data_price_hour_abs_15_amount: 10.16700
data_price_hour_rel_+03_amount: 11.15100
data_price_hour_abs_16_amount: 11.15100
data_price_hour_rel_+04_amount: 13.01000
data_price_hour_abs_17_amount: 13.01000
data_price_hour_rel_+05_amount: 13.18000
data_price_hour_abs_18_amount: 13.18000
data_price_hour_rel_+06_amount: 12.98900
data_price_hour_abs_19_amount: 12.98900
data_price_hour_rel_+07_amount: 11.18500
data_price_hour_abs_20_amount: 11.18500
data_price_hour_rel_+08_amount: 11.66100
data_price_hour_abs_21_amount: 11.66100
data_price_hour_rel_+09_amount: 11.05900
data_price_hour_abs_22_amount: 11.05900
data_price_hour_rel_+10_amount: 10.27700
data_price_hour_abs_23_amount: 10.27700