date_now: 2025-08-19 14:34:11
date_now_epoch: 1755606851211
date_now_day: 19
date_now_month: 8
date_now_year: 2025
date_start: 2025-08-19 00:00:00
date_end: 2025-08-19 23:59:59
price_low: 0.89700
price_high: 12.86200
price_median: 9.31500
price_average: 8.23871
price_current: 1.52600
price_unit: Cent/kWh
price_threshold_00: 0.89700
price_threshold_01: 1.52600
price_threshold_02: 2.28500
price_threshold_03: 3.08900
price_threshold_04: 4.32300
price_threshold_05: 6.06000
price_threshold_06: 6.96400
price_threshold_07: 8.63700
price_threshold_08: 8.82000
price_threshold_09: 8.85700
price_threshold_10: 9.00900
price_threshold_11: 9.14800
price_threshold_12: 9.48200
price_threshold_13: 9.72000
price_threshold_14: 9.80500
price_threshold_15: 10.10100
price_threshold_16: 10.19100
price_threshold_17: 10.25000
price_threshold_18: 10.44100
price_threshold_19: 10.99500
price_threshold_20: 11.10600
price_threshold_21: 11.11000
price_threshold_22: 12.05100
price_threshold_23: 12.86200
data_price_hour_rel_-14_amount: 10.10100
data_price_hour_abs_00_amount: 10.10100
data_price_hour_rel_-13_amount: 9.48200
data_price_hour_abs_01_amount: 9.48200
data_price_hour_rel_-12_amount: 8.82000
data_price_hour_abs_02_amount: 8.82000
data_price_hour_rel_-11_amount: 8.63700
data_price_hour_abs_03_amount: 8.63700
data_price_hour_rel_-10_amount: 9.00900
data_price_hour_abs_04_amount: 9.00900
data_price_hour_rel_-09_amount: 10.25000
data_price_hour_abs_05_amount: 10.25000
data_price_hour_rel_-08_amount: 11.11000
data_price_hour_abs_06_amount: 11.11000
data_price_hour_rel_-07_amount: 10.99500
data_price_hour_abs_07_amount: 10.99500
data_price_hour_rel_-06_amount: 9.80500
data_price_hour_abs_08_amount: 9.80500
data_price_hour_rel_-05_amount: 8.85700
data_price_hour_abs_09_amount: 8.85700
data_price_hour_rel_-04_amount: 6.96400
data_price_hour_abs_10_amount: 6.96400
data_price_hour_rel_-03_amount: 4.32300
data_price_hour_abs_11_amount: 4.32300
data_price_hour_rel_-02_amount: 2.28500
data_price_hour_abs_12_amount: 2.28500
data_price_hour_rel_-01_amount: 0.89700
data_price_hour_abs_13_amount: 0.89700
data_price_hour_rel_+00_amount: 1.52600
data_price_hour_abs_14_amount: 1.52600
data_price_hour_rel_+01_amount: 3.08900
data_price_hour_abs_15_amount: 3.08900
data_price_hour_rel_+02_amount: 6.06000
data_price_hour_abs_16_amount: 6.06000
data_price_hour_rel_+03_amount: 9.14800
data_price_hour_abs_17_amount: 9.14800
data_price_hour_rel_+04_amount: 10.19100
data_price_hour_abs_18_amount: 10.19100
data_price_hour_rel_+05_amount: 12.05100
data_price_hour_abs_19_amount: 12.05100
data_price_hour_rel_+06_amount: 12.86200
data_price_hour_abs_20_amount: 12.86200
data_price_hour_rel_+07_amount: 11.10600
data_price_hour_abs_21_amount: 11.10600
data_price_hour_rel_+08_amount: 10.44100
data_price_hour_abs_22_amount: 10.44100
data_price_hour_rel_+09_amount: 9.72000
data_price_hour_abs_23_amount: 9.72000