date_now: 2025-08-07 14:38:32
date_now_epoch: 1754570312008
date_now_day: 7
date_now_month: 8
date_now_year: 2025
date_start: 2025-08-07 00:00:00
date_end: 2025-08-07 23:59:59
price_low: -0.19900
price_high: 14.19400
price_median: 9.21450
price_average: 7.17921
price_current: -0.02900
price_unit: Cent/kWh
price_threshold_00: -0.19900
price_threshold_01: -0.02900
price_threshold_02: -0.01200
price_threshold_03: -0.00100
price_threshold_04: 0.00000
price_threshold_05: 0.20000
price_threshold_06: 2.22300
price_threshold_07: 6.55900
price_threshold_08: 7.76300
price_threshold_09: 8.87900
price_threshold_10: 8.89300
price_threshold_11: 9.14400
price_threshold_12: 9.28500
price_threshold_13: 9.42300
price_threshold_14: 9.70400
price_threshold_15: 9.75800
price_threshold_16: 10.04800
price_threshold_17: 10.12800
price_threshold_18: 10.65000
price_threshold_19: 10.74600
price_threshold_20: 11.00000
price_threshold_21: 11.19500
price_threshold_22: 12.75000
price_threshold_23: 14.19400
data_price_hour_rel_-14_amount: 9.75800
data_price_hour_abs_00_amount: 9.75800
data_price_hour_rel_-13_amount: 9.70400
data_price_hour_abs_01_amount: 9.70400
data_price_hour_rel_-12_amount: 9.14400
data_price_hour_abs_02_amount: 9.14400
data_price_hour_rel_-11_amount: 8.87900
data_price_hour_abs_03_amount: 8.87900
data_price_hour_rel_-10_amount: 8.89300
data_price_hour_abs_04_amount: 8.89300
data_price_hour_rel_-09_amount: 9.28500
data_price_hour_abs_05_amount: 9.28500
data_price_hour_rel_-08_amount: 10.74600
data_price_hour_abs_06_amount: 10.74600
data_price_hour_rel_-07_amount: 10.65000
data_price_hour_abs_07_amount: 10.65000
data_price_hour_rel_-06_amount: 10.04800
data_price_hour_abs_08_amount: 10.04800
data_price_hour_rel_-05_amount: 7.76300
data_price_hour_abs_09_amount: 7.76300
data_price_hour_rel_-04_amount: 2.22300
data_price_hour_abs_10_amount: 2.22300
data_price_hour_rel_-03_amount: 0.00000
data_price_hour_abs_11_amount: 0.00000
data_price_hour_rel_-02_amount: -0.01200
data_price_hour_abs_12_amount: -0.01200
data_price_hour_rel_-01_amount: -0.19900
data_price_hour_abs_13_amount: -0.19900
data_price_hour_rel_+00_amount: -0.02900
data_price_hour_abs_14_amount: -0.02900
data_price_hour_rel_+01_amount: -0.00100
data_price_hour_abs_15_amount: -0.00100
data_price_hour_rel_+02_amount: 0.20000
data_price_hour_abs_16_amount: 0.20000
data_price_hour_rel_+03_amount: 6.55900
data_price_hour_abs_17_amount: 6.55900
data_price_hour_rel_+04_amount: 9.42300
data_price_hour_abs_18_amount: 9.42300
data_price_hour_rel_+05_amount: 11.19500
data_price_hour_abs_19_amount: 11.19500
data_price_hour_rel_+06_amount: 14.19400
data_price_hour_abs_20_amount: 14.19400
data_price_hour_rel_+07_amount: 12.75000
data_price_hour_abs_21_amount: 12.75000
data_price_hour_rel_+08_amount: 11.00000
data_price_hour_abs_22_amount: 11.00000
data_price_hour_rel_+09_amount: 10.12800
data_price_hour_abs_23_amount: 10.12800