date_now: 2025-01-05 13:26:24
date_now_epoch: 1736079984122
date_now_day: 5
date_now_month: 1
date_now_year: 2025
date_start: 2025-01-05 00:00:00
date_end: 2025-01-05 23:59:59
price_low: 2.81400
price_high: 11.38400
price_median: 8.20950
price_average: 7.22375
price_current: 7.83900
price_unit: Cent/kWh
price_threshold_00: 2.81400
price_threshold_01: 3.46800
price_threshold_02: 3.68000
price_threshold_03: 3.68500
price_threshold_04: 4.99100
price_threshold_05: 5.06400
price_threshold_06: 5.12800
price_threshold_07: 6.50500
price_threshold_08: 6.63000
price_threshold_09: 6.80000
price_threshold_10: 7.83900
price_threshold_11: 8.16600
price_threshold_12: 8.25300
price_threshold_13: 8.29500
price_threshold_14: 8.35500
price_threshold_15: 8.39200
price_threshold_16: 8.40500
price_threshold_17: 8.88200
price_threshold_18: 8.91500
price_threshold_19: 8.93800
price_threshold_20: 9.36100
price_threshold_21: 9.38700
price_threshold_22: 10.03300
price_threshold_23: 11.38400
data_price_hour_rel_-13_amount: 11.38400
data_price_hour_abs_00_amount: 11.38400
data_price_hour_rel_-12_amount: 10.03300
data_price_hour_abs_01_amount: 10.03300
data_price_hour_rel_-11_amount: 9.36100
data_price_hour_abs_02_amount: 9.36100
data_price_hour_rel_-10_amount: 9.38700
data_price_hour_abs_03_amount: 9.38700
data_price_hour_rel_-09_amount: 8.93800
data_price_hour_abs_04_amount: 8.93800
data_price_hour_rel_-08_amount: 8.35500
data_price_hour_abs_05_amount: 8.35500
data_price_hour_rel_-07_amount: 8.39200
data_price_hour_abs_06_amount: 8.39200
data_price_hour_rel_-06_amount: 8.25300
data_price_hour_abs_07_amount: 8.25300
data_price_hour_rel_-05_amount: 8.40500
data_price_hour_abs_08_amount: 8.40500
data_price_hour_rel_-04_amount: 8.91500
data_price_hour_abs_09_amount: 8.91500
data_price_hour_rel_-03_amount: 8.29500
data_price_hour_abs_10_amount: 8.29500
data_price_hour_rel_-02_amount: 8.88200
data_price_hour_abs_11_amount: 8.88200
data_price_hour_rel_-01_amount: 8.16600
data_price_hour_abs_12_amount: 8.16600
data_price_hour_rel_+00_amount: 7.83900
data_price_hour_abs_13_amount: 7.83900
data_price_hour_rel_+01_amount: 6.80000
data_price_hour_abs_14_amount: 6.80000
data_price_hour_rel_+02_amount: 5.06400
data_price_hour_abs_15_amount: 5.06400
data_price_hour_rel_+03_amount: 4.99100
data_price_hour_abs_16_amount: 4.99100
data_price_hour_rel_+04_amount: 6.63000
data_price_hour_abs_17_amount: 6.63000
data_price_hour_rel_+05_amount: 6.50500
data_price_hour_abs_18_amount: 6.50500
data_price_hour_rel_+06_amount: 5.12800
data_price_hour_abs_19_amount: 5.12800
data_price_hour_rel_+07_amount: 3.68500
data_price_hour_abs_20_amount: 3.68500
data_price_hour_rel_+08_amount: 3.68000
data_price_hour_abs_21_amount: 3.68000
data_price_hour_rel_+09_amount: 3.46800
data_price_hour_abs_22_amount: 3.46800
data_price_hour_rel_+10_amount: 2.81400
data_price_hour_abs_23_amount: 2.81400