date_now: 2025-11-01 13:29:58
date_now_epoch: 1762000198130
date_now_day: 1
date_now_month: 11
date_now_year: 2025
date_start: 2025-11-01 00:00:00
date_end: 2025-11-01 23:59:59
price_low: 1.16300
price_high: 8.90600
price_median: 3.49300
price_average: 4.76325
price_current: 3.17400
price_unit: Cent/kWh
price_threshold_00: 1.16300
price_threshold_01: 1.53300
price_threshold_02: 1.57600
price_threshold_03: 1.76100
price_threshold_04: 1.83000
price_threshold_05: 1.99000
price_threshold_06: 2.10200
price_threshold_07: 2.70500
price_threshold_08: 2.82700
price_threshold_09: 2.99500
price_threshold_10: 2.99600
price_threshold_11: 3.17400
price_threshold_12: 3.81200
price_threshold_13: 5.40000
price_threshold_14: 5.47100
price_threshold_15: 5.90700
price_threshold_16: 7.65900
price_threshold_17: 7.75100
price_threshold_18: 8.29300
price_threshold_19: 8.32800
price_threshold_20: 8.62000
price_threshold_21: 8.64000
price_threshold_22: 8.87900
price_threshold_23: 8.90600
data_price_hour_rel_-13_amount: 5.47100
data_price_hour_abs_00_amount: 5.47100
data_price_hour_rel_-12_amount: 3.81200
data_price_hour_abs_01_amount: 3.81200
data_price_hour_rel_-11_amount: 2.82700
data_price_hour_abs_02_amount: 2.82700
data_price_hour_rel_-10_amount: 2.99600
data_price_hour_abs_03_amount: 2.99600
data_price_hour_rel_-09_amount: 1.99000
data_price_hour_abs_04_amount: 1.99000
data_price_hour_rel_-08_amount: 1.53300
data_price_hour_abs_05_amount: 1.53300
data_price_hour_rel_-07_amount: 1.16300
data_price_hour_abs_06_amount: 1.16300
data_price_hour_rel_-06_amount: 1.76100
data_price_hour_abs_07_amount: 1.76100
data_price_hour_rel_-05_amount: 2.99500
data_price_hour_abs_08_amount: 2.99500
data_price_hour_rel_-04_amount: 2.70500
data_price_hour_abs_09_amount: 2.70500
data_price_hour_rel_-03_amount: 1.83000
data_price_hour_abs_10_amount: 1.83000
data_price_hour_rel_-02_amount: 1.57600
data_price_hour_abs_11_amount: 1.57600
data_price_hour_rel_-01_amount: 2.10200
data_price_hour_abs_12_amount: 2.10200
data_price_hour_rel_+00_amount: 3.17400
data_price_hour_abs_13_amount: 3.17400
data_price_hour_rel_+01_amount: 5.40000
data_price_hour_abs_14_amount: 5.40000
data_price_hour_rel_+02_amount: 5.90700
data_price_hour_abs_15_amount: 5.90700
data_price_hour_rel_+03_amount: 7.65900
data_price_hour_abs_16_amount: 7.65900
data_price_hour_rel_+04_amount: 8.87900
data_price_hour_abs_17_amount: 8.87900
data_price_hour_rel_+05_amount: 8.90600
data_price_hour_abs_18_amount: 8.90600
data_price_hour_rel_+06_amount: 8.64000
data_price_hour_abs_19_amount: 8.64000
data_price_hour_rel_+07_amount: 8.62000
data_price_hour_abs_20_amount: 8.62000
data_price_hour_rel_+08_amount: 8.32800
data_price_hour_abs_21_amount: 8.32800
data_price_hour_rel_+09_amount: 8.29300
data_price_hour_abs_22_amount: 8.29300
data_price_hour_rel_+10_amount: 7.75100
data_price_hour_abs_23_amount: 7.75100