date_now: 2025-08-28 14:33:06
date_now_epoch: 1756384386234
date_now_day: 28
date_now_month: 8
date_now_year: 2025
date_start: 2025-08-28 00:00:00
date_end: 2025-08-28 23:59:59
price_low: 8.70900
price_high: 21.00000
price_median: 10.40350
price_average: 11.58917
price_current: 10.08900
price_unit: Cent/kWh
price_threshold_00: 8.70900
price_threshold_01: 8.78900
price_threshold_02: 9.02300
price_threshold_03: 9.19200
price_threshold_04: 9.21500
price_threshold_05: 9.61000
price_threshold_06: 9.71500
price_threshold_07: 9.87200
price_threshold_08: 10.06600
price_threshold_09: 10.08900
price_threshold_10: 10.08900
price_threshold_11: 10.09600
price_threshold_12: 10.71100
price_threshold_13: 10.81300
price_threshold_14: 11.22700
price_threshold_15: 12.16300
price_threshold_16: 12.18400
price_threshold_17: 12.41800
price_threshold_18: 12.98400
price_threshold_19: 14.37900
price_threshold_20: 14.39500
price_threshold_21: 15.31600
price_threshold_22: 16.08500
price_threshold_23: 21.00000
data_price_hour_rel_-14_amount: 9.71500
data_price_hour_abs_00_amount: 9.71500
data_price_hour_rel_-13_amount: 9.19200
data_price_hour_abs_01_amount: 9.19200
data_price_hour_rel_-12_amount: 8.78900
data_price_hour_abs_02_amount: 8.78900
data_price_hour_rel_-11_amount: 8.70900
data_price_hour_abs_03_amount: 8.70900
data_price_hour_rel_-10_amount: 9.02300
data_price_hour_abs_04_amount: 9.02300
data_price_hour_rel_-09_amount: 9.87200
data_price_hour_abs_05_amount: 9.87200
data_price_hour_rel_-08_amount: 12.16300
data_price_hour_abs_06_amount: 12.16300
data_price_hour_rel_-07_amount: 14.37900
data_price_hour_abs_07_amount: 14.37900
data_price_hour_rel_-06_amount: 14.39500
data_price_hour_abs_08_amount: 14.39500
data_price_hour_rel_-05_amount: 12.18400
data_price_hour_abs_09_amount: 12.18400
data_price_hour_rel_-04_amount: 11.22700
data_price_hour_abs_10_amount: 11.22700
data_price_hour_rel_-03_amount: 10.81300
data_price_hour_abs_11_amount: 10.81300
data_price_hour_rel_-02_amount: 10.08900
data_price_hour_abs_12_amount: 10.08900
data_price_hour_rel_-01_amount: 10.09600
data_price_hour_abs_13_amount: 10.09600
data_price_hour_rel_+00_amount: 10.08900
data_price_hour_abs_14_amount: 10.08900
data_price_hour_rel_+01_amount: 10.06600
data_price_hour_abs_15_amount: 10.06600
data_price_hour_rel_+02_amount: 9.61000
data_price_hour_abs_16_amount: 9.61000
data_price_hour_rel_+03_amount: 12.98400
data_price_hour_abs_17_amount: 12.98400
data_price_hour_rel_+04_amount: 16.08500
data_price_hour_abs_18_amount: 16.08500
data_price_hour_rel_+05_amount: 21.00000
data_price_hour_abs_19_amount: 21.00000
data_price_hour_rel_+06_amount: 15.31600
data_price_hour_abs_20_amount: 15.31600
data_price_hour_rel_+07_amount: 12.41800
data_price_hour_abs_21_amount: 12.41800
data_price_hour_rel_+08_amount: 10.71100
data_price_hour_abs_22_amount: 10.71100
data_price_hour_rel_+09_amount: 9.21500
data_price_hour_abs_23_amount: 9.21500