date_now: 2025-12-30 13:38:27
date_now_epoch: 1767098307087
date_now_day: 30
date_now_month: 12
date_now_year: 2025
date_start: 2025-12-30 00:00:00
date_end: 2025-12-30 23:59:59
price_low: 6.85400
price_high: 11.07200
price_median: 8.68950
price_average: 8.77617
price_current: 7.67600
price_unit: Cent/kWh
price_threshold_00: 6.85400
price_threshold_01: 6.93600
price_threshold_02: 7.18600
price_threshold_03: 7.19900
price_threshold_04: 7.32200
price_threshold_05: 7.61600
price_threshold_06: 7.67600
price_threshold_07: 7.78600
price_threshold_08: 7.93800
price_threshold_09: 8.00200
price_threshold_10: 8.58100
price_threshold_11: 8.58200
price_threshold_12: 8.79700
price_threshold_13: 8.89700
price_threshold_14: 9.20500
price_threshold_15: 9.33200
price_threshold_16: 9.43900
price_threshold_17: 9.48800
price_threshold_18: 10.10400
price_threshold_19: 10.23300
price_threshold_20: 10.56100
price_threshold_21: 10.91000
price_threshold_22: 10.91200
price_threshold_23: 11.07200
data_price_hour_rel_-13_amount: 7.78600
data_price_hour_abs_00_amount: 7.78600
data_price_hour_rel_-12_amount: 7.32200
data_price_hour_abs_01_amount: 7.32200
data_price_hour_rel_-11_amount: 7.18600
data_price_hour_abs_02_amount: 7.18600
data_price_hour_rel_-10_amount: 6.93600
data_price_hour_abs_03_amount: 6.93600
data_price_hour_rel_-09_amount: 6.85400
data_price_hour_abs_04_amount: 6.85400
data_price_hour_rel_-08_amount: 7.19900
data_price_hour_abs_05_amount: 7.19900
data_price_hour_rel_-07_amount: 8.00200
data_price_hour_abs_06_amount: 8.00200
data_price_hour_rel_-06_amount: 8.79700
data_price_hour_abs_07_amount: 8.79700
data_price_hour_rel_-05_amount: 9.48800
data_price_hour_abs_08_amount: 9.48800
data_price_hour_rel_-04_amount: 9.43900
data_price_hour_abs_09_amount: 9.43900
data_price_hour_rel_-03_amount: 8.58200
data_price_hour_abs_10_amount: 8.58200
data_price_hour_rel_-02_amount: 7.93800
data_price_hour_abs_11_amount: 7.93800
data_price_hour_rel_-01_amount: 7.61600
data_price_hour_abs_12_amount: 7.61600
data_price_hour_rel_+00_amount: 7.67600
data_price_hour_abs_13_amount: 7.67600
data_price_hour_rel_+01_amount: 8.89700
data_price_hour_abs_14_amount: 8.89700
data_price_hour_rel_+02_amount: 10.23300
data_price_hour_abs_15_amount: 10.23300
data_price_hour_rel_+03_amount: 10.91000
data_price_hour_abs_16_amount: 10.91000
data_price_hour_rel_+04_amount: 11.07200
data_price_hour_abs_17_amount: 11.07200
data_price_hour_rel_+05_amount: 10.91200
data_price_hour_abs_18_amount: 10.91200
data_price_hour_rel_+06_amount: 10.56100
data_price_hour_abs_19_amount: 10.56100
data_price_hour_rel_+07_amount: 10.10400
data_price_hour_abs_20_amount: 10.10400
data_price_hour_rel_+08_amount: 9.33200
data_price_hour_abs_21_amount: 9.33200
data_price_hour_rel_+09_amount: 9.20500
data_price_hour_abs_22_amount: 9.20500
data_price_hour_rel_+10_amount: 8.58100
data_price_hour_abs_23_amount: 8.58100