date_now: 2025-07-05 14:31:02
date_now_epoch: 1751718662946
date_now_day: 5
date_now_month: 7
date_now_year: 2025
date_start: 2025-07-05 00:00:00
date_end: 2025-07-05 23:59:59
price_low: -0.22600
price_high: 12.29600
price_median: 6.36300
price_average: 5.38567
price_current: -0.21100
price_unit: Cent/kWh
price_threshold_00: -0.22600
price_threshold_01: -0.21100
price_threshold_02: -0.20500
price_threshold_03: -0.20100
price_threshold_04: -0.10100
price_threshold_05: -0.00800
price_threshold_06: 0.00000
price_threshold_07: 0.00000
price_threshold_08: 0.33400
price_threshold_09: 1.78600
price_threshold_10: 4.12500
price_threshold_11: 4.37700
price_threshold_12: 8.34900
price_threshold_13: 8.44700
price_threshold_14: 8.50000
price_threshold_15: 9.34000
price_threshold_16: 9.45000
price_threshold_17: 9.49800
price_threshold_18: 9.65000
price_threshold_19: 10.42000
price_threshold_20: 10.82100
price_threshold_21: 11.10100
price_threshold_22: 11.71400
price_threshold_23: 12.29600
data_price_hour_rel_-14_amount: 10.42000
data_price_hour_abs_00_amount: 10.42000
data_price_hour_rel_-13_amount: 9.49800
data_price_hour_abs_01_amount: 9.49800
data_price_hour_rel_-12_amount: 9.65000
data_price_hour_abs_02_amount: 9.65000
data_price_hour_rel_-11_amount: 9.34000
data_price_hour_abs_03_amount: 9.34000
data_price_hour_rel_-10_amount: 9.45000
data_price_hour_abs_04_amount: 9.45000
data_price_hour_rel_-09_amount: 8.34900
data_price_hour_abs_05_amount: 8.34900
data_price_hour_rel_-08_amount: 8.44700
data_price_hour_abs_06_amount: 8.44700
data_price_hour_rel_-07_amount: 4.37700
data_price_hour_abs_07_amount: 4.37700
data_price_hour_rel_-06_amount: 1.78600
data_price_hour_abs_08_amount: 1.78600
data_price_hour_rel_-05_amount: 0.33400
data_price_hour_abs_09_amount: 0.33400
data_price_hour_rel_-04_amount: 0.00000
data_price_hour_abs_10_amount: 0.00000
data_price_hour_rel_-03_amount: -0.00800
data_price_hour_abs_11_amount: -0.00800
data_price_hour_rel_-02_amount: -0.10100
data_price_hour_abs_12_amount: -0.10100
data_price_hour_rel_-01_amount: -0.20500
data_price_hour_abs_13_amount: -0.20500
data_price_hour_rel_+00_amount: -0.21100
data_price_hour_abs_14_amount: -0.21100
data_price_hour_rel_+01_amount: -0.20100
data_price_hour_abs_15_amount: -0.20100
data_price_hour_rel_+02_amount: -0.22600
data_price_hour_abs_16_amount: -0.22600
data_price_hour_rel_+03_amount: 0.00000
data_price_hour_abs_17_amount: 0.00000
data_price_hour_rel_+04_amount: 4.12500
data_price_hour_abs_18_amount: 4.12500
data_price_hour_rel_+05_amount: 8.50000
data_price_hour_abs_19_amount: 8.50000
data_price_hour_rel_+06_amount: 11.10100
data_price_hour_abs_20_amount: 11.10100
data_price_hour_rel_+07_amount: 12.29600
data_price_hour_abs_21_amount: 12.29600
data_price_hour_rel_+08_amount: 11.71400
data_price_hour_abs_22_amount: 11.71400
data_price_hour_rel_+09_amount: 10.82100
data_price_hour_abs_23_amount: 10.82100