date_now: 2025-07-25 14:36:30
date_now_epoch: 1753446990865
date_now_day: 25
date_now_month: 7
date_now_year: 2025
date_start: 2025-07-25 00:00:00
date_end: 2025-07-25 23:59:59
price_low: 7.63100
price_high: 12.12100
price_median: 9.76250
price_average: 9.74283
price_current: 7.63100
price_unit: Cent/kWh
price_threshold_00: 7.63100
price_threshold_01: 7.87000
price_threshold_02: 7.92700
price_threshold_03: 8.10900
price_threshold_04: 8.30900
price_threshold_05: 8.40200
price_threshold_06: 8.51500
price_threshold_07: 9.04500
price_threshold_08: 9.29400
price_threshold_09: 9.40800
price_threshold_10: 9.69700
price_threshold_11: 9.70500
price_threshold_12: 9.82000
price_threshold_13: 9.82000
price_threshold_14: 10.18100
price_threshold_15: 10.36700
price_threshold_16: 10.88700
price_threshold_17: 10.92800
price_threshold_18: 11.02500
price_threshold_19: 11.08500
price_threshold_20: 11.12700
price_threshold_21: 11.26000
price_threshold_22: 11.29500
price_threshold_23: 12.12100
data_price_hour_rel_-14_amount: 11.12700
data_price_hour_abs_00_amount: 11.12700
data_price_hour_rel_-13_amount: 10.36700
data_price_hour_abs_01_amount: 10.36700
data_price_hour_rel_-12_amount: 9.70500
data_price_hour_abs_02_amount: 9.70500
data_price_hour_rel_-11_amount: 9.29400
data_price_hour_abs_03_amount: 9.29400
data_price_hour_rel_-10_amount: 9.69700
data_price_hour_abs_04_amount: 9.69700
data_price_hour_rel_-09_amount: 9.82000
data_price_hour_abs_05_amount: 9.82000
data_price_hour_rel_-08_amount: 10.88700
data_price_hour_abs_06_amount: 10.88700
data_price_hour_rel_-07_amount: 11.29500
data_price_hour_abs_07_amount: 11.29500
data_price_hour_rel_-06_amount: 11.08500
data_price_hour_abs_08_amount: 11.08500
data_price_hour_rel_-05_amount: 9.82000
data_price_hour_abs_09_amount: 9.82000
data_price_hour_rel_-04_amount: 9.40800
data_price_hour_abs_10_amount: 9.40800
data_price_hour_rel_-03_amount: 8.51500
data_price_hour_abs_11_amount: 8.51500
data_price_hour_rel_-02_amount: 8.30900
data_price_hour_abs_12_amount: 8.30900
data_price_hour_rel_-01_amount: 7.87000
data_price_hour_abs_13_amount: 7.87000
data_price_hour_rel_+00_amount: 7.63100
data_price_hour_abs_14_amount: 7.63100
data_price_hour_rel_+01_amount: 7.92700
data_price_hour_abs_15_amount: 7.92700
data_price_hour_rel_+02_amount: 8.10900
data_price_hour_abs_16_amount: 8.10900
data_price_hour_rel_+03_amount: 8.40200
data_price_hour_abs_17_amount: 8.40200
data_price_hour_rel_+04_amount: 9.04500
data_price_hour_abs_18_amount: 9.04500
data_price_hour_rel_+05_amount: 10.18100
data_price_hour_abs_19_amount: 10.18100
data_price_hour_rel_+06_amount: 10.92800
data_price_hour_abs_20_amount: 10.92800
data_price_hour_rel_+07_amount: 12.12100
data_price_hour_abs_21_amount: 12.12100
data_price_hour_rel_+08_amount: 11.26000
data_price_hour_abs_22_amount: 11.26000
data_price_hour_rel_+09_amount: 11.02500
data_price_hour_abs_23_amount: 11.02500