date_now: 2025-02-22 13:25:14
date_now_epoch: 1740227114518
date_now_day: 22
date_now_month: 2
date_now_year: 2025
date_start: 2025-02-22 00:00:00
date_end: 2025-02-22 23:59:59
price_low: 4.04000
price_high: 11.51800
price_median: 6.44800
price_average: 7.03225
price_current: 5.26900
price_unit: Cent/kWh
price_threshold_00: 4.04000
price_threshold_01: 4.12000
price_threshold_02: 4.26200
price_threshold_03: 4.71300
price_threshold_04: 4.79600
price_threshold_05: 4.86200
price_threshold_06: 4.91100
price_threshold_07: 4.91500
price_threshold_08: 5.09900
price_threshold_09: 5.26900
price_threshold_10: 5.32100
price_threshold_11: 6.12200
price_threshold_12: 6.77400
price_threshold_13: 6.80000
price_threshold_14: 6.82500
price_threshold_15: 8.35100
price_threshold_16: 8.56000
price_threshold_17: 9.42700
price_threshold_18: 10.09500
price_threshold_19: 10.15800
price_threshold_20: 10.30000
price_threshold_21: 10.69800
price_threshold_22: 10.83800
price_threshold_23: 11.51800
data_price_hour_rel_-13_amount: 5.09900
data_price_hour_abs_00_amount: 5.09900
data_price_hour_rel_-12_amount: 4.86200
data_price_hour_abs_01_amount: 4.86200
data_price_hour_rel_-11_amount: 4.79600
data_price_hour_abs_02_amount: 4.79600
data_price_hour_rel_-10_amount: 4.26200
data_price_hour_abs_03_amount: 4.26200
data_price_hour_rel_-09_amount: 4.12000
data_price_hour_abs_04_amount: 4.12000
data_price_hour_rel_-08_amount: 4.91500
data_price_hour_abs_05_amount: 4.91500
data_price_hour_rel_-07_amount: 4.91100
data_price_hour_abs_06_amount: 4.91100
data_price_hour_rel_-06_amount: 6.12200
data_price_hour_abs_07_amount: 6.12200
data_price_hour_rel_-05_amount: 6.82500
data_price_hour_abs_08_amount: 6.82500
data_price_hour_rel_-04_amount: 6.77400
data_price_hour_abs_09_amount: 6.77400
data_price_hour_rel_-03_amount: 5.32100
data_price_hour_abs_10_amount: 5.32100
data_price_hour_rel_-02_amount: 4.71300
data_price_hour_abs_11_amount: 4.71300
data_price_hour_rel_-01_amount: 4.04000
data_price_hour_abs_12_amount: 4.04000
data_price_hour_rel_+00_amount: 5.26900
data_price_hour_abs_13_amount: 5.26900
data_price_hour_rel_+01_amount: 6.80000
data_price_hour_abs_14_amount: 6.80000
data_price_hour_rel_+02_amount: 8.56000
data_price_hour_abs_15_amount: 8.56000
data_price_hour_rel_+03_amount: 10.09500
data_price_hour_abs_16_amount: 10.09500
data_price_hour_rel_+04_amount: 10.83800
data_price_hour_abs_17_amount: 10.83800
data_price_hour_rel_+05_amount: 10.69800
data_price_hour_abs_18_amount: 10.69800
data_price_hour_rel_+06_amount: 11.51800
data_price_hour_abs_19_amount: 11.51800
data_price_hour_rel_+07_amount: 10.30000
data_price_hour_abs_20_amount: 10.30000
data_price_hour_rel_+08_amount: 10.15800
data_price_hour_abs_21_amount: 10.15800
data_price_hour_rel_+09_amount: 9.42700
data_price_hour_abs_22_amount: 9.42700
data_price_hour_rel_+10_amount: 8.35100
data_price_hour_abs_23_amount: 8.35100