date_now: 2025-07-13 14:32:38
date_now_epoch: 1752409958320
date_now_day: 13
date_now_month: 7
date_now_year: 2025
date_start: 2025-07-13 00:00:00
date_end: 2025-07-13 23:59:59
price_low: 0.00000
price_high: 12.77000
price_median: 9.82050
price_average: 7.34908
price_current: 0.00000
price_unit: Cent/kWh
price_threshold_00: 0.00000
price_threshold_01: 0.00000
price_threshold_02: 0.00000
price_threshold_03: 0.00000
price_threshold_04: 0.00500
price_threshold_05: 0.23600
price_threshold_06: 0.42800
price_threshold_07: 5.76200
price_threshold_08: 7.34000
price_threshold_09: 8.79400
price_threshold_10: 9.21800
price_threshold_11: 9.58000
price_threshold_12: 10.06100
price_threshold_13: 10.08500
price_threshold_14: 10.46400
price_threshold_15: 10.73500
price_threshold_16: 10.84200
price_threshold_17: 10.91400
price_threshold_18: 11.37400
price_threshold_19: 11.53500
price_threshold_20: 11.54100
price_threshold_21: 12.00000
price_threshold_22: 12.69400
price_threshold_23: 12.77000
data_price_hour_rel_-14_amount: 11.53500
data_price_hour_abs_00_amount: 11.53500
data_price_hour_rel_-13_amount: 10.91400
data_price_hour_abs_01_amount: 10.91400
data_price_hour_rel_-12_amount: 10.84200
data_price_hour_abs_02_amount: 10.84200
data_price_hour_rel_-11_amount: 10.73500
data_price_hour_abs_03_amount: 10.73500
data_price_hour_rel_-10_amount: 10.46400
data_price_hour_abs_04_amount: 10.46400
data_price_hour_rel_-09_amount: 10.08500
data_price_hour_abs_05_amount: 10.08500
data_price_hour_rel_-08_amount: 9.58000
data_price_hour_abs_06_amount: 9.58000
data_price_hour_rel_-07_amount: 9.21800
data_price_hour_abs_07_amount: 9.21800
data_price_hour_rel_-06_amount: 8.79400
data_price_hour_abs_08_amount: 8.79400
data_price_hour_rel_-05_amount: 5.76200
data_price_hour_abs_09_amount: 5.76200
data_price_hour_rel_-04_amount: 0.42800
data_price_hour_abs_10_amount: 0.42800
data_price_hour_rel_-03_amount: 0.00500
data_price_hour_abs_11_amount: 0.00500
data_price_hour_rel_-02_amount: 0.00000
data_price_hour_abs_12_amount: 0.00000
data_price_hour_rel_-01_amount: 0.00000
data_price_hour_abs_13_amount: 0.00000
data_price_hour_rel_+00_amount: 0.00000
data_price_hour_abs_14_amount: 0.00000
data_price_hour_rel_+01_amount: 0.00000
data_price_hour_abs_15_amount: 0.00000
data_price_hour_rel_+02_amount: 0.23600
data_price_hour_abs_16_amount: 0.23600
data_price_hour_rel_+03_amount: 7.34000
data_price_hour_abs_17_amount: 7.34000
data_price_hour_rel_+04_amount: 10.06100
data_price_hour_abs_18_amount: 10.06100
data_price_hour_rel_+05_amount: 11.37400
data_price_hour_abs_19_amount: 11.37400
data_price_hour_rel_+06_amount: 12.00000
data_price_hour_abs_20_amount: 12.00000
data_price_hour_rel_+07_amount: 12.77000
data_price_hour_abs_21_amount: 12.77000
data_price_hour_rel_+08_amount: 12.69400
data_price_hour_abs_22_amount: 12.69400
data_price_hour_rel_+09_amount: 11.54100
data_price_hour_abs_23_amount: 11.54100