date_now: 2025-09-01 14:34:00
date_now_epoch: 1756730040465
date_now_day: 1
date_now_month: 9
date_now_year: 2025
date_start: 2025-09-01 00:00:00
date_end: 2025-09-01 23:59:59
price_low: 2.50300
price_high: 25.06500
price_median: 8.86250
price_average: 10.14613
price_current: 4.27300
price_unit: Cent/kWh
price_threshold_00: 2.50300
price_threshold_01: 3.82700
price_threshold_02: 4.27300
price_threshold_03: 6.77600
price_threshold_04: 6.94000
price_threshold_05: 8.00300
price_threshold_06: 8.09700
price_threshold_07: 8.13700
price_threshold_08: 8.14300
price_threshold_09: 8.20000
price_threshold_10: 8.40800
price_threshold_11: 8.46700
price_threshold_12: 9.25800
price_threshold_13: 9.81900
price_threshold_14: 10.05300
price_threshold_15: 10.97000
price_threshold_16: 11.24000
price_threshold_17: 11.61000
price_threshold_18: 12.04300
price_threshold_19: 12.52000
price_threshold_20: 12.56700
price_threshold_21: 15.53200
price_threshold_22: 21.05600
price_threshold_23: 25.06500
data_price_hour_rel_-14_amount: 8.40800
data_price_hour_abs_00_amount: 8.40800
data_price_hour_rel_-13_amount: 8.14300
data_price_hour_abs_01_amount: 8.14300
data_price_hour_rel_-12_amount: 8.09700
data_price_hour_abs_02_amount: 8.09700
data_price_hour_rel_-11_amount: 8.00300
data_price_hour_abs_03_amount: 8.00300
data_price_hour_rel_-10_amount: 8.13700
data_price_hour_abs_04_amount: 8.13700
data_price_hour_rel_-09_amount: 9.25800
data_price_hour_abs_05_amount: 9.25800
data_price_hour_rel_-08_amount: 12.04300
data_price_hour_abs_06_amount: 12.04300
data_price_hour_rel_-07_amount: 12.56700
data_price_hour_abs_07_amount: 12.56700
data_price_hour_rel_-06_amount: 11.61000
data_price_hour_abs_08_amount: 11.61000
data_price_hour_rel_-05_amount: 9.81900
data_price_hour_abs_09_amount: 9.81900
data_price_hour_rel_-04_amount: 8.20000
data_price_hour_abs_10_amount: 8.20000
data_price_hour_rel_-03_amount: 6.94000
data_price_hour_abs_11_amount: 6.94000
data_price_hour_rel_-02_amount: 3.82700
data_price_hour_abs_12_amount: 3.82700
data_price_hour_rel_-01_amount: 2.50300
data_price_hour_abs_13_amount: 2.50300
data_price_hour_rel_+00_amount: 4.27300
data_price_hour_abs_14_amount: 4.27300
data_price_hour_rel_+01_amount: 6.77600
data_price_hour_abs_15_amount: 6.77600
data_price_hour_rel_+02_amount: 8.46700
data_price_hour_abs_16_amount: 8.46700
data_price_hour_rel_+03_amount: 10.97000
data_price_hour_abs_17_amount: 10.97000
data_price_hour_rel_+04_amount: 15.53200
data_price_hour_abs_18_amount: 15.53200
data_price_hour_rel_+05_amount: 25.06500
data_price_hour_abs_19_amount: 25.06500
data_price_hour_rel_+06_amount: 21.05600
data_price_hour_abs_20_amount: 21.05600
data_price_hour_rel_+07_amount: 12.52000
data_price_hour_abs_21_amount: 12.52000
data_price_hour_rel_+08_amount: 11.24000
data_price_hour_abs_22_amount: 11.24000
data_price_hour_rel_+09_amount: 10.05300
data_price_hour_abs_23_amount: 10.05300