date_now: 2025-03-15 13:27:08
date_now_epoch: 1742041628180
date_now_day: 15
date_now_month: 3
date_now_year: 2025
date_start: 2025-03-15 00:00:00
date_end: 2025-03-15 23:59:59
price_low: 4.80000
price_high: 13.29600
price_median: 9.56250
price_average: 9.29192
price_current: 4.80000
price_unit: Cent/kWh
price_threshold_00: 4.80000
price_threshold_01: 5.45100
price_threshold_02: 5.73200
price_threshold_03: 6.71600
price_threshold_04: 7.08000
price_threshold_05: 7.23900
price_threshold_06: 8.42400
price_threshold_07: 8.64000
price_threshold_08: 8.69000
price_threshold_09: 8.99000
price_threshold_10: 9.05500
price_threshold_11: 9.52500
price_threshold_12: 9.60000
price_threshold_13: 9.70100
price_threshold_14: 9.87700
price_threshold_15: 9.94200
price_threshold_16: 10.31400
price_threshold_17: 10.50200
price_threshold_18: 10.85000
price_threshold_19: 11.21500
price_threshold_20: 12.14600
price_threshold_21: 12.19100
price_threshold_22: 13.03000
price_threshold_23: 13.29600
data_price_hour_rel_-13_amount: 11.21500
data_price_hour_abs_00_amount: 11.21500
data_price_hour_rel_-12_amount: 10.31400
data_price_hour_abs_01_amount: 10.31400
data_price_hour_rel_-11_amount: 9.60000
data_price_hour_abs_02_amount: 9.60000
data_price_hour_rel_-10_amount: 8.99000
data_price_hour_abs_03_amount: 8.99000
data_price_hour_rel_-09_amount: 8.69000
data_price_hour_abs_04_amount: 8.69000
data_price_hour_rel_-08_amount: 9.05500
data_price_hour_abs_05_amount: 9.05500
data_price_hour_rel_-07_amount: 9.70100
data_price_hour_abs_06_amount: 9.70100
data_price_hour_rel_-06_amount: 9.94200
data_price_hour_abs_07_amount: 9.94200
data_price_hour_rel_-05_amount: 9.87700
data_price_hour_abs_08_amount: 9.87700
data_price_hour_rel_-04_amount: 8.64000
data_price_hour_abs_09_amount: 8.64000
data_price_hour_rel_-03_amount: 7.23900
data_price_hour_abs_10_amount: 7.23900
data_price_hour_rel_-02_amount: 6.71600
data_price_hour_abs_11_amount: 6.71600
data_price_hour_rel_-01_amount: 5.73200
data_price_hour_abs_12_amount: 5.73200
data_price_hour_rel_+00_amount: 4.80000
data_price_hour_abs_13_amount: 4.80000
data_price_hour_rel_+01_amount: 5.45100
data_price_hour_abs_14_amount: 5.45100
data_price_hour_rel_+02_amount: 7.08000
data_price_hour_abs_15_amount: 7.08000
data_price_hour_rel_+03_amount: 8.42400
data_price_hour_abs_16_amount: 8.42400
data_price_hour_rel_+04_amount: 12.19100
data_price_hour_abs_17_amount: 12.19100
data_price_hour_rel_+05_amount: 13.03000
data_price_hour_abs_18_amount: 13.03000
data_price_hour_rel_+06_amount: 13.29600
data_price_hour_abs_19_amount: 13.29600
data_price_hour_rel_+07_amount: 12.14600
data_price_hour_abs_20_amount: 12.14600
data_price_hour_rel_+08_amount: 10.85000
data_price_hour_abs_21_amount: 10.85000
data_price_hour_rel_+09_amount: 10.50200
data_price_hour_abs_22_amount: 10.50200
data_price_hour_rel_+10_amount: 9.52500
data_price_hour_abs_23_amount: 9.52500