date_now: 2025-06-30 14:34:58
date_now_epoch: 1751286898127
date_now_day: 30
date_now_month: 6
date_now_year: 2025
date_start: 2025-06-30 00:00:00
date_end: 2025-06-30 23:59:59
price_low: 0.99600
price_high: 28.89700
price_median: 9.18750
price_average: 10.24238
price_current: 1.96500
price_unit: Cent/kWh
price_threshold_00: 0.99600
price_threshold_01: 1.90500
price_threshold_02: 1.96500
price_threshold_03: 4.37300
price_threshold_04: 6.00000
price_threshold_05: 7.46500
price_threshold_06: 8.05000
price_threshold_07: 8.41300
price_threshold_08: 8.50300
price_threshold_09: 8.65100
price_threshold_10: 8.90300
price_threshold_11: 9.17700
price_threshold_12: 9.19800
price_threshold_13: 9.74100
price_threshold_14: 9.87300
price_threshold_15: 10.85200
price_threshold_16: 11.00100
price_threshold_17: 11.17000
price_threshold_18: 11.49000
price_threshold_19: 12.26500
price_threshold_20: 15.70000
price_threshold_21: 17.89400
price_threshold_22: 23.33500
price_threshold_23: 28.89700
data_price_hour_rel_-14_amount: 9.87300
data_price_hour_abs_00_amount: 9.87300
data_price_hour_rel_-13_amount: 8.90300
data_price_hour_abs_01_amount: 8.90300
data_price_hour_rel_-12_amount: 8.50300
data_price_hour_abs_02_amount: 8.50300
data_price_hour_rel_-11_amount: 8.41300
data_price_hour_abs_03_amount: 8.41300
data_price_hour_rel_-10_amount: 8.65100
data_price_hour_abs_04_amount: 8.65100
data_price_hour_rel_-09_amount: 9.74100
data_price_hour_abs_05_amount: 9.74100
data_price_hour_rel_-08_amount: 11.49000
data_price_hour_abs_06_amount: 11.49000
data_price_hour_rel_-07_amount: 11.17000
data_price_hour_abs_07_amount: 11.17000
data_price_hour_rel_-06_amount: 10.85200
data_price_hour_abs_08_amount: 10.85200
data_price_hour_rel_-05_amount: 9.17700
data_price_hour_abs_09_amount: 9.17700
data_price_hour_rel_-04_amount: 7.46500
data_price_hour_abs_10_amount: 7.46500
data_price_hour_rel_-03_amount: 4.37300
data_price_hour_abs_11_amount: 4.37300
data_price_hour_rel_-02_amount: 1.90500
data_price_hour_abs_12_amount: 1.90500
data_price_hour_rel_-01_amount: 0.99600
data_price_hour_abs_13_amount: 0.99600
data_price_hour_rel_+00_amount: 1.96500
data_price_hour_abs_14_amount: 1.96500
data_price_hour_rel_+01_amount: 6.00000
data_price_hour_abs_15_amount: 6.00000
data_price_hour_rel_+02_amount: 8.05000
data_price_hour_abs_16_amount: 8.05000
data_price_hour_rel_+03_amount: 9.19800
data_price_hour_abs_17_amount: 9.19800
data_price_hour_rel_+04_amount: 11.00100
data_price_hour_abs_18_amount: 11.00100
data_price_hour_rel_+05_amount: 17.89400
data_price_hour_abs_19_amount: 17.89400
data_price_hour_rel_+06_amount: 28.89700
data_price_hour_abs_20_amount: 28.89700
data_price_hour_rel_+07_amount: 23.33500
data_price_hour_abs_21_amount: 23.33500
data_price_hour_rel_+08_amount: 15.70000
data_price_hour_abs_22_amount: 15.70000
data_price_hour_rel_+09_amount: 12.26500
data_price_hour_abs_23_amount: 12.26500