date_now: 2025-05-19 14:34:45
date_now_epoch: 1747658085772
date_now_day: 19
date_now_month: 5
date_now_year: 2025
date_start: 2025-05-19 00:00:00
date_end: 2025-05-19 23:59:59
price_low: 0.50000
price_high: 22.91100
price_median: 10.03250
price_average: 9.55354
price_current: 0.80000
price_unit: Cent/kWh
price_threshold_00: 0.50000
price_threshold_01: 0.80000
price_threshold_02: 1.27700
price_threshold_03: 2.81500
price_threshold_04: 2.85600
price_threshold_05: 6.95900
price_threshold_06: 7.29800
price_threshold_07: 9.29500
price_threshold_08: 9.36900
price_threshold_09: 9.61000
price_threshold_10: 9.70900
price_threshold_11: 9.80300
price_threshold_12: 10.26200
price_threshold_13: 10.93900
price_threshold_14: 11.04800
price_threshold_15: 11.18800
price_threshold_16: 11.34100
price_threshold_17: 11.44900
price_threshold_18: 12.68100
price_threshold_19: 13.12200
price_threshold_20: 13.72200
price_threshold_21: 14.84500
price_threshold_22: 15.48600
price_threshold_23: 22.91100
data_price_hour_rel_-14_amount: 11.04800
data_price_hour_abs_00_amount: 11.04800
data_price_hour_rel_-13_amount: 10.26200
data_price_hour_abs_01_amount: 10.26200
data_price_hour_rel_-12_amount: 9.61000
data_price_hour_abs_02_amount: 9.61000
data_price_hour_rel_-11_amount: 9.29500
data_price_hour_abs_03_amount: 9.29500
data_price_hour_rel_-10_amount: 9.80300
data_price_hour_abs_04_amount: 9.80300
data_price_hour_rel_-09_amount: 10.93900
data_price_hour_abs_05_amount: 10.93900
data_price_hour_rel_-08_amount: 13.12200
data_price_hour_abs_06_amount: 13.12200
data_price_hour_rel_-07_amount: 13.72200
data_price_hour_abs_07_amount: 13.72200
data_price_hour_rel_-06_amount: 11.34100
data_price_hour_abs_08_amount: 11.34100
data_price_hour_rel_-05_amount: 9.36900
data_price_hour_abs_09_amount: 9.36900
data_price_hour_rel_-04_amount: 6.95900
data_price_hour_abs_10_amount: 6.95900
data_price_hour_rel_-03_amount: 2.85600
data_price_hour_abs_11_amount: 2.85600
data_price_hour_rel_-02_amount: 1.27700
data_price_hour_abs_12_amount: 1.27700
data_price_hour_rel_-01_amount: 0.50000
data_price_hour_abs_13_amount: 0.50000
data_price_hour_rel_+00_amount: 0.80000
data_price_hour_abs_14_amount: 0.80000
data_price_hour_rel_+01_amount: 2.81500
data_price_hour_abs_15_amount: 2.81500
data_price_hour_rel_+02_amount: 7.29800
data_price_hour_abs_16_amount: 7.29800
data_price_hour_rel_+03_amount: 9.70900
data_price_hour_abs_17_amount: 9.70900
data_price_hour_rel_+04_amount: 11.44900
data_price_hour_abs_18_amount: 11.44900
data_price_hour_rel_+05_amount: 14.84500
data_price_hour_abs_19_amount: 14.84500
data_price_hour_rel_+06_amount: 22.91100
data_price_hour_abs_20_amount: 22.91100
data_price_hour_rel_+07_amount: 15.48600
data_price_hour_abs_21_amount: 15.48600
data_price_hour_rel_+08_amount: 12.68100
data_price_hour_abs_22_amount: 12.68100
data_price_hour_rel_+09_amount: 11.18800
data_price_hour_abs_23_amount: 11.18800