date_now: 2025-10-03 14:32:11
date_now_epoch: 1759494731351
date_now_day: 3
date_now_month: 10
date_now_year: 2025
date_start: 2025-10-03 00:00:00
date_end: 2025-10-03 23:59:59
price_low: 1.11100
price_high: 12.07600
price_median: 7.44750
price_average: 6.67613
price_current: 2.62000
price_unit: Cent/kWh
price_threshold_00: 1.11100
price_threshold_01: 1.65000
price_threshold_02: 2.54100
price_threshold_03: 2.62000
price_threshold_04: 2.63500
price_threshold_05: 4.05000
price_threshold_06: 4.34400
price_threshold_07: 4.98800
price_threshold_08: 6.00000
price_threshold_09: 6.33900
price_threshold_10: 7.17500
price_threshold_11: 7.39100
price_threshold_12: 7.50400
price_threshold_13: 7.62900
price_threshold_14: 7.71400
price_threshold_15: 7.79800
price_threshold_16: 8.39000
price_threshold_17: 8.59300
price_threshold_18: 8.99000
price_threshold_19: 9.37800
price_threshold_20: 10.04200
price_threshold_21: 10.36800
price_threshold_22: 10.90100
price_threshold_23: 12.07600
data_price_hour_rel_-14_amount: 8.59300
data_price_hour_abs_00_amount: 8.59300
data_price_hour_rel_-13_amount: 7.71400
data_price_hour_abs_01_amount: 7.71400
data_price_hour_rel_-12_amount: 7.17500
data_price_hour_abs_02_amount: 7.17500
data_price_hour_rel_-11_amount: 7.39100
data_price_hour_abs_03_amount: 7.39100
data_price_hour_rel_-10_amount: 7.62900
data_price_hour_abs_04_amount: 7.62900
data_price_hour_rel_-09_amount: 7.79800
data_price_hour_abs_05_amount: 7.79800
data_price_hour_rel_-08_amount: 9.37800
data_price_hour_abs_06_amount: 9.37800
data_price_hour_rel_-07_amount: 10.04200
data_price_hour_abs_07_amount: 10.04200
data_price_hour_rel_-06_amount: 10.36800
data_price_hour_abs_08_amount: 10.36800
data_price_hour_rel_-05_amount: 8.39000
data_price_hour_abs_09_amount: 8.39000
data_price_hour_rel_-04_amount: 6.00000
data_price_hour_abs_10_amount: 6.00000
data_price_hour_rel_-03_amount: 4.05000
data_price_hour_abs_11_amount: 4.05000
data_price_hour_rel_-02_amount: 2.63500
data_price_hour_abs_12_amount: 2.63500
data_price_hour_rel_-01_amount: 1.65000
data_price_hour_abs_13_amount: 1.65000
data_price_hour_rel_+00_amount: 2.62000
data_price_hour_abs_14_amount: 2.62000
data_price_hour_rel_+01_amount: 4.98800
data_price_hour_abs_15_amount: 4.98800
data_price_hour_rel_+02_amount: 6.33900
data_price_hour_abs_16_amount: 6.33900
data_price_hour_rel_+03_amount: 8.99000
data_price_hour_abs_17_amount: 8.99000
data_price_hour_rel_+04_amount: 12.07600
data_price_hour_abs_18_amount: 12.07600
data_price_hour_rel_+05_amount: 10.90100
data_price_hour_abs_19_amount: 10.90100
data_price_hour_rel_+06_amount: 7.50400
data_price_hour_abs_20_amount: 7.50400
data_price_hour_rel_+07_amount: 4.34400
data_price_hour_abs_21_amount: 4.34400
data_price_hour_rel_+08_amount: 2.54100
data_price_hour_abs_22_amount: 2.54100
data_price_hour_rel_+09_amount: 1.11100
data_price_hour_abs_23_amount: 1.11100