date_now: 2025-04-10 14:32:15
date_now_epoch: 1744288335525
date_now_day: 10
date_now_month: 4
date_now_year: 2025
date_start: 2025-04-10 00:00:00
date_end: 2025-04-10 23:59:59
price_low: 0.00800
price_high: 17.05900
price_median: 8.97750
price_average: 8.55229
price_current: 0.00800
price_unit: Cent/kWh
price_threshold_00: 0.00800
price_threshold_01: 0.11800
price_threshold_02: 0.21800
price_threshold_03: 3.49500
price_threshold_04: 5.44400
price_threshold_05: 6.63400
price_threshold_06: 7.00000
price_threshold_07: 8.11100
price_threshold_08: 8.57100
price_threshold_09: 8.79200
price_threshold_10: 8.89000
price_threshold_11: 8.95500
price_threshold_12: 9.00000
price_threshold_13: 9.20500
price_threshold_14: 9.29000
price_threshold_15: 9.75400
price_threshold_16: 9.75600
price_threshold_17: 10.16800
price_threshold_18: 10.24000
price_threshold_19: 13.24400
price_threshold_20: 13.54400
price_threshold_21: 13.71700
price_threshold_22: 14.04200
price_threshold_23: 17.05900
data_price_hour_rel_-14_amount: 9.29000
data_price_hour_abs_00_amount: 9.29000
data_price_hour_rel_-13_amount: 8.95500
data_price_hour_abs_01_amount: 8.95500
data_price_hour_rel_-12_amount: 8.89000
data_price_hour_abs_02_amount: 8.89000
data_price_hour_rel_-11_amount: 8.79200
data_price_hour_abs_03_amount: 8.79200
data_price_hour_rel_-10_amount: 9.00000
data_price_hour_abs_04_amount: 9.00000
data_price_hour_rel_-09_amount: 9.75400
data_price_hour_abs_05_amount: 9.75400
data_price_hour_rel_-08_amount: 13.24400
data_price_hour_abs_06_amount: 13.24400
data_price_hour_rel_-07_amount: 17.05900
data_price_hour_abs_07_amount: 17.05900
data_price_hour_rel_-06_amount: 13.54400
data_price_hour_abs_08_amount: 13.54400
data_price_hour_rel_-05_amount: 10.24000
data_price_hour_abs_09_amount: 10.24000
data_price_hour_rel_-04_amount: 8.57100
data_price_hour_abs_10_amount: 8.57100
data_price_hour_rel_-03_amount: 6.63400
data_price_hour_abs_11_amount: 6.63400
data_price_hour_rel_-02_amount: 3.49500
data_price_hour_abs_12_amount: 3.49500
data_price_hour_rel_-01_amount: 0.21800
data_price_hour_abs_13_amount: 0.21800
data_price_hour_rel_+00_amount: 0.00800
data_price_hour_abs_14_amount: 0.00800
data_price_hour_rel_+01_amount: 0.11800
data_price_hour_abs_15_amount: 0.11800
data_price_hour_rel_+02_amount: 5.44400
data_price_hour_abs_16_amount: 5.44400
data_price_hour_rel_+03_amount: 7.00000
data_price_hour_abs_17_amount: 7.00000
data_price_hour_rel_+04_amount: 10.16800
data_price_hour_abs_18_amount: 10.16800
data_price_hour_rel_+05_amount: 14.04200
data_price_hour_abs_19_amount: 14.04200
data_price_hour_rel_+06_amount: 13.71700
data_price_hour_abs_20_amount: 13.71700
data_price_hour_rel_+07_amount: 9.75600
data_price_hour_abs_21_amount: 9.75600
data_price_hour_rel_+08_amount: 9.20500
data_price_hour_abs_22_amount: 9.20500
data_price_hour_rel_+09_amount: 8.11100
data_price_hour_abs_23_amount: 8.11100