date_now: 2025-08-02 14:33:50
date_now_epoch: 1754138030672
date_now_day: 2
date_now_month: 8
date_now_year: 2025
date_start: 2025-08-02 00:00:00
date_end: 2025-08-02 23:59:59
price_low: 0.00000
price_high: 10.94900
price_median: 9.02200
price_average: 6.71471
price_current: 0.00000
price_unit: Cent/kWh
price_threshold_00: 0.00000
price_threshold_01: 0.00000
price_threshold_02: 0.00000
price_threshold_03: 0.29500
price_threshold_04: 0.53000
price_threshold_05: 0.56800
price_threshold_06: 3.10900
price_threshold_07: 6.06900
price_threshold_08: 6.56800
price_threshold_09: 7.84000
price_threshold_10: 8.47000
price_threshold_11: 8.96700
price_threshold_12: 9.07700
price_threshold_13: 9.12900
price_threshold_14: 9.13200
price_threshold_15: 9.21600
price_threshold_16: 9.50000
price_threshold_17: 9.77900
price_threshold_18: 10.03200
price_threshold_19: 10.20000
price_threshold_20: 10.43400
price_threshold_21: 10.44700
price_threshold_22: 10.84200
price_threshold_23: 10.94900
data_price_hour_rel_-14_amount: 10.44700
data_price_hour_abs_00_amount: 10.44700
data_price_hour_rel_-13_amount: 10.03200
data_price_hour_abs_01_amount: 10.03200
data_price_hour_rel_-12_amount: 9.77900
data_price_hour_abs_02_amount: 9.77900
data_price_hour_rel_-11_amount: 9.21600
data_price_hour_abs_03_amount: 9.21600
data_price_hour_rel_-10_amount: 9.12900
data_price_hour_abs_04_amount: 9.12900
data_price_hour_rel_-09_amount: 9.07700
data_price_hour_abs_05_amount: 9.07700
data_price_hour_rel_-08_amount: 8.96700
data_price_hour_abs_06_amount: 8.96700
data_price_hour_rel_-07_amount: 8.47000
data_price_hour_abs_07_amount: 8.47000
data_price_hour_rel_-06_amount: 7.84000
data_price_hour_abs_08_amount: 7.84000
data_price_hour_rel_-05_amount: 6.56800
data_price_hour_abs_09_amount: 6.56800
data_price_hour_rel_-04_amount: 3.10900
data_price_hour_abs_10_amount: 3.10900
data_price_hour_rel_-03_amount: 0.56800
data_price_hour_abs_11_amount: 0.56800
data_price_hour_rel_-02_amount: 0.29500
data_price_hour_abs_12_amount: 0.29500
data_price_hour_rel_-01_amount: 0.00000
data_price_hour_abs_13_amount: 0.00000
data_price_hour_rel_+00_amount: 0.00000
data_price_hour_abs_14_amount: 0.00000
data_price_hour_rel_+01_amount: 0.00000
data_price_hour_abs_15_amount: 0.00000
data_price_hour_rel_+02_amount: 0.53000
data_price_hour_abs_16_amount: 0.53000
data_price_hour_rel_+03_amount: 6.06900
data_price_hour_abs_17_amount: 6.06900
data_price_hour_rel_+04_amount: 9.13200
data_price_hour_abs_18_amount: 9.13200
data_price_hour_rel_+05_amount: 10.20000
data_price_hour_abs_19_amount: 10.20000
data_price_hour_rel_+06_amount: 10.94900
data_price_hour_abs_20_amount: 10.94900
data_price_hour_rel_+07_amount: 10.84200
data_price_hour_abs_21_amount: 10.84200
data_price_hour_rel_+08_amount: 10.43400
data_price_hour_abs_22_amount: 10.43400
data_price_hour_rel_+09_amount: 9.50000
data_price_hour_abs_23_amount: 9.50000