date_now: 2025-04-16 14:32:19
date_now_epoch: 1744806739334
date_now_day: 16
date_now_month: 4
date_now_year: 2025
date_start: 2025-04-16 00:00:00
date_end: 2025-04-16 23:59:59
price_low: 2.24000
price_high: 14.65200
price_median: 9.05850
price_average: 8.95771
price_current: 2.49400
price_unit: Cent/kWh
price_threshold_00: 2.24000
price_threshold_01: 2.49400
price_threshold_02: 3.53000
price_threshold_03: 5.50000
price_threshold_04: 6.40800
price_threshold_05: 6.80000
price_threshold_06: 7.97500
price_threshold_07: 8.14000
price_threshold_08: 8.20400
price_threshold_09: 8.22000
price_threshold_10: 8.29900
price_threshold_11: 8.80100
price_threshold_12: 9.31600
price_threshold_13: 9.48200
price_threshold_14: 9.85900
price_threshold_15: 9.94000
price_threshold_16: 10.96900
price_threshold_17: 10.99400
price_threshold_18: 11.80000
price_threshold_19: 12.10000
price_threshold_20: 12.10000
price_threshold_21: 13.51400
price_threshold_22: 13.64800
price_threshold_23: 14.65200
data_price_hour_rel_-14_amount: 8.80100
data_price_hour_abs_00_amount: 8.80100
data_price_hour_rel_-13_amount: 8.20400
data_price_hour_abs_01_amount: 8.20400
data_price_hour_rel_-12_amount: 8.22000
data_price_hour_abs_02_amount: 8.22000
data_price_hour_rel_-11_amount: 8.14000
data_price_hour_abs_03_amount: 8.14000
data_price_hour_rel_-10_amount: 8.29900
data_price_hour_abs_04_amount: 8.29900
data_price_hour_rel_-09_amount: 9.94000
data_price_hour_abs_05_amount: 9.94000
data_price_hour_rel_-08_amount: 12.10000
data_price_hour_abs_06_amount: 12.10000
data_price_hour_rel_-07_amount: 13.51400
data_price_hour_abs_07_amount: 13.51400
data_price_hour_rel_-06_amount: 10.99400
data_price_hour_abs_08_amount: 10.99400
data_price_hour_rel_-05_amount: 9.48200
data_price_hour_abs_09_amount: 9.48200
data_price_hour_rel_-04_amount: 7.97500
data_price_hour_abs_10_amount: 7.97500
data_price_hour_rel_-03_amount: 6.40800
data_price_hour_abs_11_amount: 6.40800
data_price_hour_rel_-02_amount: 3.53000
data_price_hour_abs_12_amount: 3.53000
data_price_hour_rel_-01_amount: 2.24000
data_price_hour_abs_13_amount: 2.24000
data_price_hour_rel_+00_amount: 2.49400
data_price_hour_abs_14_amount: 2.49400
data_price_hour_rel_+01_amount: 5.50000
data_price_hour_abs_15_amount: 5.50000
data_price_hour_rel_+02_amount: 6.80000
data_price_hour_abs_16_amount: 6.80000
data_price_hour_rel_+03_amount: 9.31600
data_price_hour_abs_17_amount: 9.31600
data_price_hour_rel_+04_amount: 11.80000
data_price_hour_abs_18_amount: 11.80000
data_price_hour_rel_+05_amount: 14.65200
data_price_hour_abs_19_amount: 14.65200
data_price_hour_rel_+06_amount: 13.64800
data_price_hour_abs_20_amount: 13.64800
data_price_hour_rel_+07_amount: 12.10000
data_price_hour_abs_21_amount: 12.10000
data_price_hour_rel_+08_amount: 10.96900
data_price_hour_abs_22_amount: 10.96900
data_price_hour_rel_+09_amount: 9.85900
data_price_hour_abs_23_amount: 9.85900