date_now: 2025-06-29 14:31:39
date_now_epoch: 1751200299313
date_now_day: 29
date_now_month: 6
date_now_year: 2025
date_start: 2025-06-29 00:00:00
date_end: 2025-06-29 23:59:59
price_low: -2.40100
price_high: 11.80700
price_median: 8.13700
price_average: 5.41192
price_current: -2.40100
price_unit: Cent/kWh
price_threshold_00: -2.40100
price_threshold_01: -2.01000
price_threshold_02: -1.54500
price_threshold_03: -0.54000
price_threshold_04: -0.26900
price_threshold_05: -0.02600
price_threshold_06: 0.00000
price_threshold_07: 0.00100
price_threshold_08: 0.19900
price_threshold_09: 4.75200
price_threshold_10: 7.49200
price_threshold_11: 7.74400
price_threshold_12: 8.53000
price_threshold_13: 8.53100
price_threshold_14: 8.63900
price_threshold_15: 8.68200
price_threshold_16: 8.94200
price_threshold_17: 8.96600
price_threshold_18: 9.50700
price_threshold_19: 10.10000
price_threshold_20: 10.21400
price_threshold_21: 11.19800
price_threshold_22: 11.37300
price_threshold_23: 11.80700
data_price_hour_rel_-14_amount: 9.50700
data_price_hour_abs_00_amount: 9.50700
data_price_hour_rel_-13_amount: 8.94200
data_price_hour_abs_01_amount: 8.94200
data_price_hour_rel_-12_amount: 8.96600
data_price_hour_abs_02_amount: 8.96600
data_price_hour_rel_-11_amount: 8.68200
data_price_hour_abs_03_amount: 8.68200
data_price_hour_rel_-10_amount: 8.53100
data_price_hour_abs_04_amount: 8.53100
data_price_hour_rel_-09_amount: 8.53000
data_price_hour_abs_05_amount: 8.53000
data_price_hour_rel_-08_amount: 8.63900
data_price_hour_abs_06_amount: 8.63900
data_price_hour_rel_-07_amount: 7.49200
data_price_hour_abs_07_amount: 7.49200
data_price_hour_rel_-06_amount: 4.75200
data_price_hour_abs_08_amount: 4.75200
data_price_hour_rel_-05_amount: 0.19900
data_price_hour_abs_09_amount: 0.19900
data_price_hour_rel_-04_amount: 0.00000
data_price_hour_abs_10_amount: 0.00000
data_price_hour_rel_-03_amount: -0.02600
data_price_hour_abs_11_amount: -0.02600
data_price_hour_rel_-02_amount: -0.54000
data_price_hour_abs_12_amount: -0.54000
data_price_hour_rel_-01_amount: -2.01000
data_price_hour_abs_13_amount: -2.01000
data_price_hour_rel_+00_amount: -2.40100
data_price_hour_abs_14_amount: -2.40100
data_price_hour_rel_+01_amount: -1.54500
data_price_hour_abs_15_amount: -1.54500
data_price_hour_rel_+02_amount: -0.26900
data_price_hour_abs_16_amount: -0.26900
data_price_hour_rel_+03_amount: 0.00100
data_price_hour_abs_17_amount: 0.00100
data_price_hour_rel_+04_amount: 7.74400
data_price_hour_abs_18_amount: 7.74400
data_price_hour_rel_+05_amount: 10.21400
data_price_hour_abs_19_amount: 10.21400
data_price_hour_rel_+06_amount: 11.19800
data_price_hour_abs_20_amount: 11.19800
data_price_hour_rel_+07_amount: 11.80700
data_price_hour_abs_21_amount: 11.80700
data_price_hour_rel_+08_amount: 11.37300
data_price_hour_abs_22_amount: 11.37300
data_price_hour_rel_+09_amount: 10.10000
data_price_hour_abs_23_amount: 10.10000