date_now: 2025-12-06 13:32:52
date_now_epoch: 1765024372688
date_now_day: 6
date_now_month: 12
date_now_year: 2025
date_start: 2025-12-06 00:00:00
date_end: 2025-12-06 23:59:59
price_low: 6.45900
price_high: 9.55900
price_median: 8.06150
price_average: 7.96154
price_current: 8.13300
price_unit: Cent/kWh
price_threshold_00: 6.45900
price_threshold_01: 6.49700
price_threshold_02: 6.74300
price_threshold_03: 6.78700
price_threshold_04: 7.00100
price_threshold_05: 7.15700
price_threshold_06: 7.36300
price_threshold_07: 7.65000
price_threshold_08: 7.69700
price_threshold_09: 7.86100
price_threshold_10: 8.06100
price_threshold_11: 8.06100
price_threshold_12: 8.06200
price_threshold_13: 8.09400
price_threshold_14: 8.13300
price_threshold_15: 8.20800
price_threshold_16: 8.23000
price_threshold_17: 8.33900
price_threshold_18: 8.61700
price_threshold_19: 8.91800
price_threshold_20: 8.96600
price_threshold_21: 9.10200
price_threshold_22: 9.51200
price_threshold_23: 9.55900
data_price_hour_rel_-13_amount: 8.20800
data_price_hour_abs_00_amount: 8.20800
data_price_hour_rel_-12_amount: 7.69700
data_price_hour_abs_01_amount: 7.69700
data_price_hour_rel_-11_amount: 7.36300
data_price_hour_abs_02_amount: 7.36300
data_price_hour_rel_-10_amount: 7.00100
data_price_hour_abs_03_amount: 7.00100
data_price_hour_rel_-09_amount: 6.74300
data_price_hour_abs_04_amount: 6.74300
data_price_hour_rel_-08_amount: 6.49700
data_price_hour_abs_05_amount: 6.49700
data_price_hour_rel_-07_amount: 6.45900
data_price_hour_abs_06_amount: 6.45900
data_price_hour_rel_-06_amount: 6.78700
data_price_hour_abs_07_amount: 6.78700
data_price_hour_rel_-05_amount: 7.86100
data_price_hour_abs_08_amount: 7.86100
data_price_hour_rel_-04_amount: 8.09400
data_price_hour_abs_09_amount: 8.09400
data_price_hour_rel_-03_amount: 8.23000
data_price_hour_abs_10_amount: 8.23000
data_price_hour_rel_-02_amount: 8.06100
data_price_hour_abs_11_amount: 8.06100
data_price_hour_rel_-01_amount: 8.06200
data_price_hour_abs_12_amount: 8.06200
data_price_hour_rel_+00_amount: 8.13300
data_price_hour_abs_13_amount: 8.13300
data_price_hour_rel_+01_amount: 8.61700
data_price_hour_abs_14_amount: 8.61700
data_price_hour_rel_+02_amount: 9.10200
data_price_hour_abs_15_amount: 9.10200
data_price_hour_rel_+03_amount: 9.55900
data_price_hour_abs_16_amount: 9.55900
data_price_hour_rel_+04_amount: 9.51200
data_price_hour_abs_17_amount: 9.51200
data_price_hour_rel_+05_amount: 8.91800
data_price_hour_abs_18_amount: 8.91800
data_price_hour_rel_+06_amount: 8.96600
data_price_hour_abs_19_amount: 8.96600
data_price_hour_rel_+07_amount: 8.33900
data_price_hour_abs_20_amount: 8.33900
data_price_hour_rel_+08_amount: 8.06100
data_price_hour_abs_21_amount: 8.06100
data_price_hour_rel_+09_amount: 7.65000
data_price_hour_abs_22_amount: 7.65000
data_price_hour_rel_+10_amount: 7.15700
data_price_hour_abs_23_amount: 7.15700