date_now: 2025-06-04 14:34:39
date_now_epoch: 1749040479714
date_now_day: 4
date_now_month: 6
date_now_year: 2025
date_start: 2025-06-04 00:00:00
date_end: 2025-06-04 23:59:59
price_low: 0.96900
price_high: 19.28500
price_median: 7.70150
price_average: 8.31129
price_current: 1.82600
price_unit: Cent/kWh
price_threshold_00: 0.96900
price_threshold_01: 1.82600
price_threshold_02: 2.01200
price_threshold_03: 4.33500
price_threshold_04: 4.83600
price_threshold_05: 6.47800
price_threshold_06: 6.50000
price_threshold_07: 6.72500
price_threshold_08: 6.83200
price_threshold_09: 7.24000
price_threshold_10: 7.24000
price_threshold_11: 7.49500
price_threshold_12: 7.90800
price_threshold_13: 8.03200
price_threshold_14: 9.14500
price_threshold_15: 9.40800
price_threshold_16: 9.97700
price_threshold_17: 10.89100
price_threshold_18: 11.24000
price_threshold_19: 11.24300
price_threshold_20: 11.37400
price_threshold_21: 13.88200
price_threshold_22: 14.59800
price_threshold_23: 19.28500
data_price_hour_rel_-14_amount: 7.49500
data_price_hour_abs_00_amount: 7.49500
data_price_hour_rel_-13_amount: 6.72500
data_price_hour_abs_01_amount: 6.72500
data_price_hour_rel_-12_amount: 6.47800
data_price_hour_abs_02_amount: 6.47800
data_price_hour_rel_-11_amount: 6.50000
data_price_hour_abs_03_amount: 6.50000
data_price_hour_rel_-10_amount: 6.83200
data_price_hour_abs_04_amount: 6.83200
data_price_hour_rel_-09_amount: 8.03200
data_price_hour_abs_05_amount: 8.03200
data_price_hour_rel_-08_amount: 9.97700
data_price_hour_abs_06_amount: 9.97700
data_price_hour_rel_-07_amount: 11.37400
data_price_hour_abs_07_amount: 11.37400
data_price_hour_rel_-06_amount: 11.24000
data_price_hour_abs_08_amount: 11.24000
data_price_hour_rel_-05_amount: 7.90800
data_price_hour_abs_09_amount: 7.90800
data_price_hour_rel_-04_amount: 7.24000
data_price_hour_abs_10_amount: 7.24000
data_price_hour_rel_-03_amount: 4.83600
data_price_hour_abs_11_amount: 4.83600
data_price_hour_rel_-02_amount: 2.01200
data_price_hour_abs_12_amount: 2.01200
data_price_hour_rel_-01_amount: 0.96900
data_price_hour_abs_13_amount: 0.96900
data_price_hour_rel_+00_amount: 1.82600
data_price_hour_abs_14_amount: 1.82600
data_price_hour_rel_+01_amount: 4.33500
data_price_hour_abs_15_amount: 4.33500
data_price_hour_rel_+02_amount: 7.24000
data_price_hour_abs_16_amount: 7.24000
data_price_hour_rel_+03_amount: 9.14500
data_price_hour_abs_17_amount: 9.14500
data_price_hour_rel_+04_amount: 10.89100
data_price_hour_abs_18_amount: 10.89100
data_price_hour_rel_+05_amount: 14.59800
data_price_hour_abs_19_amount: 14.59800
data_price_hour_rel_+06_amount: 19.28500
data_price_hour_abs_20_amount: 19.28500
data_price_hour_rel_+07_amount: 13.88200
data_price_hour_abs_21_amount: 13.88200
data_price_hour_rel_+08_amount: 11.24300
data_price_hour_abs_22_amount: 11.24300
data_price_hour_rel_+09_amount: 9.40800
data_price_hour_abs_23_amount: 9.40800