date_now: 2025-04-26 14:28:13
date_now_epoch: 1745670493444
date_now_day: 26
date_now_month: 4
date_now_year: 2025
date_start: 2025-04-26 00:00:00
date_end: 2025-04-26 23:59:59
price_low: -1.48500
price_high: 10.74000
price_median: 8.21300
price_average: 5.73925
price_current: -1.07700
price_unit: Cent/kWh
price_threshold_00: -1.48500
price_threshold_01: -1.07700
price_threshold_02: -0.76300
price_threshold_03: -0.21900
price_threshold_04: -0.00200
price_threshold_05: -0.00100
price_threshold_06: 0.25500
price_threshold_07: 3.09900
price_threshold_08: 3.44500
price_threshold_09: 7.21900
price_threshold_10: 7.23100
price_threshold_11: 7.90000
price_threshold_12: 8.52600
price_threshold_13: 8.63300
price_threshold_14: 8.90100
price_threshold_15: 8.96600
price_threshold_16: 9.08600
price_threshold_17: 9.10200
price_threshold_18: 9.21900
price_threshold_19: 9.30100
price_threshold_20: 9.68500
price_threshold_21: 9.98100
price_threshold_22: 10.00000
price_threshold_23: 10.74000
data_price_hour_rel_-14_amount: 10.00000
data_price_hour_abs_00_amount: 10.00000
data_price_hour_rel_-13_amount: 9.21900
data_price_hour_abs_01_amount: 9.21900
data_price_hour_rel_-12_amount: 9.10200
data_price_hour_abs_02_amount: 9.10200
data_price_hour_rel_-11_amount: 8.96600
data_price_hour_abs_03_amount: 8.96600
data_price_hour_rel_-10_amount: 8.90100
data_price_hour_abs_04_amount: 8.90100
data_price_hour_rel_-09_amount: 9.08600
data_price_hour_abs_05_amount: 9.08600
data_price_hour_rel_-08_amount: 9.30100
data_price_hour_abs_06_amount: 9.30100
data_price_hour_rel_-07_amount: 8.63300
data_price_hour_abs_07_amount: 8.63300
data_price_hour_rel_-06_amount: 7.21900
data_price_hour_abs_08_amount: 7.21900
data_price_hour_rel_-05_amount: 3.44500
data_price_hour_abs_09_amount: 3.44500
data_price_hour_rel_-04_amount: 0.25500
data_price_hour_abs_10_amount: 0.25500
data_price_hour_rel_-03_amount: -0.00100
data_price_hour_abs_11_amount: -0.00100
data_price_hour_rel_-02_amount: -0.76300
data_price_hour_abs_12_amount: -0.76300
data_price_hour_rel_-01_amount: -1.48500
data_price_hour_abs_13_amount: -1.48500
data_price_hour_rel_+00_amount: -1.07700
data_price_hour_abs_14_amount: -1.07700
data_price_hour_rel_+01_amount: -0.21900
data_price_hour_abs_15_amount: -0.21900
data_price_hour_rel_+02_amount: -0.00200
data_price_hour_abs_16_amount: -0.00200
data_price_hour_rel_+03_amount: 3.09900
data_price_hour_abs_17_amount: 3.09900
data_price_hour_rel_+04_amount: 7.90000
data_price_hour_abs_18_amount: 7.90000
data_price_hour_rel_+05_amount: 9.98100
data_price_hour_abs_19_amount: 9.98100
data_price_hour_rel_+06_amount: 10.74000
data_price_hour_abs_20_amount: 10.74000
data_price_hour_rel_+07_amount: 9.68500
data_price_hour_abs_21_amount: 9.68500
data_price_hour_rel_+08_amount: 8.52600
data_price_hour_abs_22_amount: 8.52600
data_price_hour_rel_+09_amount: 7.23100
data_price_hour_abs_23_amount: 7.23100