date_now: 2025-12-26 13:36:26
date_now_epoch: 1766752586472
date_now_day: 26
date_now_month: 12
date_now_year: 2025
date_start: 2025-12-26 00:00:00
date_end: 2025-12-26 23:59:59
price_low: 8.23100
price_high: 12.04700
price_median: 9.49250
price_average: 9.75350
price_current: 8.31000
price_unit: Cent/kWh
price_threshold_00: 8.23100
price_threshold_01: 8.23900
price_threshold_02: 8.28400
price_threshold_03: 8.30500
price_threshold_04: 8.31000
price_threshold_05: 8.49900
price_threshold_06: 8.50200
price_threshold_07: 8.58200
price_threshold_08: 8.92500
price_threshold_09: 9.10500
price_threshold_10: 9.27000
price_threshold_11: 9.31200
price_threshold_12: 9.67300
price_threshold_13: 9.71000
price_threshold_14: 9.89000
price_threshold_15: 9.93700
price_threshold_16: 10.82600
price_threshold_17: 10.91400
price_threshold_18: 11.15000
price_threshold_19: 11.37300
price_threshold_20: 11.62600
price_threshold_21: 11.67700
price_threshold_22: 11.69700
price_threshold_23: 12.04700
data_price_hour_rel_-13_amount: 9.71000
data_price_hour_abs_00_amount: 9.71000
data_price_hour_rel_-12_amount: 9.10500
data_price_hour_abs_01_amount: 9.10500
data_price_hour_rel_-11_amount: 8.58200
data_price_hour_abs_02_amount: 8.58200
data_price_hour_rel_-10_amount: 8.30500
data_price_hour_abs_03_amount: 8.30500
data_price_hour_rel_-09_amount: 8.23900
data_price_hour_abs_04_amount: 8.23900
data_price_hour_rel_-08_amount: 8.28400
data_price_hour_abs_05_amount: 8.28400
data_price_hour_rel_-07_amount: 8.50200
data_price_hour_abs_06_amount: 8.50200
data_price_hour_rel_-06_amount: 9.31200
data_price_hour_abs_07_amount: 9.31200
data_price_hour_rel_-05_amount: 9.89000
data_price_hour_abs_08_amount: 9.89000
data_price_hour_rel_-04_amount: 9.67300
data_price_hour_abs_09_amount: 9.67300
data_price_hour_rel_-03_amount: 8.92500
data_price_hour_abs_10_amount: 8.92500
data_price_hour_rel_-02_amount: 8.49900
data_price_hour_abs_11_amount: 8.49900
data_price_hour_rel_-01_amount: 8.23100
data_price_hour_abs_12_amount: 8.23100
data_price_hour_rel_+00_amount: 8.31000
data_price_hour_abs_13_amount: 8.31000
data_price_hour_rel_+01_amount: 9.27000
data_price_hour_abs_14_amount: 9.27000
data_price_hour_rel_+02_amount: 10.91400
data_price_hour_abs_15_amount: 10.91400
data_price_hour_rel_+03_amount: 11.67700
data_price_hour_abs_16_amount: 11.67700
data_price_hour_rel_+04_amount: 12.04700
data_price_hour_abs_17_amount: 12.04700
data_price_hour_rel_+05_amount: 11.69700
data_price_hour_abs_18_amount: 11.69700
data_price_hour_rel_+06_amount: 11.62600
data_price_hour_abs_19_amount: 11.62600
data_price_hour_rel_+07_amount: 11.37300
data_price_hour_abs_20_amount: 11.37300
data_price_hour_rel_+08_amount: 11.15000
data_price_hour_abs_21_amount: 11.15000
data_price_hour_rel_+09_amount: 10.82600
data_price_hour_abs_22_amount: 10.82600
data_price_hour_rel_+10_amount: 9.93700
data_price_hour_abs_23_amount: 9.93700