date_now: 2025-08-27 14:33:34
date_now_epoch: 1756298014015
date_now_day: 27
date_now_month: 8
date_now_year: 2025
date_start: 2025-08-27 00:00:00
date_end: 2025-08-27 23:59:59
price_low: 5.06800
price_high: 22.20700
price_median: 9.71600
price_average: 10.46188
price_current: 5.09400
price_unit: Cent/kWh
price_threshold_00: 5.06800
price_threshold_01: 5.09400
price_threshold_02: 6.43800
price_threshold_03: 7.61800
price_threshold_04: 7.92900
price_threshold_05: 8.51000
price_threshold_06: 8.60000
price_threshold_07: 8.65200
price_threshold_08: 8.72500
price_threshold_09: 8.99800
price_threshold_10: 9.00000
price_threshold_11: 9.65900
price_threshold_12: 9.77300
price_threshold_13: 10.16300
price_threshold_14: 10.35700
price_threshold_15: 10.49400
price_threshold_16: 11.00000
price_threshold_17: 11.36300
price_threshold_18: 11.36400
price_threshold_19: 11.51900
price_threshold_20: 12.88700
price_threshold_21: 13.46300
price_threshold_22: 22.20400
price_threshold_23: 22.20700
data_price_hour_rel_-14_amount: 9.65900
data_price_hour_abs_00_amount: 9.65900
data_price_hour_rel_-13_amount: 8.99800
data_price_hour_abs_01_amount: 8.99800
data_price_hour_rel_-12_amount: 8.65200
data_price_hour_abs_02_amount: 8.65200
data_price_hour_rel_-11_amount: 8.72500
data_price_hour_abs_03_amount: 8.72500
data_price_hour_rel_-10_amount: 9.00000
data_price_hour_abs_04_amount: 9.00000
data_price_hour_rel_-09_amount: 9.77300
data_price_hour_abs_05_amount: 9.77300
data_price_hour_rel_-08_amount: 11.00000
data_price_hour_abs_06_amount: 11.00000
data_price_hour_rel_-07_amount: 11.51900
data_price_hour_abs_07_amount: 11.51900
data_price_hour_rel_-06_amount: 11.36400
data_price_hour_abs_08_amount: 11.36400
data_price_hour_rel_-05_amount: 10.16300
data_price_hour_abs_09_amount: 10.16300
data_price_hour_rel_-04_amount: 8.60000
data_price_hour_abs_10_amount: 8.60000
data_price_hour_rel_-03_amount: 7.92900
data_price_hour_abs_11_amount: 7.92900
data_price_hour_rel_-02_amount: 6.43800
data_price_hour_abs_12_amount: 6.43800
data_price_hour_rel_-01_amount: 5.06800
data_price_hour_abs_13_amount: 5.06800
data_price_hour_rel_+00_amount: 5.09400
data_price_hour_abs_14_amount: 5.09400
data_price_hour_rel_+01_amount: 7.61800
data_price_hour_abs_15_amount: 7.61800
data_price_hour_rel_+02_amount: 8.51000
data_price_hour_abs_16_amount: 8.51000
data_price_hour_rel_+03_amount: 10.49400
data_price_hour_abs_17_amount: 10.49400
data_price_hour_rel_+04_amount: 13.46300
data_price_hour_abs_18_amount: 13.46300
data_price_hour_rel_+05_amount: 22.20700
data_price_hour_abs_19_amount: 22.20700
data_price_hour_rel_+06_amount: 22.20400
data_price_hour_abs_20_amount: 22.20400
data_price_hour_rel_+07_amount: 12.88700
data_price_hour_abs_21_amount: 12.88700
data_price_hour_rel_+08_amount: 11.36300
data_price_hour_abs_22_amount: 11.36300
data_price_hour_rel_+09_amount: 10.35700
data_price_hour_abs_23_amount: 10.35700