date_now: 2025-06-03 14:34:45
date_now_epoch: 1748954085577
date_now_day: 3
date_now_month: 6
date_now_year: 2025
date_start: 2025-06-03 00:00:00
date_end: 2025-06-03 23:59:59
price_low: -0.43200
price_high: 13.29000
price_median: 9.51900
price_average: 7.16867
price_current: -0.43200
price_unit: Cent/kWh
price_threshold_00: -0.43200
price_threshold_01: -0.30000
price_threshold_02: -0.13300
price_threshold_03: -0.10100
price_threshold_04: -0.00500
price_threshold_05: 0.00000
price_threshold_06: 0.20000
price_threshold_07: 5.94600
price_threshold_08: 6.60000
price_threshold_09: 8.59800
price_threshold_10: 8.77900
price_threshold_11: 9.48900
price_threshold_12: 9.54900
price_threshold_13: 9.92300
price_threshold_14: 10.20200
price_threshold_15: 10.61200
price_threshold_16: 10.76000
price_threshold_17: 10.94100
price_threshold_18: 10.99100
price_threshold_19: 11.14900
price_threshold_20: 11.22900
price_threshold_21: 11.68500
price_threshold_22: 13.07600
price_threshold_23: 13.29000
data_price_hour_rel_-14_amount: 11.14900
data_price_hour_abs_00_amount: 11.14900
data_price_hour_rel_-13_amount: 10.99100
data_price_hour_abs_01_amount: 10.99100
data_price_hour_rel_-12_amount: 10.20200
data_price_hour_abs_02_amount: 10.20200
data_price_hour_rel_-11_amount: 9.92300
data_price_hour_abs_03_amount: 9.92300
data_price_hour_rel_-10_amount: 9.48900
data_price_hour_abs_04_amount: 9.48900
data_price_hour_rel_-09_amount: 10.76000
data_price_hour_abs_05_amount: 10.76000
data_price_hour_rel_-08_amount: 13.07600
data_price_hour_abs_06_amount: 13.07600
data_price_hour_rel_-07_amount: 11.68500
data_price_hour_abs_07_amount: 11.68500
data_price_hour_rel_-06_amount: 8.59800
data_price_hour_abs_08_amount: 8.59800
data_price_hour_rel_-05_amount: 5.94600
data_price_hour_abs_09_amount: 5.94600
data_price_hour_rel_-04_amount: 0.20000
data_price_hour_abs_10_amount: 0.20000
data_price_hour_rel_-03_amount: -0.00500
data_price_hour_abs_11_amount: -0.00500
data_price_hour_rel_-02_amount: -0.10100
data_price_hour_abs_12_amount: -0.10100
data_price_hour_rel_-01_amount: -0.30000
data_price_hour_abs_13_amount: -0.30000
data_price_hour_rel_+00_amount: -0.43200
data_price_hour_abs_14_amount: -0.43200
data_price_hour_rel_+01_amount: -0.13300
data_price_hour_abs_15_amount: -0.13300
data_price_hour_rel_+02_amount: 0.00000
data_price_hour_abs_16_amount: 0.00000
data_price_hour_rel_+03_amount: 6.60000
data_price_hour_abs_17_amount: 6.60000
data_price_hour_rel_+04_amount: 8.77900
data_price_hour_abs_18_amount: 8.77900
data_price_hour_rel_+05_amount: 10.94100
data_price_hour_abs_19_amount: 10.94100
data_price_hour_rel_+06_amount: 13.29000
data_price_hour_abs_20_amount: 13.29000
data_price_hour_rel_+07_amount: 11.22900
data_price_hour_abs_21_amount: 11.22900
data_price_hour_rel_+08_amount: 10.61200
data_price_hour_abs_22_amount: 10.61200
data_price_hour_rel_+09_amount: 9.54900
data_price_hour_abs_23_amount: 9.54900