date_now: 2025-09-12 14:31:03
date_now_epoch: 1757680263500
date_now_day: 12
date_now_month: 9
date_now_year: 2025
date_start: 2025-09-12 00:00:00
date_end: 2025-09-12 23:59:59
price_low: -0.86600
price_high: 15.53600
price_median: 4.06500
price_average: 5.41304
price_current: -0.61900
price_unit: Cent/kWh
price_threshold_00: -0.86600
price_threshold_01: -0.61900
price_threshold_02: -0.51100
price_threshold_03: -0.40000
price_threshold_04: -0.16600
price_threshold_05: -0.00100
price_threshold_06: 0.18500
price_threshold_07: 1.63500
price_threshold_08: 2.09400
price_threshold_09: 2.91500
price_threshold_10: 3.28300
price_threshold_11: 3.32300
price_threshold_12: 4.80700
price_threshold_13: 5.18400
price_threshold_14: 5.76900
price_threshold_15: 9.52900
price_threshold_16: 9.66600
price_threshold_17: 10.20100
price_threshold_18: 10.28500
price_threshold_19: 10.57300
price_threshold_20: 10.87100
price_threshold_21: 11.39600
price_threshold_22: 15.22400
price_threshold_23: 15.53600
data_price_hour_rel_-14_amount: 3.28300
data_price_hour_abs_00_amount: 3.28300
data_price_hour_rel_-13_amount: 3.32300
data_price_hour_abs_01_amount: 3.32300
data_price_hour_rel_-12_amount: 2.09400
data_price_hour_abs_02_amount: 2.09400
data_price_hour_rel_-11_amount: 1.63500
data_price_hour_abs_03_amount: 1.63500
data_price_hour_rel_-10_amount: 2.91500
data_price_hour_abs_04_amount: 2.91500
data_price_hour_rel_-09_amount: 5.18400
data_price_hour_abs_05_amount: 5.18400
data_price_hour_rel_-08_amount: 9.52900
data_price_hour_abs_06_amount: 9.52900
data_price_hour_rel_-07_amount: 10.57300
data_price_hour_abs_07_amount: 10.57300
data_price_hour_rel_-06_amount: 10.20100
data_price_hour_abs_08_amount: 10.20100
data_price_hour_rel_-05_amount: 4.80700
data_price_hour_abs_09_amount: 4.80700
data_price_hour_rel_-04_amount: 0.18500
data_price_hour_abs_10_amount: 0.18500
data_price_hour_rel_-03_amount: -0.16600
data_price_hour_abs_11_amount: -0.16600
data_price_hour_rel_-02_amount: -0.51100
data_price_hour_abs_12_amount: -0.51100
data_price_hour_rel_-01_amount: -0.86600
data_price_hour_abs_13_amount: -0.86600
data_price_hour_rel_+00_amount: -0.61900
data_price_hour_abs_14_amount: -0.61900
data_price_hour_rel_+01_amount: -0.40000
data_price_hour_abs_15_amount: -0.40000
data_price_hour_rel_+02_amount: -0.00100
data_price_hour_abs_16_amount: -0.00100
data_price_hour_rel_+03_amount: 5.76900
data_price_hour_abs_17_amount: 5.76900
data_price_hour_rel_+04_amount: 10.87100
data_price_hour_abs_18_amount: 10.87100
data_price_hour_rel_+05_amount: 15.53600
data_price_hour_abs_19_amount: 15.53600
data_price_hour_rel_+06_amount: 15.22400
data_price_hour_abs_20_amount: 15.22400
data_price_hour_rel_+07_amount: 11.39600
data_price_hour_abs_21_amount: 11.39600
data_price_hour_rel_+08_amount: 10.28500
data_price_hour_abs_22_amount: 10.28500
data_price_hour_rel_+09_amount: 9.66600
data_price_hour_abs_23_amount: 9.66600