date_now: 2025-12-02 13:38:04
date_now_epoch: 1764679084990
date_now_day: 2
date_now_month: 12
date_now_year: 2025
date_start: 2025-12-02 00:00:00
date_end: 2025-12-02 23:59:59
price_low: 5.04700
price_high: 16.32000
price_median: 8.80350
price_average: 10.03708
price_current: 9.70400
price_unit: Cent/kWh
price_threshold_00: 5.04700
price_threshold_01: 5.37300
price_threshold_02: 5.49400
price_threshold_03: 5.88200
price_threshold_04: 6.45900
price_threshold_05: 6.57800
price_threshold_06: 7.85100
price_threshold_07: 8.58300
price_threshold_08: 8.67200
price_threshold_09: 8.74500
price_threshold_10: 8.76500
price_threshold_11: 8.77900
price_threshold_12: 8.82800
price_threshold_13: 9.70400
price_threshold_14: 9.91400
price_threshold_15: 10.50100
price_threshold_16: 11.92200
price_threshold_17: 12.93500
price_threshold_18: 13.63400
price_threshold_19: 14.03700
price_threshold_20: 15.16400
price_threshold_21: 15.48900
price_threshold_22: 16.21400
price_threshold_23: 16.32000
data_price_hour_rel_-13_amount: 6.57800
data_price_hour_abs_00_amount: 6.57800
data_price_hour_rel_-12_amount: 5.88200
data_price_hour_abs_01_amount: 5.88200
data_price_hour_rel_-11_amount: 5.49400
data_price_hour_abs_02_amount: 5.49400
data_price_hour_rel_-10_amount: 5.37300
data_price_hour_abs_03_amount: 5.37300
data_price_hour_rel_-09_amount: 5.04700
data_price_hour_abs_04_amount: 5.04700
data_price_hour_rel_-08_amount: 6.45900
data_price_hour_abs_05_amount: 6.45900
data_price_hour_rel_-07_amount: 7.85100
data_price_hour_abs_06_amount: 7.85100
data_price_hour_rel_-06_amount: 8.77900
data_price_hour_abs_07_amount: 8.77900
data_price_hour_rel_-05_amount: 8.76500
data_price_hour_abs_08_amount: 8.76500
data_price_hour_rel_-04_amount: 8.82800
data_price_hour_abs_09_amount: 8.82800
data_price_hour_rel_-03_amount: 8.58300
data_price_hour_abs_10_amount: 8.58300
data_price_hour_rel_-02_amount: 8.67200
data_price_hour_abs_11_amount: 8.67200
data_price_hour_rel_-01_amount: 8.74500
data_price_hour_abs_12_amount: 8.74500
data_price_hour_rel_+00_amount: 9.70400
data_price_hour_abs_13_amount: 9.70400
data_price_hour_rel_+01_amount: 10.50100
data_price_hour_abs_14_amount: 10.50100
data_price_hour_rel_+02_amount: 14.03700
data_price_hour_abs_15_amount: 14.03700
data_price_hour_rel_+03_amount: 13.63400
data_price_hour_abs_16_amount: 13.63400
data_price_hour_rel_+04_amount: 15.16400
data_price_hour_abs_17_amount: 15.16400
data_price_hour_rel_+05_amount: 16.21400
data_price_hour_abs_18_amount: 16.21400
data_price_hour_rel_+06_amount: 16.32000
data_price_hour_abs_19_amount: 16.32000
data_price_hour_rel_+07_amount: 15.48900
data_price_hour_abs_20_amount: 15.48900
data_price_hour_rel_+08_amount: 12.93500
data_price_hour_abs_21_amount: 12.93500
data_price_hour_rel_+09_amount: 11.92200
data_price_hour_abs_22_amount: 11.92200
data_price_hour_rel_+10_amount: 9.91400
data_price_hour_abs_23_amount: 9.91400