date_now: 2025-10-30 13:34:54
date_now_epoch: 1761827694747
date_now_day: 30
date_now_month: 10
date_now_year: 2025
date_start: 2025-10-30 00:00:00
date_end: 2025-10-30 23:59:59
price_low: 0.00000
price_high: 11.79300
price_median: 6.99550
price_average: 6.94117
price_current: 0.00000
price_unit: Cent/kWh
price_threshold_00: 0.00000
price_threshold_01: 0.00000
price_threshold_02: 0.70800
price_threshold_03: 3.12900
price_threshold_04: 4.29000
price_threshold_05: 5.71500
price_threshold_06: 6.00100
price_threshold_07: 6.04200
price_threshold_08: 6.55300
price_threshold_09: 6.67200
price_threshold_10: 6.91800
price_threshold_11: 6.98000
price_threshold_12: 7.01100
price_threshold_13: 7.52500
price_threshold_14: 7.99400
price_threshold_15: 8.48300
price_threshold_16: 8.53000
price_threshold_17: 8.53000
price_threshold_18: 9.80400
price_threshold_19: 9.84400
price_threshold_20: 10.52900
price_threshold_21: 11.76700
price_threshold_22: 11.77000
price_threshold_23: 11.79300
data_price_hour_rel_-13_amount: 7.52500
data_price_hour_abs_00_amount: 7.52500
data_price_hour_rel_-12_amount: 7.01100
data_price_hour_abs_01_amount: 7.01100
data_price_hour_rel_-11_amount: 6.55300
data_price_hour_abs_02_amount: 6.55300
data_price_hour_rel_-10_amount: 6.04200
data_price_hour_abs_03_amount: 6.04200
data_price_hour_rel_-09_amount: 5.71500
data_price_hour_abs_04_amount: 5.71500
data_price_hour_rel_-08_amount: 6.00100
data_price_hour_abs_05_amount: 6.00100
data_price_hour_rel_-07_amount: 6.91800
data_price_hour_abs_06_amount: 6.91800
data_price_hour_rel_-06_amount: 7.99400
data_price_hour_abs_07_amount: 7.99400
data_price_hour_rel_-05_amount: 8.53000
data_price_hour_abs_08_amount: 8.53000
data_price_hour_rel_-04_amount: 6.67200
data_price_hour_abs_09_amount: 6.67200
data_price_hour_rel_-03_amount: 4.29000
data_price_hour_abs_10_amount: 4.29000
data_price_hour_rel_-02_amount: 0.70800
data_price_hour_abs_11_amount: 0.70800
data_price_hour_rel_-01_amount: 0.00000
data_price_hour_abs_12_amount: 0.00000
data_price_hour_rel_+00_amount: 0.00000
data_price_hour_abs_13_amount: 0.00000
data_price_hour_rel_+01_amount: 3.12900
data_price_hour_abs_14_amount: 3.12900
data_price_hour_rel_+02_amount: 6.98000
data_price_hour_abs_15_amount: 6.98000
data_price_hour_rel_+03_amount: 8.53000
data_price_hour_abs_16_amount: 8.53000
data_price_hour_rel_+04_amount: 11.79300
data_price_hour_abs_17_amount: 11.79300
data_price_hour_rel_+05_amount: 11.77000
data_price_hour_abs_18_amount: 11.77000
data_price_hour_rel_+06_amount: 11.76700
data_price_hour_abs_19_amount: 11.76700
data_price_hour_rel_+07_amount: 10.52900
data_price_hour_abs_20_amount: 10.52900
data_price_hour_rel_+08_amount: 9.80400
data_price_hour_abs_21_amount: 9.80400
data_price_hour_rel_+09_amount: 9.84400
data_price_hour_abs_22_amount: 9.84400
data_price_hour_rel_+10_amount: 8.48300
data_price_hour_abs_23_amount: 8.48300