date_now: 2025-08-03 14:35:22
date_now_epoch: 1754224522814
date_now_day: 3
date_now_month: 8
date_now_year: 2025
date_start: 2025-08-03 00:00:00
date_end: 2025-08-03 23:59:59
price_low: -1.00800
price_high: 9.78700
price_median: 5.33900
price_average: 4.22483
price_current: -1.00800
price_unit: Cent/kWh
price_threshold_00: -1.00800
price_threshold_01: -0.99000
price_threshold_02: -0.49800
price_threshold_03: -0.30000
price_threshold_04: -0.21000
price_threshold_05: -0.15000
price_threshold_06: -0.10100
price_threshold_07: 0.00000
price_threshold_08: 0.36100
price_threshold_09: 0.61600
price_threshold_10: 2.60000
price_threshold_11: 4.68000
price_threshold_12: 5.99800
price_threshold_13: 6.57700
price_threshold_14: 6.81400
price_threshold_15: 7.11300
price_threshold_16: 7.19500
price_threshold_17: 7.75200
price_threshold_18: 8.50900
price_threshold_19: 8.50900
price_threshold_20: 8.81300
price_threshold_21: 9.59900
price_threshold_22: 9.73000
price_threshold_23: 9.78700
data_price_hour_rel_-14_amount: 8.50900
data_price_hour_abs_00_amount: 8.50900
data_price_hour_rel_-13_amount: 7.75200
data_price_hour_abs_01_amount: 7.75200
data_price_hour_rel_-12_amount: 7.19500
data_price_hour_abs_02_amount: 7.19500
data_price_hour_rel_-11_amount: 6.81400
data_price_hour_abs_03_amount: 6.81400
data_price_hour_rel_-10_amount: 6.57700
data_price_hour_abs_04_amount: 6.57700
data_price_hour_rel_-09_amount: 5.99800
data_price_hour_abs_05_amount: 5.99800
data_price_hour_rel_-08_amount: 4.68000
data_price_hour_abs_06_amount: 4.68000
data_price_hour_rel_-07_amount: 2.60000
data_price_hour_abs_07_amount: 2.60000
data_price_hour_rel_-06_amount: 0.61600
data_price_hour_abs_08_amount: 0.61600
data_price_hour_rel_-05_amount: 0.00000
data_price_hour_abs_09_amount: 0.00000
data_price_hour_rel_-04_amount: -0.10100
data_price_hour_abs_10_amount: -0.10100
data_price_hour_rel_-03_amount: -0.21000
data_price_hour_abs_11_amount: -0.21000
data_price_hour_rel_-02_amount: -0.30000
data_price_hour_abs_12_amount: -0.30000
data_price_hour_rel_-01_amount: -0.99000
data_price_hour_abs_13_amount: -0.99000
data_price_hour_rel_+00_amount: -1.00800
data_price_hour_abs_14_amount: -1.00800
data_price_hour_rel_+01_amount: -0.49800
data_price_hour_abs_15_amount: -0.49800
data_price_hour_rel_+02_amount: -0.15000
data_price_hour_abs_16_amount: -0.15000
data_price_hour_rel_+03_amount: 0.36100
data_price_hour_abs_17_amount: 0.36100
data_price_hour_rel_+04_amount: 7.11300
data_price_hour_abs_18_amount: 7.11300
data_price_hour_rel_+05_amount: 8.81300
data_price_hour_abs_19_amount: 8.81300
data_price_hour_rel_+06_amount: 9.78700
data_price_hour_abs_20_amount: 9.78700
data_price_hour_rel_+07_amount: 9.59900
data_price_hour_abs_21_amount: 9.59900
data_price_hour_rel_+08_amount: 9.73000
data_price_hour_abs_22_amount: 9.73000
data_price_hour_rel_+09_amount: 8.50900
data_price_hour_abs_23_amount: 8.50900