date_now: 2025-03-21 13:30:02
date_now_epoch: 1742560202349
date_now_day: 21
date_now_month: 3
date_now_year: 2025
date_start: 2025-03-21 00:00:00
date_end: 2025-03-21 23:59:59
price_low: 0.00000
price_high: 15.60000
price_median: 7.84050
price_average: 7.35237
price_current: 0.00000
price_unit: Cent/kWh
price_threshold_00: 0.00000
price_threshold_01: 0.08100
price_threshold_02: 0.24900
price_threshold_03: 0.73500
price_threshold_04: 1.23600
price_threshold_05: 1.84500
price_threshold_06: 2.71300
price_threshold_07: 4.32500
price_threshold_08: 4.62200
price_threshold_09: 4.71900
price_threshold_10: 7.00000
price_threshold_11: 7.33100
price_threshold_12: 8.35000
price_threshold_13: 10.02400
price_threshold_14: 10.58100
price_threshold_15: 10.91000
price_threshold_16: 11.07300
price_threshold_17: 11.27400
price_threshold_18: 11.64100
price_threshold_19: 12.06500
price_threshold_20: 12.50700
price_threshold_21: 12.74900
price_threshold_22: 14.82700
price_threshold_23: 15.60000
data_price_hour_rel_-13_amount: 12.50700
data_price_hour_abs_00_amount: 12.50700
data_price_hour_rel_-12_amount: 11.64100
data_price_hour_abs_01_amount: 11.64100
data_price_hour_rel_-11_amount: 11.27400
data_price_hour_abs_02_amount: 11.27400
data_price_hour_rel_-10_amount: 10.58100
data_price_hour_abs_03_amount: 10.58100
data_price_hour_rel_-09_amount: 10.91000
data_price_hour_abs_04_amount: 10.91000
data_price_hour_rel_-08_amount: 12.74900
data_price_hour_abs_05_amount: 12.74900
data_price_hour_rel_-07_amount: 15.60000
data_price_hour_abs_06_amount: 15.60000
data_price_hour_rel_-06_amount: 14.82700
data_price_hour_abs_07_amount: 14.82700
data_price_hour_rel_-05_amount: 11.07300
data_price_hour_abs_08_amount: 11.07300
data_price_hour_rel_-04_amount: 7.33100
data_price_hour_abs_09_amount: 7.33100
data_price_hour_rel_-03_amount: 4.32500
data_price_hour_abs_10_amount: 4.32500
data_price_hour_rel_-02_amount: 0.73500
data_price_hour_abs_11_amount: 0.73500
data_price_hour_rel_-01_amount: 0.08100
data_price_hour_abs_12_amount: 0.08100
data_price_hour_rel_+00_amount: 0.00000
data_price_hour_abs_13_amount: 0.00000
data_price_hour_rel_+01_amount: 0.24900
data_price_hour_abs_14_amount: 0.24900
data_price_hour_rel_+02_amount: 1.23600
data_price_hour_abs_15_amount: 1.23600
data_price_hour_rel_+03_amount: 4.62200
data_price_hour_abs_16_amount: 4.62200
data_price_hour_rel_+04_amount: 10.02400
data_price_hour_abs_17_amount: 10.02400
data_price_hour_rel_+05_amount: 12.06500
data_price_hour_abs_18_amount: 12.06500
data_price_hour_rel_+06_amount: 8.35000
data_price_hour_abs_19_amount: 8.35000
data_price_hour_rel_+07_amount: 7.00000
data_price_hour_abs_20_amount: 7.00000
data_price_hour_rel_+08_amount: 4.71900
data_price_hour_abs_21_amount: 4.71900
data_price_hour_rel_+09_amount: 2.71300
data_price_hour_abs_22_amount: 2.71300
data_price_hour_rel_+10_amount: 1.84500
data_price_hour_abs_23_amount: 1.84500