date_now: 2025-02-27 13:29:33
date_now_epoch: 1740659373276
date_now_day: 27
date_now_month: 2
date_now_year: 2025
date_start: 2025-02-27 00:00:00
date_end: 2025-02-27 23:59:59
price_low: 9.96000
price_high: 17.47100
price_median: 11.90900
price_average: 12.60321
price_current: 10.92500
price_unit: Cent/kWh
price_threshold_00: 9.96000
price_threshold_01: 10.04300
price_threshold_02: 10.11000
price_threshold_03: 10.12400
price_threshold_04: 10.14800
price_threshold_05: 10.38100
price_threshold_06: 10.58700
price_threshold_07: 10.92500
price_threshold_08: 11.00000
price_threshold_09: 11.00000
price_threshold_10: 11.48900
price_threshold_11: 11.51800
price_threshold_12: 12.30000
price_threshold_13: 12.46900
price_threshold_14: 12.99400
price_threshold_15: 13.65400
price_threshold_16: 14.25800
price_threshold_17: 14.26200
price_threshold_18: 14.46100
price_threshold_19: 15.23200
price_threshold_20: 15.86900
price_threshold_21: 15.90500
price_threshold_22: 16.31700
price_threshold_23: 17.47100
data_price_hour_rel_-13_amount: 10.14800
data_price_hour_abs_00_amount: 10.14800
data_price_hour_rel_-12_amount: 10.38100
data_price_hour_abs_01_amount: 10.38100
data_price_hour_rel_-11_amount: 10.12400
data_price_hour_abs_02_amount: 10.12400
data_price_hour_rel_-10_amount: 9.96000
data_price_hour_abs_03_amount: 9.96000
data_price_hour_rel_-09_amount: 10.04300
data_price_hour_abs_04_amount: 10.04300
data_price_hour_rel_-08_amount: 10.58700
data_price_hour_abs_05_amount: 10.58700
data_price_hour_rel_-07_amount: 11.51800
data_price_hour_abs_06_amount: 11.51800
data_price_hour_rel_-06_amount: 15.23200
data_price_hour_abs_07_amount: 15.23200
data_price_hour_rel_-05_amount: 15.90500
data_price_hour_abs_08_amount: 15.90500
data_price_hour_rel_-04_amount: 14.25800
data_price_hour_abs_09_amount: 14.25800
data_price_hour_rel_-03_amount: 12.99400
data_price_hour_abs_10_amount: 12.99400
data_price_hour_rel_-02_amount: 11.00000
data_price_hour_abs_11_amount: 11.00000
data_price_hour_rel_-01_amount: 10.11000
data_price_hour_abs_12_amount: 10.11000
data_price_hour_rel_+00_amount: 10.92500
data_price_hour_abs_13_amount: 10.92500
data_price_hour_rel_+01_amount: 11.00000
data_price_hour_abs_14_amount: 11.00000
data_price_hour_rel_+02_amount: 12.30000
data_price_hour_abs_15_amount: 12.30000
data_price_hour_rel_+03_amount: 14.26200
data_price_hour_abs_16_amount: 14.26200
data_price_hour_rel_+04_amount: 15.86900
data_price_hour_abs_17_amount: 15.86900
data_price_hour_rel_+05_amount: 17.47100
data_price_hour_abs_18_amount: 17.47100
data_price_hour_rel_+06_amount: 16.31700
data_price_hour_abs_19_amount: 16.31700
data_price_hour_rel_+07_amount: 14.46100
data_price_hour_abs_20_amount: 14.46100
data_price_hour_rel_+08_amount: 13.65400
data_price_hour_abs_21_amount: 13.65400
data_price_hour_rel_+09_amount: 12.46900
data_price_hour_abs_22_amount: 12.46900
data_price_hour_rel_+10_amount: 11.48900
data_price_hour_abs_23_amount: 11.48900