date_now: 2025-07-19 14:33:16
date_now_epoch: 1752928396487
date_now_day: 19
date_now_month: 7
date_now_year: 2025
date_start: 2025-07-19 00:00:00
date_end: 2025-07-19 23:59:59
price_low: -0.00100
price_high: 11.44700
price_median: 9.58800
price_average: 7.01421
price_current: 0.00000
price_unit: Cent/kWh
price_threshold_00: -0.00100
price_threshold_01: 0.00000
price_threshold_02: 0.00000
price_threshold_03: 0.06500
price_threshold_04: 0.20800
price_threshold_05: 1.00000
price_threshold_06: 2.93300
price_threshold_07: 5.29800
price_threshold_08: 7.68500
price_threshold_09: 7.88900
price_threshold_10: 8.68900
price_threshold_11: 9.36900
price_threshold_12: 9.80700
price_threshold_13: 9.83800
price_threshold_14: 9.83900
price_threshold_15: 9.84000
price_threshold_16: 10.16300
price_threshold_17: 10.31900
price_threshold_18: 10.53500
price_threshold_19: 10.56300
price_threshold_20: 10.76000
price_threshold_21: 10.80800
price_threshold_22: 11.28700
price_threshold_23: 11.44700
data_price_hour_rel_-14_amount: 10.76000
data_price_hour_abs_00_amount: 10.76000
data_price_hour_rel_-13_amount: 10.53500
data_price_hour_abs_01_amount: 10.53500
data_price_hour_rel_-12_amount: 10.31900
data_price_hour_abs_02_amount: 10.31900
data_price_hour_rel_-11_amount: 10.16300
data_price_hour_abs_03_amount: 10.16300
data_price_hour_rel_-10_amount: 9.83800
data_price_hour_abs_04_amount: 9.83800
data_price_hour_rel_-09_amount: 9.36900
data_price_hour_abs_05_amount: 9.36900
data_price_hour_rel_-08_amount: 9.83900
data_price_hour_abs_06_amount: 9.83900
data_price_hour_rel_-07_amount: 8.68900
data_price_hour_abs_07_amount: 8.68900
data_price_hour_rel_-06_amount: 7.88900
data_price_hour_abs_08_amount: 7.88900
data_price_hour_rel_-05_amount: 5.29800
data_price_hour_abs_09_amount: 5.29800
data_price_hour_rel_-04_amount: 1.00000
data_price_hour_abs_10_amount: 1.00000
data_price_hour_rel_-03_amount: 0.06500
data_price_hour_abs_11_amount: 0.06500
data_price_hour_rel_-02_amount: 0.00000
data_price_hour_abs_12_amount: 0.00000
data_price_hour_rel_-01_amount: -0.00100
data_price_hour_abs_13_amount: -0.00100
data_price_hour_rel_+00_amount: 0.00000
data_price_hour_abs_14_amount: 0.00000
data_price_hour_rel_+01_amount: 0.20800
data_price_hour_abs_15_amount: 0.20800
data_price_hour_rel_+02_amount: 2.93300
data_price_hour_abs_16_amount: 2.93300
data_price_hour_rel_+03_amount: 7.68500
data_price_hour_abs_17_amount: 7.68500
data_price_hour_rel_+04_amount: 9.84000
data_price_hour_abs_18_amount: 9.84000
data_price_hour_rel_+05_amount: 11.44700
data_price_hour_abs_19_amount: 11.44700
data_price_hour_rel_+06_amount: 11.28700
data_price_hour_abs_20_amount: 11.28700
data_price_hour_rel_+07_amount: 10.80800
data_price_hour_abs_21_amount: 10.80800
data_price_hour_rel_+08_amount: 10.56300
data_price_hour_abs_22_amount: 10.56300
data_price_hour_rel_+09_amount: 9.80700
data_price_hour_abs_23_amount: 9.80700