date_now: 2025-01-11 13:26:29
date_now_epoch: 1736598389946
date_now_day: 11
date_now_month: 1
date_now_year: 2025
date_start: 2025-01-11 00:00:00
date_end: 2025-01-11 23:59:59
price_low: 8.81300
price_high: 12.23400
price_median: 10.21000
price_average: 10.18904
price_current: 9.31500
price_unit: Cent/kWh
price_threshold_00: 8.81300
price_threshold_01: 8.83500
price_threshold_02: 8.84000
price_threshold_03: 8.94500
price_threshold_04: 9.31500
price_threshold_05: 9.46800
price_threshold_06: 9.49000
price_threshold_07: 9.57100
price_threshold_08: 9.67400
price_threshold_09: 9.89900
price_threshold_10: 9.95600
price_threshold_11: 10.11300
price_threshold_12: 10.30700
price_threshold_13: 10.31400
price_threshold_14: 10.48000
price_threshold_15: 10.48900
price_threshold_16: 10.56900
price_threshold_17: 10.66400
price_threshold_18: 10.76500
price_threshold_19: 11.11900
price_threshold_20: 11.21200
price_threshold_21: 11.48500
price_threshold_22: 11.98000
price_threshold_23: 12.23400
data_price_hour_rel_-13_amount: 10.66400
data_price_hour_abs_00_amount: 10.66400
data_price_hour_rel_-12_amount: 9.89900
data_price_hour_abs_01_amount: 9.89900
data_price_hour_rel_-11_amount: 9.57100
data_price_hour_abs_02_amount: 9.57100
data_price_hour_rel_-10_amount: 8.94500
data_price_hour_abs_03_amount: 8.94500
data_price_hour_rel_-09_amount: 8.83500
data_price_hour_abs_04_amount: 8.83500
data_price_hour_rel_-08_amount: 8.84000
data_price_hour_abs_05_amount: 8.84000
data_price_hour_rel_-07_amount: 8.81300
data_price_hour_abs_06_amount: 8.81300
data_price_hour_rel_-06_amount: 9.46800
data_price_hour_abs_07_amount: 9.46800
data_price_hour_rel_-05_amount: 10.76500
data_price_hour_abs_08_amount: 10.76500
data_price_hour_rel_-04_amount: 10.31400
data_price_hour_abs_09_amount: 10.31400
data_price_hour_rel_-03_amount: 10.11300
data_price_hour_abs_10_amount: 10.11300
data_price_hour_rel_-02_amount: 9.95600
data_price_hour_abs_11_amount: 9.95600
data_price_hour_rel_-01_amount: 9.67400
data_price_hour_abs_12_amount: 9.67400
data_price_hour_rel_+00_amount: 9.31500
data_price_hour_abs_13_amount: 9.31500
data_price_hour_rel_+01_amount: 9.49000
data_price_hour_abs_14_amount: 9.49000
data_price_hour_rel_+02_amount: 10.48900
data_price_hour_abs_15_amount: 10.48900
data_price_hour_rel_+03_amount: 11.21200
data_price_hour_abs_16_amount: 11.21200
data_price_hour_rel_+04_amount: 11.98000
data_price_hour_abs_17_amount: 11.98000
data_price_hour_rel_+05_amount: 12.23400
data_price_hour_abs_18_amount: 12.23400
data_price_hour_rel_+06_amount: 11.48500
data_price_hour_abs_19_amount: 11.48500
data_price_hour_rel_+07_amount: 11.11900
data_price_hour_abs_20_amount: 11.11900
data_price_hour_rel_+08_amount: 10.48000
data_price_hour_abs_21_amount: 10.48000
data_price_hour_rel_+09_amount: 10.30700
data_price_hour_abs_22_amount: 10.30700
data_price_hour_rel_+10_amount: 10.56900
data_price_hour_abs_23_amount: 10.56900