date_now: 2025-03-05 13:29:56
date_now_epoch: 1741177796615
date_now_day: 5
date_now_month: 3
date_now_year: 2025
date_start: 2025-03-05 00:00:00
date_end: 2025-03-05 23:59:59
price_low: -0.42800
price_high: 14.62300
price_median: 8.77650
price_average: 7.85538
price_current: -0.37000
price_unit: Cent/kWh
price_threshold_00: -0.42800
price_threshold_01: -0.37000
price_threshold_02: -0.00700
price_threshold_03: 0.00200
price_threshold_04: 0.00500
price_threshold_05: 4.16300
price_threshold_06: 4.85000
price_threshold_07: 7.97100
price_threshold_08: 8.16300
price_threshold_09: 8.30100
price_threshold_10: 8.30700
price_threshold_11: 8.56400
price_threshold_12: 8.98900
price_threshold_13: 9.00500
price_threshold_14: 9.19400
price_threshold_15: 9.69800
price_threshold_16: 10.81200
price_threshold_17: 10.91200
price_threshold_18: 11.55700
price_threshold_19: 12.30000
price_threshold_20: 13.31300
price_threshold_21: 14.01600
price_threshold_22: 14.58900
price_threshold_23: 14.62300
data_price_hour_rel_-13_amount: 9.00500
data_price_hour_abs_00_amount: 9.00500
data_price_hour_rel_-12_amount: 8.30700
data_price_hour_abs_01_amount: 8.30700
data_price_hour_rel_-11_amount: 8.30100
data_price_hour_abs_02_amount: 8.30100
data_price_hour_rel_-10_amount: 7.97100
data_price_hour_abs_03_amount: 7.97100
data_price_hour_rel_-09_amount: 8.16300
data_price_hour_abs_04_amount: 8.16300
data_price_hour_rel_-08_amount: 9.19400
data_price_hour_abs_05_amount: 9.19400
data_price_hour_rel_-07_amount: 11.55700
data_price_hour_abs_06_amount: 11.55700
data_price_hour_rel_-06_amount: 14.01600
data_price_hour_abs_07_amount: 14.01600
data_price_hour_rel_-05_amount: 8.56400
data_price_hour_abs_08_amount: 8.56400
data_price_hour_rel_-04_amount: 4.16300
data_price_hour_abs_09_amount: 4.16300
data_price_hour_rel_-03_amount: 0.00200
data_price_hour_abs_10_amount: 0.00200
data_price_hour_rel_-02_amount: -0.00700
data_price_hour_abs_11_amount: -0.00700
data_price_hour_rel_-01_amount: -0.42800
data_price_hour_abs_12_amount: -0.42800
data_price_hour_rel_+00_amount: -0.37000
data_price_hour_abs_13_amount: -0.37000
data_price_hour_rel_+01_amount: 0.00500
data_price_hour_abs_14_amount: 0.00500
data_price_hour_rel_+02_amount: 4.85000
data_price_hour_abs_15_amount: 4.85000
data_price_hour_rel_+03_amount: 8.98900
data_price_hour_abs_16_amount: 8.98900
data_price_hour_rel_+04_amount: 13.31300
data_price_hour_abs_17_amount: 13.31300
data_price_hour_rel_+05_amount: 14.62300
data_price_hour_abs_18_amount: 14.62300
data_price_hour_rel_+06_amount: 14.58900
data_price_hour_abs_19_amount: 14.58900
data_price_hour_rel_+07_amount: 12.30000
data_price_hour_abs_20_amount: 12.30000
data_price_hour_rel_+08_amount: 10.81200
data_price_hour_abs_21_amount: 10.81200
data_price_hour_rel_+09_amount: 10.91200
data_price_hour_abs_22_amount: 10.91200
data_price_hour_rel_+10_amount: 9.69800
data_price_hour_abs_23_amount: 9.69800