date_now: 2025-10-19 14:29:53
date_now_epoch: 1760876993614
date_now_day: 19
date_now_month: 10
date_now_year: 2025
date_start: 2025-10-19 00:00:00
date_end: 2025-10-19 23:59:59
price_low: 2.03000
price_high: 10.76900
price_median: 8.22150
price_average: 7.53554
price_current: 3.62200
price_unit: Cent/kWh
price_threshold_00: 2.03000
price_threshold_01: 3.45700
price_threshold_02: 3.62200
price_threshold_03: 6.03000
price_threshold_04: 6.08600
price_threshold_05: 6.67700
price_threshold_06: 6.96400
price_threshold_07: 7.31500
price_threshold_08: 7.47400
price_threshold_09: 7.55000
price_threshold_10: 7.84300
price_threshold_11: 8.21400
price_threshold_12: 8.22900
price_threshold_13: 8.32100
price_threshold_14: 8.35000
price_threshold_15: 8.52500
price_threshold_16: 8.52600
price_threshold_17: 8.56200
price_threshold_18: 8.71600
price_threshold_19: 8.75900
price_threshold_20: 8.99300
price_threshold_21: 9.23400
price_threshold_22: 10.60700
price_threshold_23: 10.76900
data_price_hour_rel_-14_amount: 9.23400
data_price_hour_abs_00_amount: 9.23400
data_price_hour_rel_-13_amount: 8.75900
data_price_hour_abs_01_amount: 8.75900
data_price_hour_rel_-12_amount: 8.22900
data_price_hour_abs_02_amount: 8.22900
data_price_hour_rel_-11_amount: 8.21400
data_price_hour_abs_03_amount: 8.21400
data_price_hour_rel_-10_amount: 8.32100
data_price_hour_abs_04_amount: 8.32100
data_price_hour_rel_-09_amount: 8.35000
data_price_hour_abs_05_amount: 8.35000
data_price_hour_rel_-08_amount: 8.52500
data_price_hour_abs_06_amount: 8.52500
data_price_hour_rel_-07_amount: 8.52600
data_price_hour_abs_07_amount: 8.52600
data_price_hour_rel_-06_amount: 8.71600
data_price_hour_abs_08_amount: 8.71600
data_price_hour_rel_-05_amount: 7.84300
data_price_hour_abs_09_amount: 7.84300
data_price_hour_rel_-04_amount: 6.96400
data_price_hour_abs_10_amount: 6.96400
data_price_hour_rel_-03_amount: 6.03000
data_price_hour_abs_11_amount: 6.03000
data_price_hour_rel_-02_amount: 3.45700
data_price_hour_abs_12_amount: 3.45700
data_price_hour_rel_-01_amount: 2.03000
data_price_hour_abs_13_amount: 2.03000
data_price_hour_rel_+00_amount: 3.62200
data_price_hour_abs_14_amount: 3.62200
data_price_hour_rel_+01_amount: 6.67700
data_price_hour_abs_15_amount: 6.67700
data_price_hour_rel_+02_amount: 8.99300
data_price_hour_abs_16_amount: 8.99300
data_price_hour_rel_+03_amount: 10.60700
data_price_hour_abs_17_amount: 10.60700
data_price_hour_rel_+04_amount: 10.76900
data_price_hour_abs_18_amount: 10.76900
data_price_hour_rel_+05_amount: 8.56200
data_price_hour_abs_19_amount: 8.56200
data_price_hour_rel_+06_amount: 7.55000
data_price_hour_abs_20_amount: 7.55000
data_price_hour_rel_+07_amount: 7.31500
data_price_hour_abs_21_amount: 7.31500
data_price_hour_rel_+08_amount: 7.47400
data_price_hour_abs_22_amount: 7.47400
data_price_hour_rel_+09_amount: 6.08600
data_price_hour_abs_23_amount: 6.08600