date_now: 2025-12-04 13:38:41
date_now_epoch: 1764851921210
date_now_day: 4
date_now_month: 12
date_now_year: 2025
date_start: 2025-12-04 00:00:00
date_end: 2025-12-04 23:59:59
price_low: 9.03600
price_high: 16.39900
price_median: 13.17000
price_average: 12.48617
price_current: 14.51800
price_unit: Cent/kWh
price_threshold_00: 9.03600
price_threshold_01: 9.08300
price_threshold_02: 9.23300
price_threshold_03: 9.38800
price_threshold_04: 9.67600
price_threshold_05: 9.73800
price_threshold_06: 9.82600
price_threshold_07: 10.33500
price_threshold_08: 10.90400
price_threshold_09: 11.86000
price_threshold_10: 12.48700
price_threshold_11: 12.84100
price_threshold_12: 13.49900
price_threshold_13: 13.84100
price_threshold_14: 14.19600
price_threshold_15: 14.23300
price_threshold_16: 14.47000
price_threshold_17: 14.47000
price_threshold_18: 14.51800
price_threshold_19: 14.52000
price_threshold_20: 14.80900
price_threshold_21: 15.09900
price_threshold_22: 15.20700
price_threshold_23: 16.39900
data_price_hour_rel_-13_amount: 9.73800
data_price_hour_abs_00_amount: 9.73800
data_price_hour_rel_-12_amount: 9.38800
data_price_hour_abs_01_amount: 9.38800
data_price_hour_rel_-11_amount: 9.08300
data_price_hour_abs_02_amount: 9.08300
data_price_hour_rel_-10_amount: 9.03600
data_price_hour_abs_03_amount: 9.03600
data_price_hour_rel_-09_amount: 9.23300
data_price_hour_abs_04_amount: 9.23300
data_price_hour_rel_-08_amount: 9.67600
data_price_hour_abs_05_amount: 9.67600
data_price_hour_rel_-07_amount: 12.48700
data_price_hour_abs_06_amount: 12.48700
data_price_hour_rel_-06_amount: 12.84100
data_price_hour_abs_07_amount: 12.84100
data_price_hour_rel_-05_amount: 14.47000
data_price_hour_abs_08_amount: 14.47000
data_price_hour_rel_-04_amount: 16.39900
data_price_hour_abs_09_amount: 16.39900
data_price_hour_rel_-03_amount: 13.84100
data_price_hour_abs_10_amount: 13.84100
data_price_hour_rel_-02_amount: 14.80900
data_price_hour_abs_11_amount: 14.80900
data_price_hour_rel_-01_amount: 14.19600
data_price_hour_abs_12_amount: 14.19600
data_price_hour_rel_+00_amount: 14.51800
data_price_hour_abs_13_amount: 14.51800
data_price_hour_rel_+01_amount: 15.20700
data_price_hour_abs_14_amount: 15.20700
data_price_hour_rel_+02_amount: 15.09900
data_price_hour_abs_15_amount: 15.09900
data_price_hour_rel_+03_amount: 14.52000
data_price_hour_abs_16_amount: 14.52000
data_price_hour_rel_+04_amount: 14.47000
data_price_hour_abs_17_amount: 14.47000
data_price_hour_rel_+05_amount: 14.23300
data_price_hour_abs_18_amount: 14.23300
data_price_hour_rel_+06_amount: 13.49900
data_price_hour_abs_19_amount: 13.49900
data_price_hour_rel_+07_amount: 11.86000
data_price_hour_abs_20_amount: 11.86000
data_price_hour_rel_+08_amount: 10.33500
data_price_hour_abs_21_amount: 10.33500
data_price_hour_rel_+09_amount: 10.90400
data_price_hour_abs_22_amount: 10.90400
data_price_hour_rel_+10_amount: 9.82600
data_price_hour_abs_23_amount: 9.82600