date_now: 2025-04-13 14:28:30
date_now_epoch: 1744547310571
date_now_day: 13
date_now_month: 4
date_now_year: 2025
date_start: 2025-04-13 00:00:00
date_end: 2025-04-13 23:59:59
price_low: -2.53800
price_high: 12.06500
price_median: 2.94550
price_average: 3.92038
price_current: -2.53800
price_unit: Cent/kWh
price_threshold_00: -2.53800
price_threshold_01: -1.88400
price_threshold_02: -0.99300
price_threshold_03: -0.30200
price_threshold_04: -0.00200
price_threshold_05: -0.00100
price_threshold_06: 0.00000
price_threshold_07: 0.84300
price_threshold_08: 1.28700
price_threshold_09: 1.75600
price_threshold_10: 2.77500
price_threshold_11: 2.94100
price_threshold_12: 2.95000
price_threshold_13: 3.20600
price_threshold_14: 3.44800
price_threshold_15: 4.23600
price_threshold_16: 5.60000
price_threshold_17: 6.39900
price_threshold_18: 9.49800
price_threshold_19: 9.86300
price_threshold_20: 10.33500
price_threshold_21: 10.80600
price_threshold_22: 11.80100
price_threshold_23: 12.06500
data_price_hour_rel_-14_amount: 6.39900
data_price_hour_abs_00_amount: 6.39900
data_price_hour_rel_-13_amount: 5.60000
data_price_hour_abs_01_amount: 5.60000
data_price_hour_rel_-12_amount: 4.23600
data_price_hour_abs_02_amount: 4.23600
data_price_hour_rel_-11_amount: 2.95000
data_price_hour_abs_03_amount: 2.95000
data_price_hour_rel_-10_amount: 3.20600
data_price_hour_abs_04_amount: 3.20600
data_price_hour_rel_-09_amount: 3.44800
data_price_hour_abs_05_amount: 3.44800
data_price_hour_rel_-08_amount: 2.94100
data_price_hour_abs_06_amount: 2.94100
data_price_hour_rel_-07_amount: 2.77500
data_price_hour_abs_07_amount: 2.77500
data_price_hour_rel_-06_amount: 1.28700
data_price_hour_abs_08_amount: 1.28700
data_price_hour_rel_-05_amount: 0.84300
data_price_hour_abs_09_amount: 0.84300
data_price_hour_rel_-04_amount: 0.00000
data_price_hour_abs_10_amount: 0.00000
data_price_hour_rel_-03_amount: -0.00200
data_price_hour_abs_11_amount: -0.00200
data_price_hour_rel_-02_amount: -0.30200
data_price_hour_abs_12_amount: -0.30200
data_price_hour_rel_-01_amount: -1.88400
data_price_hour_abs_13_amount: -1.88400
data_price_hour_rel_+00_amount: -2.53800
data_price_hour_abs_14_amount: -2.53800
data_price_hour_rel_+01_amount: -0.99300
data_price_hour_abs_15_amount: -0.99300
data_price_hour_rel_+02_amount: -0.00100
data_price_hour_abs_16_amount: -0.00100
data_price_hour_rel_+03_amount: 1.75600
data_price_hour_abs_17_amount: 1.75600
data_price_hour_rel_+04_amount: 9.86300
data_price_hour_abs_18_amount: 9.86300
data_price_hour_rel_+05_amount: 12.06500
data_price_hour_abs_19_amount: 12.06500
data_price_hour_rel_+06_amount: 11.80100
data_price_hour_abs_20_amount: 11.80100
data_price_hour_rel_+07_amount: 10.80600
data_price_hour_abs_21_amount: 10.80600
data_price_hour_rel_+08_amount: 10.33500
data_price_hour_abs_22_amount: 10.33500
data_price_hour_rel_+09_amount: 9.49800
data_price_hour_abs_23_amount: 9.49800