date_now: 2025-10-22 14:35:44
date_now_epoch: 1761136544852
date_now_day: 22
date_now_month: 10
date_now_year: 2025
date_start: 2025-10-22 00:00:00
date_end: 2025-10-22 23:59:59
price_low: 8.54100
price_high: 29.64800
price_median: 10.29550
price_average: 12.50708
price_current: 9.34600
price_unit: Cent/kWh
price_threshold_00: 8.54100
price_threshold_01: 8.60000
price_threshold_02: 8.71000
price_threshold_03: 8.74900
price_threshold_04: 8.78400
price_threshold_05: 8.93500
price_threshold_06: 8.95000
price_threshold_07: 9.01800
price_threshold_08: 9.12200
price_threshold_09: 9.34600
price_threshold_10: 9.93900
price_threshold_11: 10.01800
price_threshold_12: 10.57300
price_threshold_13: 10.80900
price_threshold_14: 11.06600
price_threshold_15: 11.37600
price_threshold_16: 12.20700
price_threshold_17: 12.57200
price_threshold_18: 13.39500
price_threshold_19: 13.50000
price_threshold_20: 18.53100
price_threshold_21: 19.80500
price_threshold_22: 27.97600
price_threshold_23: 29.64800
data_price_hour_rel_-14_amount: 8.78400
data_price_hour_abs_00_amount: 8.78400
data_price_hour_rel_-13_amount: 8.74900
data_price_hour_abs_01_amount: 8.74900
data_price_hour_rel_-12_amount: 8.54100
data_price_hour_abs_02_amount: 8.54100
data_price_hour_rel_-11_amount: 8.93500
data_price_hour_abs_03_amount: 8.93500
data_price_hour_rel_-10_amount: 8.95000
data_price_hour_abs_04_amount: 8.95000
data_price_hour_rel_-09_amount: 9.01800
data_price_hour_abs_05_amount: 9.01800
data_price_hour_rel_-08_amount: 9.93900
data_price_hour_abs_06_amount: 9.93900
data_price_hour_rel_-07_amount: 10.01800
data_price_hour_abs_07_amount: 10.01800
data_price_hour_rel_-06_amount: 11.37600
data_price_hour_abs_08_amount: 11.37600
data_price_hour_rel_-05_amount: 12.57200
data_price_hour_abs_09_amount: 12.57200
data_price_hour_rel_-04_amount: 10.57300
data_price_hour_abs_10_amount: 10.57300
data_price_hour_rel_-03_amount: 9.12200
data_price_hour_abs_11_amount: 9.12200
data_price_hour_rel_-02_amount: 8.71000
data_price_hour_abs_12_amount: 8.71000
data_price_hour_rel_-01_amount: 8.60000
data_price_hour_abs_13_amount: 8.60000
data_price_hour_rel_+00_amount: 9.34600
data_price_hour_abs_14_amount: 9.34600
data_price_hour_rel_+01_amount: 11.06600
data_price_hour_abs_15_amount: 11.06600
data_price_hour_rel_+02_amount: 13.50000
data_price_hour_abs_16_amount: 13.50000
data_price_hour_rel_+03_amount: 19.80500
data_price_hour_abs_17_amount: 19.80500
data_price_hour_rel_+04_amount: 29.64800
data_price_hour_abs_18_amount: 29.64800
data_price_hour_rel_+05_amount: 27.97600
data_price_hour_abs_19_amount: 27.97600
data_price_hour_rel_+06_amount: 18.53100
data_price_hour_abs_20_amount: 18.53100
data_price_hour_rel_+07_amount: 13.39500
data_price_hour_abs_21_amount: 13.39500
data_price_hour_rel_+08_amount: 12.20700
data_price_hour_abs_22_amount: 12.20700
data_price_hour_rel_+09_amount: 10.80900
data_price_hour_abs_23_amount: 10.80900