date_now: 2025-01-26 13:24:34
date_now_epoch: 1737894274307
date_now_day: 26
date_now_month: 1
date_now_year: 2025
date_start: 2025-01-26 00:00:00
date_end: 2025-01-26 23:59:59
price_low: 2.38900
price_high: 13.27700
price_median: 10.73550
price_average: 10.14608
price_current: 9.00200
price_unit: Cent/kWh
price_threshold_00: 2.38900
price_threshold_01: 4.92500
price_threshold_02: 6.82600
price_threshold_03: 7.89300
price_threshold_04: 9.00200
price_threshold_05: 9.03200
price_threshold_06: 9.25200
price_threshold_07: 9.67300
price_threshold_08: 10.25700
price_threshold_09: 10.54300
price_threshold_10: 10.55100
price_threshold_11: 10.68500
price_threshold_12: 10.78600
price_threshold_13: 11.06000
price_threshold_14: 11.13000
price_threshold_15: 11.16300
price_threshold_16: 11.57900
price_threshold_17: 11.76200
price_threshold_18: 11.89400
price_threshold_19: 12.19700
price_threshold_20: 12.41700
price_threshold_21: 12.59200
price_threshold_22: 12.62100
price_threshold_23: 13.27700
data_price_hour_rel_-13_amount: 12.62100
data_price_hour_abs_00_amount: 12.62100
data_price_hour_rel_-12_amount: 11.57900
data_price_hour_abs_01_amount: 11.57900
data_price_hour_rel_-11_amount: 11.13000
data_price_hour_abs_02_amount: 11.13000
data_price_hour_rel_-10_amount: 10.68500
data_price_hour_abs_03_amount: 10.68500
data_price_hour_rel_-09_amount: 10.54300
data_price_hour_abs_04_amount: 10.54300
data_price_hour_rel_-08_amount: 10.78600
data_price_hour_abs_05_amount: 10.78600
data_price_hour_rel_-07_amount: 11.06000
data_price_hour_abs_06_amount: 11.06000
data_price_hour_rel_-06_amount: 11.76200
data_price_hour_abs_07_amount: 11.76200
data_price_hour_rel_-05_amount: 12.41700
data_price_hour_abs_08_amount: 12.41700
data_price_hour_rel_-04_amount: 12.19700
data_price_hour_abs_09_amount: 12.19700
data_price_hour_rel_-03_amount: 10.55100
data_price_hour_abs_10_amount: 10.55100
data_price_hour_rel_-02_amount: 10.25700
data_price_hour_abs_11_amount: 10.25700
data_price_hour_rel_-01_amount: 9.67300
data_price_hour_abs_12_amount: 9.67300
data_price_hour_rel_+00_amount: 9.00200
data_price_hour_abs_13_amount: 9.00200
data_price_hour_rel_+01_amount: 9.25200
data_price_hour_abs_14_amount: 9.25200
data_price_hour_rel_+02_amount: 11.16300
data_price_hour_abs_15_amount: 11.16300
data_price_hour_rel_+03_amount: 12.59200
data_price_hour_abs_16_amount: 12.59200
data_price_hour_rel_+04_amount: 13.27700
data_price_hour_abs_17_amount: 13.27700
data_price_hour_rel_+05_amount: 11.89400
data_price_hour_abs_18_amount: 11.89400
data_price_hour_rel_+06_amount: 9.03200
data_price_hour_abs_19_amount: 9.03200
data_price_hour_rel_+07_amount: 7.89300
data_price_hour_abs_20_amount: 7.89300
data_price_hour_rel_+08_amount: 6.82600
data_price_hour_abs_21_amount: 6.82600
data_price_hour_rel_+09_amount: 4.92500
data_price_hour_abs_22_amount: 4.92500
data_price_hour_rel_+10_amount: 2.38900
data_price_hour_abs_23_amount: 2.38900