date_now: 2025-06-06 14:33:10
date_now_epoch: 1749213190006
date_now_day: 6
date_now_month: 6
date_now_year: 2025
date_start: 2025-06-06 00:00:00
date_end: 2025-06-06 23:59:59
price_low: -0.50600
price_high: 12.92900
price_median: 5.74400
price_average: 4.86333
price_current: -0.50600
price_unit: Cent/kWh
price_threshold_00: -0.50600
price_threshold_01: -0.49600
price_threshold_02: -0.49300
price_threshold_03: -0.20700
price_threshold_04: -0.10000
price_threshold_05: -0.02700
price_threshold_06: -0.00100
price_threshold_07: 0.00000
price_threshold_08: 0.39400
price_threshold_09: 5.04700
price_threshold_10: 5.27800
price_threshold_11: 5.52700
price_threshold_12: 5.96100
price_threshold_13: 6.08600
price_threshold_14: 6.37000
price_threshold_15: 6.61200
price_threshold_16: 6.70200
price_threshold_17: 7.44300
price_threshold_18: 7.62900
price_threshold_19: 8.41900
price_threshold_20: 10.32400
price_threshold_21: 11.25700
price_threshold_22: 12.57200
price_threshold_23: 12.92900
data_price_hour_rel_-14_amount: 7.62900
data_price_hour_abs_00_amount: 7.62900
data_price_hour_rel_-13_amount: 6.61200
data_price_hour_abs_01_amount: 6.61200
data_price_hour_rel_-12_amount: 6.08600
data_price_hour_abs_02_amount: 6.08600
data_price_hour_rel_-11_amount: 5.52700
data_price_hour_abs_03_amount: 5.52700
data_price_hour_rel_-10_amount: 5.27800
data_price_hour_abs_04_amount: 5.27800
data_price_hour_rel_-09_amount: 6.37000
data_price_hour_abs_05_amount: 6.37000
data_price_hour_rel_-08_amount: 6.70200
data_price_hour_abs_06_amount: 6.70200
data_price_hour_rel_-07_amount: 7.44300
data_price_hour_abs_07_amount: 7.44300
data_price_hour_rel_-06_amount: 5.96100
data_price_hour_abs_08_amount: 5.96100
data_price_hour_rel_-05_amount: 0.39400
data_price_hour_abs_09_amount: 0.39400
data_price_hour_rel_-04_amount: -0.00100
data_price_hour_abs_10_amount: -0.00100
data_price_hour_rel_-03_amount: -0.02700
data_price_hour_abs_11_amount: -0.02700
data_price_hour_rel_-02_amount: -0.20700
data_price_hour_abs_12_amount: -0.20700
data_price_hour_rel_-01_amount: -0.49300
data_price_hour_abs_13_amount: -0.49300
data_price_hour_rel_+00_amount: -0.50600
data_price_hour_abs_14_amount: -0.50600
data_price_hour_rel_+01_amount: -0.49600
data_price_hour_abs_15_amount: -0.49600
data_price_hour_rel_+02_amount: -0.10000
data_price_hour_abs_16_amount: -0.10000
data_price_hour_rel_+03_amount: 0.00000
data_price_hour_abs_17_amount: 0.00000
data_price_hour_rel_+04_amount: 5.04700
data_price_hour_abs_18_amount: 5.04700
data_price_hour_rel_+05_amount: 8.41900
data_price_hour_abs_19_amount: 8.41900
data_price_hour_rel_+06_amount: 11.25700
data_price_hour_abs_20_amount: 11.25700
data_price_hour_rel_+07_amount: 12.92900
data_price_hour_abs_21_amount: 12.92900
data_price_hour_rel_+08_amount: 12.57200
data_price_hour_abs_22_amount: 12.57200
data_price_hour_rel_+09_amount: 10.32400
data_price_hour_abs_23_amount: 10.32400