date_now: 2025-10-21 14:35:23
date_now_epoch: 1761050123836
date_now_day: 21
date_now_month: 10
date_now_year: 2025
date_start: 2025-10-21 00:00:00
date_end: 2025-10-21 23:59:59
price_low: 2.22800
price_high: 12.18000
price_median: 7.12350
price_average: 6.78079
price_current: 3.30600
price_unit: Cent/kWh
price_threshold_00: 2.22800
price_threshold_01: 2.59100
price_threshold_02: 3.15800
price_threshold_03: 3.30600
price_threshold_04: 3.30700
price_threshold_05: 4.38300
price_threshold_06: 4.74600
price_threshold_07: 4.74600
price_threshold_08: 6.02300
price_threshold_09: 6.14800
price_threshold_10: 6.51100
price_threshold_11: 6.82000
price_threshold_12: 7.42700
price_threshold_13: 7.43300
price_threshold_14: 7.51000
price_threshold_15: 8.10600
price_threshold_16: 8.16800
price_threshold_17: 8.47200
price_threshold_18: 8.81200
price_threshold_19: 9.15800
price_threshold_20: 9.96700
price_threshold_21: 10.00000
price_threshold_22: 11.53900
price_threshold_23: 12.18000
data_price_hour_rel_-14_amount: 6.14800
data_price_hour_abs_00_amount: 6.14800
data_price_hour_rel_-13_amount: 4.38300
data_price_hour_abs_01_amount: 4.38300
data_price_hour_rel_-12_amount: 3.30700
data_price_hour_abs_02_amount: 3.30700
data_price_hour_rel_-11_amount: 2.22800
data_price_hour_abs_03_amount: 2.22800
data_price_hour_rel_-10_amount: 2.59100
data_price_hour_abs_04_amount: 2.59100
data_price_hour_rel_-09_amount: 4.74600
data_price_hour_abs_05_amount: 4.74600
data_price_hour_rel_-08_amount: 7.51000
data_price_hour_abs_06_amount: 7.51000
data_price_hour_rel_-07_amount: 8.81200
data_price_hour_abs_07_amount: 8.81200
data_price_hour_rel_-06_amount: 9.15800
data_price_hour_abs_08_amount: 9.15800
data_price_hour_rel_-05_amount: 8.47200
data_price_hour_abs_09_amount: 8.47200
data_price_hour_rel_-04_amount: 7.42700
data_price_hour_abs_10_amount: 7.42700
data_price_hour_rel_-03_amount: 6.51100
data_price_hour_abs_11_amount: 6.51100
data_price_hour_rel_-02_amount: 4.74600
data_price_hour_abs_12_amount: 4.74600
data_price_hour_rel_-01_amount: 3.15800
data_price_hour_abs_13_amount: 3.15800
data_price_hour_rel_+00_amount: 3.30600
data_price_hour_abs_14_amount: 3.30600
data_price_hour_rel_+01_amount: 6.02300
data_price_hour_abs_15_amount: 6.02300
data_price_hour_rel_+02_amount: 6.82000
data_price_hour_abs_16_amount: 6.82000
data_price_hour_rel_+03_amount: 10.00000
data_price_hour_abs_17_amount: 10.00000
data_price_hour_rel_+04_amount: 12.18000
data_price_hour_abs_18_amount: 12.18000
data_price_hour_rel_+05_amount: 11.53900
data_price_hour_abs_19_amount: 11.53900
data_price_hour_rel_+06_amount: 9.96700
data_price_hour_abs_20_amount: 9.96700
data_price_hour_rel_+07_amount: 8.10600
data_price_hour_abs_21_amount: 8.10600
data_price_hour_rel_+08_amount: 8.16800
data_price_hour_abs_22_amount: 8.16800
data_price_hour_rel_+09_amount: 7.43300
data_price_hour_abs_23_amount: 7.43300