date_now: 2025-12-13 13:33:30
date_now_epoch: 1765629210201
date_now_day: 13
date_now_month: 12
date_now_year: 2025
date_start: 2025-12-13 00:00:00
date_end: 2025-12-13 23:59:59
price_low: 7.91400
price_high: 11.97100
price_median: 9.33150
price_average: 9.59200
price_current: 9.29400
price_unit: Cent/kWh
price_threshold_00: 7.91400
price_threshold_01: 8.11400
price_threshold_02: 8.43900
price_threshold_03: 8.46700
price_threshold_04: 8.50000
price_threshold_05: 8.70400
price_threshold_06: 8.73900
price_threshold_07: 9.05000
price_threshold_08: 9.05600
price_threshold_09: 9.17100
price_threshold_10: 9.22800
price_threshold_11: 9.29400
price_threshold_12: 9.36900
price_threshold_13: 9.37600
price_threshold_14: 9.57600
price_threshold_15: 9.59500
price_threshold_16: 9.80900
price_threshold_17: 10.25900
price_threshold_18: 10.36300
price_threshold_19: 10.67700
price_threshold_20: 11.22600
price_threshold_21: 11.46600
price_threshold_22: 11.84500
price_threshold_23: 11.97100
data_price_hour_rel_-13_amount: 9.22800
data_price_hour_abs_00_amount: 9.22800
data_price_hour_rel_-12_amount: 9.05000
data_price_hour_abs_01_amount: 9.05000
data_price_hour_rel_-11_amount: 8.73900
data_price_hour_abs_02_amount: 8.73900
data_price_hour_rel_-10_amount: 8.70400
data_price_hour_abs_03_amount: 8.70400
data_price_hour_rel_-09_amount: 8.50000
data_price_hour_abs_04_amount: 8.50000
data_price_hour_rel_-08_amount: 8.46700
data_price_hour_abs_05_amount: 8.46700
data_price_hour_rel_-07_amount: 7.91400
data_price_hour_abs_06_amount: 7.91400
data_price_hour_rel_-06_amount: 8.11400
data_price_hour_abs_07_amount: 8.11400
data_price_hour_rel_-05_amount: 9.59500
data_price_hour_abs_08_amount: 9.59500
data_price_hour_rel_-04_amount: 10.67700
data_price_hour_abs_09_amount: 10.67700
data_price_hour_rel_-03_amount: 10.25900
data_price_hour_abs_10_amount: 10.25900
data_price_hour_rel_-02_amount: 9.80900
data_price_hour_abs_11_amount: 9.80900
data_price_hour_rel_-01_amount: 9.37600
data_price_hour_abs_12_amount: 9.37600
data_price_hour_rel_+00_amount: 9.29400
data_price_hour_abs_13_amount: 9.29400
data_price_hour_rel_+01_amount: 9.57600
data_price_hour_abs_14_amount: 9.57600
data_price_hour_rel_+02_amount: 11.46600
data_price_hour_abs_15_amount: 11.46600
data_price_hour_rel_+03_amount: 11.97100
data_price_hour_abs_16_amount: 11.97100
data_price_hour_rel_+04_amount: 11.84500
data_price_hour_abs_17_amount: 11.84500
data_price_hour_rel_+05_amount: 11.22600
data_price_hour_abs_18_amount: 11.22600
data_price_hour_rel_+06_amount: 10.36300
data_price_hour_abs_19_amount: 10.36300
data_price_hour_rel_+07_amount: 9.17100
data_price_hour_abs_20_amount: 9.17100
data_price_hour_rel_+08_amount: 9.05600
data_price_hour_abs_21_amount: 9.05600
data_price_hour_rel_+09_amount: 9.36900
data_price_hour_abs_22_amount: 9.36900
data_price_hour_rel_+10_amount: 8.43900
data_price_hour_abs_23_amount: 8.43900