date_now: 2025-11-05 13:35:32
date_now_epoch: 1762346132778
date_now_day: 5
date_now_month: 11
date_now_year: 2025
date_start: 2025-11-05 00:00:00
date_end: 2025-11-05 23:59:59
price_low: 6.20100
price_high: 14.74200
price_median: 8.82750
price_average: 9.34283
price_current: 7.73300
price_unit: Cent/kWh
price_threshold_00: 6.20100
price_threshold_01: 6.20700
price_threshold_02: 6.28800
price_threshold_03: 7.43600
price_threshold_04: 7.45400
price_threshold_05: 7.46800
price_threshold_06: 7.58200
price_threshold_07: 7.73300
price_threshold_08: 7.73300
price_threshold_09: 7.88900
price_threshold_10: 8.50000
price_threshold_11: 8.77000
price_threshold_12: 8.88500
price_threshold_13: 9.13600
price_threshold_14: 9.61900
price_threshold_15: 9.89200
price_threshold_16: 10.47900
price_threshold_17: 10.71200
price_threshold_18: 11.47600
price_threshold_19: 11.54000
price_threshold_20: 11.59000
price_threshold_21: 12.75800
price_threshold_22: 14.13800
price_threshold_23: 14.74200
data_price_hour_rel_-13_amount: 7.73300
data_price_hour_abs_00_amount: 7.73300
data_price_hour_rel_-12_amount: 7.58200
data_price_hour_abs_01_amount: 7.58200
data_price_hour_rel_-11_amount: 7.43600
data_price_hour_abs_02_amount: 7.43600
data_price_hour_rel_-10_amount: 7.46800
data_price_hour_abs_03_amount: 7.46800
data_price_hour_rel_-09_amount: 7.88900
data_price_hour_abs_04_amount: 7.88900
data_price_hour_rel_-08_amount: 8.50000
data_price_hour_abs_05_amount: 8.50000
data_price_hour_rel_-07_amount: 9.13600
data_price_hour_abs_06_amount: 9.13600
data_price_hour_rel_-06_amount: 11.59000
data_price_hour_abs_07_amount: 11.59000
data_price_hour_rel_-05_amount: 10.71200
data_price_hour_abs_08_amount: 10.71200
data_price_hour_rel_-04_amount: 7.45400
data_price_hour_abs_09_amount: 7.45400
data_price_hour_rel_-03_amount: 6.28800
data_price_hour_abs_10_amount: 6.28800
data_price_hour_rel_-02_amount: 6.20100
data_price_hour_abs_11_amount: 6.20100
data_price_hour_rel_-01_amount: 6.20700
data_price_hour_abs_12_amount: 6.20700
data_price_hour_rel_+00_amount: 7.73300
data_price_hour_abs_13_amount: 7.73300
data_price_hour_rel_+01_amount: 9.61900
data_price_hour_abs_14_amount: 9.61900
data_price_hour_rel_+02_amount: 11.54000
data_price_hour_abs_15_amount: 11.54000
data_price_hour_rel_+03_amount: 14.13800
data_price_hour_abs_16_amount: 14.13800
data_price_hour_rel_+04_amount: 14.74200
data_price_hour_abs_17_amount: 14.74200
data_price_hour_rel_+05_amount: 12.75800
data_price_hour_abs_18_amount: 12.75800
data_price_hour_rel_+06_amount: 11.47600
data_price_hour_abs_19_amount: 11.47600
data_price_hour_rel_+07_amount: 10.47900
data_price_hour_abs_20_amount: 10.47900
data_price_hour_rel_+08_amount: 9.89200
data_price_hour_abs_21_amount: 9.89200
data_price_hour_rel_+09_amount: 8.88500
data_price_hour_abs_22_amount: 8.88500
data_price_hour_rel_+10_amount: 8.77000
data_price_hour_abs_23_amount: 8.77000