date_now: 2025-04-24 14:32:53
date_now_epoch: 1745497973203
date_now_day: 24
date_now_month: 4
date_now_year: 2025
date_start: 2025-04-24 00:00:00
date_end: 2025-04-24 23:59:59
price_low: 7.80400
price_high: 12.16100
price_median: 9.38600
price_average: 9.67963
price_current: 7.80400
price_unit: Cent/kWh
price_threshold_00: 7.80400
price_threshold_01: 7.87200
price_threshold_02: 7.89500
price_threshold_03: 8.15600
price_threshold_04: 8.33700
price_threshold_05: 8.43500
price_threshold_06: 8.56500
price_threshold_07: 8.67000
price_threshold_08: 8.83000
price_threshold_09: 9.09300
price_threshold_10: 9.31000
price_threshold_11: 9.35500
price_threshold_12: 9.41700
price_threshold_13: 9.53600
price_threshold_14: 9.66700
price_threshold_15: 10.10200
price_threshold_16: 10.65300
price_threshold_17: 10.89100
price_threshold_18: 11.03400
price_threshold_19: 11.44800
price_threshold_20: 11.46400
price_threshold_21: 11.76500
price_threshold_22: 11.85100
price_threshold_23: 12.16100
data_price_hour_rel_-14_amount: 9.41700
data_price_hour_abs_00_amount: 9.41700
data_price_hour_rel_-13_amount: 8.83000
data_price_hour_abs_01_amount: 8.83000
data_price_hour_rel_-12_amount: 8.67000
data_price_hour_abs_02_amount: 8.67000
data_price_hour_rel_-11_amount: 8.56500
data_price_hour_abs_03_amount: 8.56500
data_price_hour_rel_-10_amount: 8.43500
data_price_hour_abs_04_amount: 8.43500
data_price_hour_rel_-09_amount: 9.09300
data_price_hour_abs_05_amount: 9.09300
data_price_hour_rel_-08_amount: 11.03400
data_price_hour_abs_06_amount: 11.03400
data_price_hour_rel_-07_amount: 11.85100
data_price_hour_abs_07_amount: 11.85100
data_price_hour_rel_-06_amount: 11.76500
data_price_hour_abs_08_amount: 11.76500
data_price_hour_rel_-05_amount: 10.89100
data_price_hour_abs_09_amount: 10.89100
data_price_hour_rel_-04_amount: 9.66700
data_price_hour_abs_10_amount: 9.66700
data_price_hour_rel_-03_amount: 9.35500
data_price_hour_abs_11_amount: 9.35500
data_price_hour_rel_-02_amount: 8.15600
data_price_hour_abs_12_amount: 8.15600
data_price_hour_rel_-01_amount: 7.89500
data_price_hour_abs_13_amount: 7.89500
data_price_hour_rel_+00_amount: 7.80400
data_price_hour_abs_14_amount: 7.80400
data_price_hour_rel_+01_amount: 7.87200
data_price_hour_abs_15_amount: 7.87200
data_price_hour_rel_+02_amount: 8.33700
data_price_hour_abs_16_amount: 8.33700
data_price_hour_rel_+03_amount: 9.53600
data_price_hour_abs_17_amount: 9.53600
data_price_hour_rel_+04_amount: 10.10200
data_price_hour_abs_18_amount: 10.10200
data_price_hour_rel_+05_amount: 11.46400
data_price_hour_abs_19_amount: 11.46400
data_price_hour_rel_+06_amount: 12.16100
data_price_hour_abs_20_amount: 12.16100
data_price_hour_rel_+07_amount: 11.44800
data_price_hour_abs_21_amount: 11.44800
data_price_hour_rel_+08_amount: 10.65300
data_price_hour_abs_22_amount: 10.65300
data_price_hour_rel_+09_amount: 9.31000
data_price_hour_abs_23_amount: 9.31000