date_now: 2025-05-15 14:33:27
date_now_epoch: 1747312407329
date_now_day: 15
date_now_month: 5
date_now_year: 2025
date_start: 2025-05-15 00:00:00
date_end: 2025-05-15 23:59:59
price_low: -1.47600
price_high: 13.07400
price_median: 8.88400
price_average: 6.62367
price_current: -1.42500
price_unit: Cent/kWh
price_threshold_00: -1.47600
price_threshold_01: -1.42500
price_threshold_02: -0.66200
price_threshold_03: -0.49700
price_threshold_04: -0.06000
price_threshold_05: -0.00800
price_threshold_06: 0.38300
price_threshold_07: 0.45800
price_threshold_08: 7.56500
price_threshold_09: 7.61100
price_threshold_10: 8.76300
price_threshold_11: 8.78000
price_threshold_12: 8.98800
price_threshold_13: 9.02800
price_threshold_14: 9.80600
price_threshold_15: 9.89400
price_threshold_16: 10.10000
price_threshold_17: 10.20600
price_threshold_18: 10.89700
price_threshold_19: 11.04900
price_threshold_20: 11.99000
price_threshold_21: 11.99100
price_threshold_22: 12.51300
price_threshold_23: 13.07400
data_price_hour_rel_-14_amount: 9.80600
data_price_hour_abs_00_amount: 9.80600
data_price_hour_rel_-13_amount: 8.98800
data_price_hour_abs_01_amount: 8.98800
data_price_hour_rel_-12_amount: 8.78000
data_price_hour_abs_02_amount: 8.78000
data_price_hour_rel_-11_amount: 8.76300
data_price_hour_abs_03_amount: 8.76300
data_price_hour_rel_-10_amount: 9.02800
data_price_hour_abs_04_amount: 9.02800
data_price_hour_rel_-09_amount: 9.89400
data_price_hour_abs_05_amount: 9.89400
data_price_hour_rel_-08_amount: 11.99000
data_price_hour_abs_06_amount: 11.99000
data_price_hour_rel_-07_amount: 11.99100
data_price_hour_abs_07_amount: 11.99100
data_price_hour_rel_-06_amount: 10.20600
data_price_hour_abs_08_amount: 10.20600
data_price_hour_rel_-05_amount: 7.56500
data_price_hour_abs_09_amount: 7.56500
data_price_hour_rel_-04_amount: 0.45800
data_price_hour_abs_10_amount: 0.45800
data_price_hour_rel_-03_amount: -0.00800
data_price_hour_abs_11_amount: -0.00800
data_price_hour_rel_-02_amount: -0.49700
data_price_hour_abs_12_amount: -0.49700
data_price_hour_rel_-01_amount: -1.47600
data_price_hour_abs_13_amount: -1.47600
data_price_hour_rel_+00_amount: -1.42500
data_price_hour_abs_14_amount: -1.42500
data_price_hour_rel_+01_amount: -0.66200
data_price_hour_abs_15_amount: -0.66200
data_price_hour_rel_+02_amount: -0.06000
data_price_hour_abs_16_amount: -0.06000
data_price_hour_rel_+03_amount: 0.38300
data_price_hour_abs_17_amount: 0.38300
data_price_hour_rel_+04_amount: 7.61100
data_price_hour_abs_18_amount: 7.61100
data_price_hour_rel_+05_amount: 10.89700
data_price_hour_abs_19_amount: 10.89700
data_price_hour_rel_+06_amount: 13.07400
data_price_hour_abs_20_amount: 13.07400
data_price_hour_rel_+07_amount: 12.51300
data_price_hour_abs_21_amount: 12.51300
data_price_hour_rel_+08_amount: 11.04900
data_price_hour_abs_22_amount: 11.04900
data_price_hour_rel_+09_amount: 10.10000
data_price_hour_abs_23_amount: 10.10000