date_now: 2025-07-06 14:31:36
date_now_epoch: 1751805096074
date_now_day: 6
date_now_month: 7
date_now_year: 2025
date_start: 2025-07-06 00:00:00
date_end: 2025-07-06 23:59:59
price_low: 0.58500
price_high: 12.50400
price_median: 8.23000
price_average: 7.34904
price_current: 1.12000
price_unit: Cent/kWh
price_threshold_00: 0.58500
price_threshold_01: 1.02600
price_threshold_02: 1.12000
price_threshold_03: 1.31900
price_threshold_04: 1.92100
price_threshold_05: 3.88100
price_threshold_06: 5.05700
price_threshold_07: 7.05700
price_threshold_08: 7.07700
price_threshold_09: 7.75700
price_threshold_10: 7.84600
price_threshold_11: 8.20000
price_threshold_12: 8.26000
price_threshold_13: 8.39500
price_threshold_14: 8.59400
price_threshold_15: 8.95000
price_threshold_16: 9.51500
price_threshold_17: 10.02900
price_threshold_18: 10.73700
price_threshold_19: 11.07800
price_threshold_20: 11.21600
price_threshold_21: 12.03200
price_threshold_22: 12.22100
price_threshold_23: 12.50400
data_price_hour_rel_-14_amount: 9.51500
data_price_hour_abs_00_amount: 9.51500
data_price_hour_rel_-13_amount: 8.95000
data_price_hour_abs_01_amount: 8.95000
data_price_hour_rel_-12_amount: 8.59400
data_price_hour_abs_02_amount: 8.59400
data_price_hour_rel_-11_amount: 8.39500
data_price_hour_abs_03_amount: 8.39500
data_price_hour_rel_-10_amount: 8.26000
data_price_hour_abs_04_amount: 8.26000
data_price_hour_rel_-09_amount: 8.20000
data_price_hour_abs_05_amount: 8.20000
data_price_hour_rel_-08_amount: 7.84600
data_price_hour_abs_06_amount: 7.84600
data_price_hour_rel_-07_amount: 7.75700
data_price_hour_abs_07_amount: 7.75700
data_price_hour_rel_-06_amount: 7.05700
data_price_hour_abs_08_amount: 7.05700
data_price_hour_rel_-05_amount: 3.88100
data_price_hour_abs_09_amount: 3.88100
data_price_hour_rel_-04_amount: 1.92100
data_price_hour_abs_10_amount: 1.92100
data_price_hour_rel_-03_amount: 1.31900
data_price_hour_abs_11_amount: 1.31900
data_price_hour_rel_-02_amount: 1.02600
data_price_hour_abs_12_amount: 1.02600
data_price_hour_rel_-01_amount: 0.58500
data_price_hour_abs_13_amount: 0.58500
data_price_hour_rel_+00_amount: 1.12000
data_price_hour_abs_14_amount: 1.12000
data_price_hour_rel_+01_amount: 5.05700
data_price_hour_abs_15_amount: 5.05700
data_price_hour_rel_+02_amount: 7.07700
data_price_hour_abs_16_amount: 7.07700
data_price_hour_rel_+03_amount: 10.02900
data_price_hour_abs_17_amount: 10.02900
data_price_hour_rel_+04_amount: 10.73700
data_price_hour_abs_18_amount: 10.73700
data_price_hour_rel_+05_amount: 11.21600
data_price_hour_abs_19_amount: 11.21600
data_price_hour_rel_+06_amount: 12.03200
data_price_hour_abs_20_amount: 12.03200
data_price_hour_rel_+07_amount: 12.50400
data_price_hour_abs_21_amount: 12.50400
data_price_hour_rel_+08_amount: 12.22100
data_price_hour_abs_22_amount: 12.22100
data_price_hour_rel_+09_amount: 11.07800
data_price_hour_abs_23_amount: 11.07800