date_now: 2025-03-13 13:30:44
date_now_epoch: 1741869044761
date_now_day: 13
date_now_month: 3
date_now_year: 2025
date_start: 2025-03-13 00:00:00
date_end: 2025-03-13 23:59:59
price_low: 9.67100
price_high: 17.34700
price_median: 11.65500
price_average: 12.51408
price_current: 10.82200
price_unit: Cent/kWh
price_threshold_00: 9.67100
price_threshold_01: 9.83500
price_threshold_02: 9.89800
price_threshold_03: 10.22500
price_threshold_04: 10.58800
price_threshold_05: 10.75400
price_threshold_06: 10.82200
price_threshold_07: 10.85200
price_threshold_08: 10.99900
price_threshold_09: 11.00100
price_threshold_10: 11.07000
price_threshold_11: 11.16300
price_threshold_12: 12.14700
price_threshold_13: 12.34800
price_threshold_14: 12.37700
price_threshold_15: 13.29900
price_threshold_16: 13.56900
price_threshold_17: 14.26500
price_threshold_18: 14.81300
price_threshold_19: 14.90000
price_threshold_20: 15.80300
price_threshold_21: 15.98700
price_threshold_22: 16.60500
price_threshold_23: 17.34700
data_price_hour_rel_-13_amount: 10.85200
data_price_hour_abs_00_amount: 10.85200
data_price_hour_rel_-12_amount: 10.22500
data_price_hour_abs_01_amount: 10.22500
data_price_hour_rel_-11_amount: 9.89800
data_price_hour_abs_02_amount: 9.89800
data_price_hour_rel_-10_amount: 9.67100
data_price_hour_abs_03_amount: 9.67100
data_price_hour_rel_-09_amount: 9.83500
data_price_hour_abs_04_amount: 9.83500
data_price_hour_rel_-08_amount: 10.58800
data_price_hour_abs_05_amount: 10.58800
data_price_hour_rel_-07_amount: 13.29900
data_price_hour_abs_06_amount: 13.29900
data_price_hour_rel_-06_amount: 15.98700
data_price_hour_abs_07_amount: 15.98700
data_price_hour_rel_-05_amount: 15.80300
data_price_hour_abs_08_amount: 15.80300
data_price_hour_rel_-04_amount: 14.81300
data_price_hour_abs_09_amount: 14.81300
data_price_hour_rel_-03_amount: 12.37700
data_price_hour_abs_10_amount: 12.37700
data_price_hour_rel_-02_amount: 11.07000
data_price_hour_abs_11_amount: 11.07000
data_price_hour_rel_-01_amount: 11.00100
data_price_hour_abs_12_amount: 11.00100
data_price_hour_rel_+00_amount: 10.82200
data_price_hour_abs_13_amount: 10.82200
data_price_hour_rel_+01_amount: 10.75400
data_price_hour_abs_14_amount: 10.75400
data_price_hour_rel_+02_amount: 10.99900
data_price_hour_abs_15_amount: 10.99900
data_price_hour_rel_+03_amount: 12.14700
data_price_hour_abs_16_amount: 12.14700
data_price_hour_rel_+04_amount: 14.26500
data_price_hour_abs_17_amount: 14.26500
data_price_hour_rel_+05_amount: 16.60500
data_price_hour_abs_18_amount: 16.60500
data_price_hour_rel_+06_amount: 17.34700
data_price_hour_abs_19_amount: 17.34700
data_price_hour_rel_+07_amount: 14.90000
data_price_hour_abs_20_amount: 14.90000
data_price_hour_rel_+08_amount: 13.56900
data_price_hour_abs_21_amount: 13.56900
data_price_hour_rel_+09_amount: 12.34800
data_price_hour_abs_22_amount: 12.34800
data_price_hour_rel_+10_amount: 11.16300
data_price_hour_abs_23_amount: 11.16300