date_now: 2025-09-18 14:32:21
date_now_epoch: 1758198741378
date_now_day: 18
date_now_month: 9
date_now_year: 2025
date_start: 2025-09-18 00:00:00
date_end: 2025-09-18 23:59:59
price_low: 0.00000
price_high: 13.42300
price_median: 6.96250
price_average: 6.57300
price_current: 0.00000
price_unit: Cent/kWh
price_threshold_00: 0.00000
price_threshold_01: 0.00000
price_threshold_02: 0.02000
price_threshold_03: 0.05200
price_threshold_04: 0.58900
price_threshold_05: 1.53100
price_threshold_06: 3.79600
price_threshold_07: 3.84700
price_threshold_08: 4.81200
price_threshold_09: 4.82900
price_threshold_10: 5.31200
price_threshold_11: 6.51000
price_threshold_12: 7.41500
price_threshold_13: 8.82000
price_threshold_14: 8.97900
price_threshold_15: 9.08000
price_threshold_16: 9.89400
price_threshold_17: 10.58100
price_threshold_18: 11.00000
price_threshold_19: 11.12800
price_threshold_20: 11.54500
price_threshold_21: 11.72100
price_threshold_22: 12.86800
price_threshold_23: 13.42300
data_price_hour_rel_-14_amount: 5.31200
data_price_hour_abs_00_amount: 5.31200
data_price_hour_rel_-13_amount: 4.82900
data_price_hour_abs_01_amount: 4.82900
data_price_hour_rel_-12_amount: 3.84700
data_price_hour_abs_02_amount: 3.84700
data_price_hour_rel_-11_amount: 3.79600
data_price_hour_abs_03_amount: 3.79600
data_price_hour_rel_-10_amount: 4.81200
data_price_hour_abs_04_amount: 4.81200
data_price_hour_rel_-09_amount: 7.41500
data_price_hour_abs_05_amount: 7.41500
data_price_hour_rel_-08_amount: 10.58100
data_price_hour_abs_06_amount: 10.58100
data_price_hour_rel_-07_amount: 11.72100
data_price_hour_abs_07_amount: 11.72100
data_price_hour_rel_-06_amount: 11.12800
data_price_hour_abs_08_amount: 11.12800
data_price_hour_rel_-05_amount: 9.08000
data_price_hour_abs_09_amount: 9.08000
data_price_hour_rel_-04_amount: 6.51000
data_price_hour_abs_10_amount: 6.51000
data_price_hour_rel_-03_amount: 0.58900
data_price_hour_abs_11_amount: 0.58900
data_price_hour_rel_-02_amount: 0.02000
data_price_hour_abs_12_amount: 0.02000
data_price_hour_rel_-01_amount: 0.00000
data_price_hour_abs_13_amount: 0.00000
data_price_hour_rel_+00_amount: 0.00000
data_price_hour_abs_14_amount: 0.00000
data_price_hour_rel_+01_amount: 0.05200
data_price_hour_abs_15_amount: 0.05200
data_price_hour_rel_+02_amount: 1.53100
data_price_hour_abs_16_amount: 1.53100
data_price_hour_rel_+03_amount: 8.97900
data_price_hour_abs_17_amount: 8.97900
data_price_hour_rel_+04_amount: 11.54500
data_price_hour_abs_18_amount: 11.54500
data_price_hour_rel_+05_amount: 13.42300
data_price_hour_abs_19_amount: 13.42300
data_price_hour_rel_+06_amount: 12.86800
data_price_hour_abs_20_amount: 12.86800
data_price_hour_rel_+07_amount: 11.00000
data_price_hour_abs_21_amount: 11.00000
data_price_hour_rel_+08_amount: 9.89400
data_price_hour_abs_22_amount: 9.89400
data_price_hour_rel_+09_amount: 8.82000
data_price_hour_abs_23_amount: 8.82000