date_now: 2025-09-22 14:33:43
date_now_epoch: 1758544423482
date_now_day: 22
date_now_month: 9
date_now_year: 2025
date_start: 2025-09-22 00:00:00
date_end: 2025-09-22 23:59:59
price_low: 7.02300
price_high: 14.09200
price_median: 9.09050
price_average: 9.74958
price_current: 7.02300
price_unit: Cent/kWh
price_threshold_00: 7.02300
price_threshold_01: 7.11700
price_threshold_02: 7.40400
price_threshold_03: 7.78600
price_threshold_04: 7.83900
price_threshold_05: 7.92100
price_threshold_06: 7.92100
price_threshold_07: 8.03500
price_threshold_08: 8.35700
price_threshold_09: 8.47900
price_threshold_10: 8.73300
price_threshold_11: 8.99900
price_threshold_12: 9.18200
price_threshold_13: 9.35900
price_threshold_14: 9.77200
price_threshold_15: 10.01300
price_threshold_16: 10.85700
price_threshold_17: 11.42400
price_threshold_18: 11.86900
price_threshold_19: 12.80800
price_threshold_20: 13.00000
price_threshold_21: 13.00000
price_threshold_22: 13.00000
price_threshold_23: 14.09200
data_price_hour_rel_-14_amount: 8.73300
data_price_hour_abs_00_amount: 8.73300
data_price_hour_rel_-13_amount: 8.35700
data_price_hour_abs_01_amount: 8.35700
data_price_hour_rel_-12_amount: 7.92100
data_price_hour_abs_02_amount: 7.92100
data_price_hour_rel_-11_amount: 7.92100
data_price_hour_abs_03_amount: 7.92100
data_price_hour_rel_-10_amount: 8.03500
data_price_hour_abs_04_amount: 8.03500
data_price_hour_rel_-09_amount: 9.35900
data_price_hour_abs_05_amount: 9.35900
data_price_hour_rel_-08_amount: 11.86900
data_price_hour_abs_06_amount: 11.86900
data_price_hour_rel_-07_amount: 13.00000
data_price_hour_abs_07_amount: 13.00000
data_price_hour_rel_-06_amount: 13.00000
data_price_hour_abs_08_amount: 13.00000
data_price_hour_rel_-05_amount: 10.85700
data_price_hour_abs_09_amount: 10.85700
data_price_hour_rel_-04_amount: 9.18200
data_price_hour_abs_10_amount: 9.18200
data_price_hour_rel_-03_amount: 7.78600
data_price_hour_abs_11_amount: 7.78600
data_price_hour_rel_-02_amount: 7.40400
data_price_hour_abs_12_amount: 7.40400
data_price_hour_rel_-01_amount: 7.11700
data_price_hour_abs_13_amount: 7.11700
data_price_hour_rel_+00_amount: 7.02300
data_price_hour_abs_14_amount: 7.02300
data_price_hour_rel_+01_amount: 7.83900
data_price_hour_abs_15_amount: 7.83900
data_price_hour_rel_+02_amount: 8.47900
data_price_hour_abs_16_amount: 8.47900
data_price_hour_rel_+03_amount: 10.01300
data_price_hour_abs_17_amount: 10.01300
data_price_hour_rel_+04_amount: 12.80800
data_price_hour_abs_18_amount: 12.80800
data_price_hour_rel_+05_amount: 14.09200
data_price_hour_abs_19_amount: 14.09200
data_price_hour_rel_+06_amount: 13.00000
data_price_hour_abs_20_amount: 13.00000
data_price_hour_rel_+07_amount: 11.42400
data_price_hour_abs_21_amount: 11.42400
data_price_hour_rel_+08_amount: 9.77200
data_price_hour_abs_22_amount: 9.77200
data_price_hour_rel_+09_amount: 8.99900
data_price_hour_abs_23_amount: 8.99900