date_now: 2025-11-20 13:35:08
date_now_epoch: 1763642108290
date_now_day: 20
date_now_month: 11
date_now_year: 2025
date_start: 2025-11-20 00:00:00
date_end: 2025-11-20 23:59:59
price_low: 8.68000
price_high: 17.58300
price_median: 12.77000
price_average: 12.59871
price_current: 12.61000
price_unit: Cent/kWh
price_threshold_00: 8.68000
price_threshold_01: 8.70300
price_threshold_02: 8.71300
price_threshold_03: 8.80900
price_threshold_04: 9.05000
price_threshold_05: 9.06300
price_threshold_06: 9.37600
price_threshold_07: 10.36800
price_threshold_08: 10.82400
price_threshold_09: 12.07500
price_threshold_10: 12.50600
price_threshold_11: 12.61000
price_threshold_12: 12.93000
price_threshold_13: 13.42000
price_threshold_14: 13.71000
price_threshold_15: 14.12700
price_threshold_16: 14.44100
price_threshold_17: 14.96900
price_threshold_18: 15.36600
price_threshold_19: 15.57200
price_threshold_20: 15.60200
price_threshold_21: 16.32500
price_threshold_22: 17.54700
price_threshold_23: 17.58300
data_price_hour_rel_-13_amount: 9.06300
data_price_hour_abs_00_amount: 9.06300
data_price_hour_rel_-12_amount: 8.80900
data_price_hour_abs_01_amount: 8.80900
data_price_hour_rel_-11_amount: 8.70300
data_price_hour_abs_02_amount: 8.70300
data_price_hour_rel_-10_amount: 8.68000
data_price_hour_abs_03_amount: 8.68000
data_price_hour_rel_-09_amount: 8.71300
data_price_hour_abs_04_amount: 8.71300
data_price_hour_rel_-08_amount: 9.05000
data_price_hour_abs_05_amount: 9.05000
data_price_hour_rel_-07_amount: 10.36800
data_price_hour_abs_06_amount: 10.36800
data_price_hour_rel_-06_amount: 14.44100
data_price_hour_abs_07_amount: 14.44100
data_price_hour_rel_-05_amount: 15.57200
data_price_hour_abs_08_amount: 15.57200
data_price_hour_rel_-04_amount: 15.36600
data_price_hour_abs_09_amount: 15.36600
data_price_hour_rel_-03_amount: 14.12700
data_price_hour_abs_10_amount: 14.12700
data_price_hour_rel_-02_amount: 12.93000
data_price_hour_abs_11_amount: 12.93000
data_price_hour_rel_-01_amount: 12.50600
data_price_hour_abs_12_amount: 12.50600
data_price_hour_rel_+00_amount: 12.61000
data_price_hour_abs_13_amount: 12.61000
data_price_hour_rel_+01_amount: 13.42000
data_price_hour_abs_14_amount: 13.42000
data_price_hour_rel_+02_amount: 14.96900
data_price_hour_abs_15_amount: 14.96900
data_price_hour_rel_+03_amount: 17.58300
data_price_hour_abs_16_amount: 17.58300
data_price_hour_rel_+04_amount: 17.54700
data_price_hour_abs_17_amount: 17.54700
data_price_hour_rel_+05_amount: 16.32500
data_price_hour_abs_18_amount: 16.32500
data_price_hour_rel_+06_amount: 15.60200
data_price_hour_abs_19_amount: 15.60200
data_price_hour_rel_+07_amount: 13.71000
data_price_hour_abs_20_amount: 13.71000
data_price_hour_rel_+08_amount: 12.07500
data_price_hour_abs_21_amount: 12.07500
data_price_hour_rel_+09_amount: 10.82400
data_price_hour_abs_22_amount: 10.82400
data_price_hour_rel_+10_amount: 9.37600
data_price_hour_abs_23_amount: 9.37600