date_now: 2025-08-04 14:39:17
date_now_epoch: 1754311157985
date_now_day: 4
date_now_month: 8
date_now_year: 2025
date_start: 2025-08-04 00:00:00
date_end: 2025-08-04 23:59:59
price_low: 0.00200
price_high: 10.27200
price_median: 7.16600
price_average: 6.34571
price_current: 0.06600
price_unit: Cent/kWh
price_threshold_00: 0.00200
price_threshold_01: 0.06600
price_threshold_02: 0.40500
price_threshold_03: 1.48400
price_threshold_04: 2.20900
price_threshold_05: 4.76900
price_threshold_06: 5.63300
price_threshold_07: 6.66300
price_threshold_08: 6.72400
price_threshold_09: 6.99700
price_threshold_10: 7.00700
price_threshold_11: 7.06200
price_threshold_12: 7.27000
price_threshold_13: 7.40300
price_threshold_14: 8.00500
price_threshold_15: 8.02100
price_threshold_16: 8.09100
price_threshold_17: 8.10500
price_threshold_18: 8.29400
price_threshold_19: 8.45400
price_threshold_20: 9.51200
price_threshold_21: 9.70500
price_threshold_22: 10.14400
price_threshold_23: 10.27200
data_price_hour_rel_-14_amount: 8.10500
data_price_hour_abs_00_amount: 8.10500
data_price_hour_rel_-13_amount: 7.00700
data_price_hour_abs_01_amount: 7.00700
data_price_hour_rel_-12_amount: 6.99700
data_price_hour_abs_02_amount: 6.99700
data_price_hour_rel_-11_amount: 7.06200
data_price_hour_abs_03_amount: 7.06200
data_price_hour_rel_-10_amount: 7.40300
data_price_hour_abs_04_amount: 7.40300
data_price_hour_rel_-09_amount: 8.29400
data_price_hour_abs_05_amount: 8.29400
data_price_hour_rel_-08_amount: 9.51200
data_price_hour_abs_06_amount: 9.51200
data_price_hour_rel_-07_amount: 10.27200
data_price_hour_abs_07_amount: 10.27200
data_price_hour_rel_-06_amount: 10.14400
data_price_hour_abs_08_amount: 10.14400
data_price_hour_rel_-05_amount: 9.70500
data_price_hour_abs_09_amount: 9.70500
data_price_hour_rel_-04_amount: 8.00500
data_price_hour_abs_10_amount: 8.00500
data_price_hour_rel_-03_amount: 5.63300
data_price_hour_abs_11_amount: 5.63300
data_price_hour_rel_-02_amount: 1.48400
data_price_hour_abs_12_amount: 1.48400
data_price_hour_rel_-01_amount: 0.40500
data_price_hour_abs_13_amount: 0.40500
data_price_hour_rel_+00_amount: 0.06600
data_price_hour_abs_14_amount: 0.06600
data_price_hour_rel_+01_amount: 0.00200
data_price_hour_abs_15_amount: 0.00200
data_price_hour_rel_+02_amount: 2.20900
data_price_hour_abs_16_amount: 2.20900
data_price_hour_rel_+03_amount: 6.72400
data_price_hour_abs_17_amount: 6.72400
data_price_hour_rel_+04_amount: 8.09100
data_price_hour_abs_18_amount: 8.09100
data_price_hour_rel_+05_amount: 8.45400
data_price_hour_abs_19_amount: 8.45400
data_price_hour_rel_+06_amount: 8.02100
data_price_hour_abs_20_amount: 8.02100
data_price_hour_rel_+07_amount: 7.27000
data_price_hour_abs_21_amount: 7.27000
data_price_hour_rel_+08_amount: 6.66300
data_price_hour_abs_22_amount: 6.66300
data_price_hour_rel_+09_amount: 4.76900
data_price_hour_abs_23_amount: 4.76900