date_now: 2025-11-25 13:36:44
date_now_epoch: 1764074204084
date_now_day: 25
date_now_month: 11
date_now_year: 2025
date_start: 2025-11-25 00:00:00
date_end: 2025-11-25 23:59:59
price_low: 9.61000
price_high: 37.33100
price_median: 26.12300
price_average: 22.05183
price_current: 31.76500
price_unit: Cent/kWh
price_threshold_00: 9.61000
price_threshold_01: 9.75900
price_threshold_02: 9.91500
price_threshold_03: 9.95100
price_threshold_04: 10.09000
price_threshold_05: 10.20400
price_threshold_06: 10.67300
price_threshold_07: 11.91600
price_threshold_08: 12.24100
price_threshold_09: 13.50200
price_threshold_10: 17.28400
price_threshold_11: 24.93700
price_threshold_12: 27.30900
price_threshold_13: 29.10200
price_threshold_14: 29.26500
price_threshold_15: 29.79100
price_threshold_16: 30.00000
price_threshold_17: 31.00000
price_threshold_18: 31.76500
price_threshold_19: 32.50800
price_threshold_20: 32.66300
price_threshold_21: 33.32800
price_threshold_22: 35.10000
price_threshold_23: 37.33100
data_price_hour_rel_-13_amount: 10.09000
data_price_hour_abs_00_amount: 10.09000
data_price_hour_rel_-12_amount: 9.91500
data_price_hour_abs_01_amount: 9.91500
data_price_hour_rel_-11_amount: 9.75900
data_price_hour_abs_02_amount: 9.75900
data_price_hour_rel_-10_amount: 9.61000
data_price_hour_abs_03_amount: 9.61000
data_price_hour_rel_-09_amount: 9.95100
data_price_hour_abs_04_amount: 9.95100
data_price_hour_rel_-08_amount: 10.67300
data_price_hour_abs_05_amount: 10.67300
data_price_hour_rel_-07_amount: 12.24100
data_price_hour_abs_06_amount: 12.24100
data_price_hour_rel_-06_amount: 29.10200
data_price_hour_abs_07_amount: 29.10200
data_price_hour_rel_-05_amount: 33.32800
data_price_hour_abs_08_amount: 33.32800
data_price_hour_rel_-04_amount: 29.26500
data_price_hour_abs_09_amount: 29.26500
data_price_hour_rel_-03_amount: 27.30900
data_price_hour_abs_10_amount: 27.30900
data_price_hour_rel_-02_amount: 32.66300
data_price_hour_abs_11_amount: 32.66300
data_price_hour_rel_-01_amount: 35.10000
data_price_hour_abs_12_amount: 35.10000
data_price_hour_rel_+00_amount: 31.76500
data_price_hour_abs_13_amount: 31.76500
data_price_hour_rel_+01_amount: 30.00000
data_price_hour_abs_14_amount: 30.00000
data_price_hour_rel_+02_amount: 31.00000
data_price_hour_abs_15_amount: 31.00000
data_price_hour_rel_+03_amount: 32.50800
data_price_hour_abs_16_amount: 32.50800
data_price_hour_rel_+04_amount: 37.33100
data_price_hour_abs_17_amount: 37.33100
data_price_hour_rel_+05_amount: 29.79100
data_price_hour_abs_18_amount: 29.79100
data_price_hour_rel_+06_amount: 24.93700
data_price_hour_abs_19_amount: 24.93700
data_price_hour_rel_+07_amount: 17.28400
data_price_hour_abs_20_amount: 17.28400
data_price_hour_rel_+08_amount: 13.50200
data_price_hour_abs_21_amount: 13.50200
data_price_hour_rel_+09_amount: 11.91600
data_price_hour_abs_22_amount: 11.91600
data_price_hour_rel_+10_amount: 10.20400
data_price_hour_abs_23_amount: 10.20400