date_now: 2025-10-18 14:29:54
date_now_epoch: 1760790594807
date_now_day: 18
date_now_month: 10
date_now_year: 2025
date_start: 2025-10-18 00:00:00
date_end: 2025-10-18 23:59:59
price_low: 6.75300
price_high: 13.32400
price_median: 9.22550
price_average: 9.57412
price_current: 7.23000
price_unit: Cent/kWh
price_threshold_00: 6.75300
price_threshold_01: 7.23000
price_threshold_02: 7.39400
price_threshold_03: 8.07900
price_threshold_04: 8.35000
price_threshold_05: 8.83200
price_threshold_06: 8.83400
price_threshold_07: 8.83500
price_threshold_08: 8.98100
price_threshold_09: 8.98600
price_threshold_10: 9.14700
price_threshold_11: 9.19600
price_threshold_12: 9.25500
price_threshold_13: 9.43600
price_threshold_14: 9.46200
price_threshold_15: 9.55800
price_threshold_16: 9.65500
price_threshold_17: 10.22400
price_threshold_18: 10.94700
price_threshold_19: 11.30000
price_threshold_20: 11.45500
price_threshold_21: 12.06400
price_threshold_22: 12.48200
price_threshold_23: 13.32400
data_price_hour_rel_-14_amount: 9.46200
data_price_hour_abs_00_amount: 9.46200
data_price_hour_rel_-13_amount: 8.98600
data_price_hour_abs_01_amount: 8.98600
data_price_hour_rel_-12_amount: 8.98100
data_price_hour_abs_02_amount: 8.98100
data_price_hour_rel_-11_amount: 8.83400
data_price_hour_abs_03_amount: 8.83400
data_price_hour_rel_-10_amount: 8.83500
data_price_hour_abs_04_amount: 8.83500
data_price_hour_rel_-09_amount: 8.83200
data_price_hour_abs_05_amount: 8.83200
data_price_hour_rel_-08_amount: 9.19600
data_price_hour_abs_06_amount: 9.19600
data_price_hour_rel_-07_amount: 10.94700
data_price_hour_abs_07_amount: 10.94700
data_price_hour_rel_-06_amount: 11.45500
data_price_hour_abs_08_amount: 11.45500
data_price_hour_rel_-05_amount: 10.22400
data_price_hour_abs_09_amount: 10.22400
data_price_hour_rel_-04_amount: 9.14700
data_price_hour_abs_10_amount: 9.14700
data_price_hour_rel_-03_amount: 8.07900
data_price_hour_abs_11_amount: 8.07900
data_price_hour_rel_-02_amount: 7.39400
data_price_hour_abs_12_amount: 7.39400
data_price_hour_rel_-01_amount: 6.75300
data_price_hour_abs_13_amount: 6.75300
data_price_hour_rel_+00_amount: 7.23000
data_price_hour_abs_14_amount: 7.23000
data_price_hour_rel_+01_amount: 8.35000
data_price_hour_abs_15_amount: 8.35000
data_price_hour_rel_+02_amount: 9.65500
data_price_hour_abs_16_amount: 9.65500
data_price_hour_rel_+03_amount: 12.06400
data_price_hour_abs_17_amount: 12.06400
data_price_hour_rel_+04_amount: 13.32400
data_price_hour_abs_18_amount: 13.32400
data_price_hour_rel_+05_amount: 12.48200
data_price_hour_abs_19_amount: 12.48200
data_price_hour_rel_+06_amount: 11.30000
data_price_hour_abs_20_amount: 11.30000
data_price_hour_rel_+07_amount: 9.25500
data_price_hour_abs_21_amount: 9.25500
data_price_hour_rel_+08_amount: 9.55800
data_price_hour_abs_22_amount: 9.55800
data_price_hour_rel_+09_amount: 9.43600
data_price_hour_abs_23_amount: 9.43600