date_now: 2025-03-31 14:31:32
date_now_epoch: 1743424292317
date_now_day: 31
date_now_month: 3
date_now_year: 2025
date_start: 2025-03-31 00:00:00
date_end: 2025-03-31 23:59:59
price_low: 6.32500
price_high: 18.39600
price_median: 9.99350
price_average: 10.44025
price_current: 7.35800
price_unit: Cent/kWh
price_threshold_00: 6.32500
price_threshold_01: 6.44100
price_threshold_02: 6.55700
price_threshold_03: 6.72200
price_threshold_04: 6.89700
price_threshold_05: 6.95500
price_threshold_06: 7.35800
price_threshold_07: 7.41000
price_threshold_08: 7.62400
price_threshold_09: 8.35400
price_threshold_10: 8.80000
price_threshold_11: 9.90400
price_threshold_12: 10.08300
price_threshold_13: 10.23400
price_threshold_14: 10.92700
price_threshold_15: 11.02700
price_threshold_16: 11.52500
price_threshold_17: 13.15700
price_threshold_18: 13.31700
price_threshold_19: 13.50300
price_threshold_20: 14.35400
price_threshold_21: 17.27300
price_threshold_22: 17.42300
price_threshold_23: 18.39600
data_price_hour_rel_-14_amount: 6.55700
data_price_hour_abs_00_amount: 6.55700
data_price_hour_rel_-13_amount: 6.32500
data_price_hour_abs_01_amount: 6.32500
data_price_hour_rel_-12_amount: 6.44100
data_price_hour_abs_02_amount: 6.44100
data_price_hour_rel_-11_amount: 6.72200
data_price_hour_abs_03_amount: 6.72200
data_price_hour_rel_-10_amount: 6.89700
data_price_hour_abs_04_amount: 6.89700
data_price_hour_rel_-09_amount: 8.80000
data_price_hour_abs_05_amount: 8.80000
data_price_hour_rel_-08_amount: 10.92700
data_price_hour_abs_06_amount: 10.92700
data_price_hour_rel_-07_amount: 14.35400
data_price_hour_abs_07_amount: 14.35400
data_price_hour_rel_-06_amount: 17.42300
data_price_hour_abs_08_amount: 17.42300
data_price_hour_rel_-05_amount: 13.31700
data_price_hour_abs_09_amount: 13.31700
data_price_hour_rel_-04_amount: 11.02700
data_price_hour_abs_10_amount: 11.02700
data_price_hour_rel_-03_amount: 9.90400
data_price_hour_abs_11_amount: 9.90400
data_price_hour_rel_-02_amount: 8.35400
data_price_hour_abs_12_amount: 8.35400
data_price_hour_rel_-01_amount: 7.41000
data_price_hour_abs_13_amount: 7.41000
data_price_hour_rel_+00_amount: 7.35800
data_price_hour_abs_14_amount: 7.35800
data_price_hour_rel_+01_amount: 6.95500
data_price_hour_abs_15_amount: 6.95500
data_price_hour_rel_+02_amount: 7.62400
data_price_hour_abs_16_amount: 7.62400
data_price_hour_rel_+03_amount: 10.08300
data_price_hour_abs_17_amount: 10.08300
data_price_hour_rel_+04_amount: 13.15700
data_price_hour_abs_18_amount: 13.15700
data_price_hour_rel_+05_amount: 18.39600
data_price_hour_abs_19_amount: 18.39600
data_price_hour_rel_+06_amount: 17.27300
data_price_hour_abs_20_amount: 17.27300
data_price_hour_rel_+07_amount: 13.50300
data_price_hour_abs_21_amount: 13.50300
data_price_hour_rel_+08_amount: 11.52500
data_price_hour_abs_22_amount: 11.52500
data_price_hour_rel_+09_amount: 10.23400
data_price_hour_abs_23_amount: 10.23400