date_now: 2025-04-23 14:32:07
date_now_epoch: 1745411527762
date_now_day: 23
date_now_month: 4
date_now_year: 2025
date_start: 2025-04-23 00:00:00
date_end: 2025-04-23 23:59:59
price_low: 8.02900
price_high: 15.59700
price_median: 10.06000
price_average: 10.94758
price_current: 8.80000
price_unit: Cent/kWh
price_threshold_00: 8.02900
price_threshold_01: 8.10400
price_threshold_02: 8.80000
price_threshold_03: 9.20000
price_threshold_04: 9.23500
price_threshold_05: 9.43900
price_threshold_06: 9.67000
price_threshold_07: 9.68400
price_threshold_08: 9.71500
price_threshold_09: 9.90500
price_threshold_10: 9.94000
price_threshold_11: 10.00000
price_threshold_12: 10.12000
price_threshold_13: 10.67200
price_threshold_14: 10.82000
price_threshold_15: 10.82300
price_threshold_16: 10.82800
price_threshold_17: 12.61100
price_threshold_18: 12.88400
price_threshold_19: 12.89000
price_threshold_20: 13.70900
price_threshold_21: 14.86700
price_threshold_22: 15.20000
price_threshold_23: 15.59700
data_price_hour_rel_-14_amount: 10.67200
data_price_hour_abs_00_amount: 10.67200
data_price_hour_rel_-13_amount: 9.94000
data_price_hour_abs_01_amount: 9.94000
data_price_hour_rel_-12_amount: 9.68400
data_price_hour_abs_02_amount: 9.68400
data_price_hour_rel_-11_amount: 9.67000
data_price_hour_abs_03_amount: 9.67000
data_price_hour_rel_-10_amount: 10.12000
data_price_hour_abs_04_amount: 10.12000
data_price_hour_rel_-09_amount: 10.82300
data_price_hour_abs_05_amount: 10.82300
data_price_hour_rel_-08_amount: 13.70900
data_price_hour_abs_06_amount: 13.70900
data_price_hour_rel_-07_amount: 15.20000
data_price_hour_abs_07_amount: 15.20000
data_price_hour_rel_-06_amount: 12.88400
data_price_hour_abs_08_amount: 12.88400
data_price_hour_rel_-05_amount: 10.00000
data_price_hour_abs_09_amount: 10.00000
data_price_hour_rel_-04_amount: 9.20000
data_price_hour_abs_10_amount: 9.20000
data_price_hour_rel_-03_amount: 9.43900
data_price_hour_abs_11_amount: 9.43900
data_price_hour_rel_-02_amount: 8.10400
data_price_hour_abs_12_amount: 8.10400
data_price_hour_rel_-01_amount: 8.02900
data_price_hour_abs_13_amount: 8.02900
data_price_hour_rel_+00_amount: 8.80000
data_price_hour_abs_14_amount: 8.80000
data_price_hour_rel_+01_amount: 9.23500
data_price_hour_abs_15_amount: 9.23500
data_price_hour_rel_+02_amount: 9.90500
data_price_hour_abs_16_amount: 9.90500
data_price_hour_rel_+03_amount: 10.82800
data_price_hour_abs_17_amount: 10.82800
data_price_hour_rel_+04_amount: 12.89000
data_price_hour_abs_18_amount: 12.89000
data_price_hour_rel_+05_amount: 15.59700
data_price_hour_abs_19_amount: 15.59700
data_price_hour_rel_+06_amount: 14.86700
data_price_hour_abs_20_amount: 14.86700
data_price_hour_rel_+07_amount: 12.61100
data_price_hour_abs_21_amount: 12.61100
data_price_hour_rel_+08_amount: 10.82000
data_price_hour_abs_22_amount: 10.82000
data_price_hour_rel_+09_amount: 9.71500
data_price_hour_abs_23_amount: 9.71500