date_now: 2025-10-28 13:34:34
date_now_epoch: 1761654874510
date_now_day: 28
date_now_month: 10
date_now_year: 2025
date_start: 2025-10-28 00:00:00
date_end: 2025-10-28 23:59:59
price_low: 1.02200
price_high: 11.02300
price_median: 7.43200
price_average: 6.66746
price_current: 6.23000
price_unit: Cent/kWh
price_threshold_00: 1.02200
price_threshold_01: 1.09500
price_threshold_02: 1.85400
price_threshold_03: 2.88800
price_threshold_04: 3.04100
price_threshold_05: 4.41100
price_threshold_06: 5.95200
price_threshold_07: 6.23000
price_threshold_08: 6.44200
price_threshold_09: 6.75600
price_threshold_10: 7.31000
price_threshold_11: 7.32200
price_threshold_12: 7.54200
price_threshold_13: 7.95800
price_threshold_14: 8.00700
price_threshold_15: 8.03800
price_threshold_16: 8.08400
price_threshold_17: 8.10000
price_threshold_18: 8.73700
price_threshold_19: 8.94000
price_threshold_20: 9.19300
price_threshold_21: 9.38300
price_threshold_22: 10.69100
price_threshold_23: 11.02300
data_price_hour_rel_-13_amount: 4.41100
data_price_hour_abs_00_amount: 4.41100
data_price_hour_rel_-12_amount: 2.88800
data_price_hour_abs_01_amount: 2.88800
data_price_hour_rel_-11_amount: 1.85400
data_price_hour_abs_02_amount: 1.85400
data_price_hour_rel_-10_amount: 1.02200
data_price_hour_abs_03_amount: 1.02200
data_price_hour_rel_-09_amount: 1.09500
data_price_hour_abs_04_amount: 1.09500
data_price_hour_rel_-08_amount: 3.04100
data_price_hour_abs_05_amount: 3.04100
data_price_hour_rel_-07_amount: 5.95200
data_price_hour_abs_06_amount: 5.95200
data_price_hour_rel_-06_amount: 8.03800
data_price_hour_abs_07_amount: 8.03800
data_price_hour_rel_-05_amount: 8.94000
data_price_hour_abs_08_amount: 8.94000
data_price_hour_rel_-04_amount: 8.73700
data_price_hour_abs_09_amount: 8.73700
data_price_hour_rel_-03_amount: 8.10000
data_price_hour_abs_10_amount: 8.10000
data_price_hour_rel_-02_amount: 7.54200
data_price_hour_abs_11_amount: 7.54200
data_price_hour_rel_-01_amount: 6.75600
data_price_hour_abs_12_amount: 6.75600
data_price_hour_rel_+00_amount: 6.23000
data_price_hour_abs_13_amount: 6.23000
data_price_hour_rel_+01_amount: 6.44200
data_price_hour_abs_14_amount: 6.44200
data_price_hour_rel_+02_amount: 7.31000
data_price_hour_abs_15_amount: 7.31000
data_price_hour_rel_+03_amount: 8.00700
data_price_hour_abs_16_amount: 8.00700
data_price_hour_rel_+04_amount: 9.38300
data_price_hour_abs_17_amount: 9.38300
data_price_hour_rel_+05_amount: 11.02300
data_price_hour_abs_18_amount: 11.02300
data_price_hour_rel_+06_amount: 10.69100
data_price_hour_abs_19_amount: 10.69100
data_price_hour_rel_+07_amount: 9.19300
data_price_hour_abs_20_amount: 9.19300
data_price_hour_rel_+08_amount: 8.08400
data_price_hour_abs_21_amount: 8.08400
data_price_hour_rel_+09_amount: 7.95800
data_price_hour_abs_22_amount: 7.95800
data_price_hour_rel_+10_amount: 7.32200
data_price_hour_abs_23_amount: 7.32200