date_now: 2025-02-01 13:24:45
date_now_epoch: 1738412685484
date_now_day: 1
date_now_month: 2
date_now_year: 2025
date_start: 2025-02-01 00:00:00
date_end: 2025-02-01 23:59:59
price_low: 10.34000
price_high: 16.82700
price_median: 13.06150
price_average: 13.54463
price_current: 10.34000
price_unit: Cent/kWh
price_threshold_00: 10.34000
price_threshold_01: 11.02900
price_threshold_02: 11.37000
price_threshold_03: 11.88600
price_threshold_04: 11.91200
price_threshold_05: 12.00800
price_threshold_06: 12.05400
price_threshold_07: 12.42400
price_threshold_08: 12.71000
price_threshold_09: 12.84000
price_threshold_10: 12.94200
price_threshold_11: 12.94900
price_threshold_12: 13.17400
price_threshold_13: 13.69300
price_threshold_14: 14.17300
price_threshold_15: 14.24400
price_threshold_16: 14.47400
price_threshold_17: 14.52400
price_threshold_18: 15.34600
price_threshold_19: 15.44300
price_threshold_20: 15.66000
price_threshold_21: 16.29800
price_threshold_22: 16.75100
price_threshold_23: 16.82700
data_price_hour_rel_-13_amount: 13.69300
data_price_hour_abs_00_amount: 13.69300
data_price_hour_rel_-12_amount: 12.94200
data_price_hour_abs_01_amount: 12.94200
data_price_hour_rel_-11_amount: 12.42400
data_price_hour_abs_02_amount: 12.42400
data_price_hour_rel_-10_amount: 11.91200
data_price_hour_abs_03_amount: 11.91200
data_price_hour_rel_-09_amount: 11.88600
data_price_hour_abs_04_amount: 11.88600
data_price_hour_rel_-08_amount: 12.05400
data_price_hour_abs_05_amount: 12.05400
data_price_hour_rel_-07_amount: 12.71000
data_price_hour_abs_06_amount: 12.71000
data_price_hour_rel_-06_amount: 14.47400
data_price_hour_abs_07_amount: 14.47400
data_price_hour_rel_-05_amount: 15.34600
data_price_hour_abs_08_amount: 15.34600
data_price_hour_rel_-04_amount: 14.24400
data_price_hour_abs_09_amount: 14.24400
data_price_hour_rel_-03_amount: 12.84000
data_price_hour_abs_10_amount: 12.84000
data_price_hour_rel_-02_amount: 12.00800
data_price_hour_abs_11_amount: 12.00800
data_price_hour_rel_-01_amount: 11.02900
data_price_hour_abs_12_amount: 11.02900
data_price_hour_rel_+00_amount: 10.34000
data_price_hour_abs_13_amount: 10.34000
data_price_hour_rel_+01_amount: 11.37000
data_price_hour_abs_14_amount: 11.37000
data_price_hour_rel_+02_amount: 12.94900
data_price_hour_abs_15_amount: 12.94900
data_price_hour_rel_+03_amount: 15.44300
data_price_hour_abs_16_amount: 15.44300
data_price_hour_rel_+04_amount: 16.82700
data_price_hour_abs_17_amount: 16.82700
data_price_hour_rel_+05_amount: 16.75100
data_price_hour_abs_18_amount: 16.75100
data_price_hour_rel_+06_amount: 16.29800
data_price_hour_abs_19_amount: 16.29800
data_price_hour_rel_+07_amount: 15.66000
data_price_hour_abs_20_amount: 15.66000
data_price_hour_rel_+08_amount: 14.52400
data_price_hour_abs_21_amount: 14.52400
data_price_hour_rel_+09_amount: 14.17300
data_price_hour_abs_22_amount: 14.17300
data_price_hour_rel_+10_amount: 13.17400
data_price_hour_abs_23_amount: 13.17400