date_now: 2025-12-16 13:38:33
date_now_epoch: 1765888713087
date_now_day: 16
date_now_month: 12
date_now_year: 2025
date_start: 2025-12-16 00:00:00
date_end: 2025-12-16 23:59:59
price_low: 7.71000
price_high: 16.22100
price_median: 10.01800
price_average: 10.67458
price_current: 9.98900
price_unit: Cent/kWh
price_threshold_00: 7.71000
price_threshold_01: 7.90500
price_threshold_02: 7.90500
price_threshold_03: 8.03900
price_threshold_04: 8.06700
price_threshold_05: 8.23100
price_threshold_06: 8.84000
price_threshold_07: 9.06100
price_threshold_08: 9.13900
price_threshold_09: 9.15100
price_threshold_10: 9.23500
price_threshold_11: 9.98900
price_threshold_12: 10.04700
price_threshold_13: 10.12700
price_threshold_14: 10.34200
price_threshold_15: 11.55800
price_threshold_16: 11.89400
price_threshold_17: 12.44000
price_threshold_18: 12.88500
price_threshold_19: 13.71000
price_threshold_20: 13.93800
price_threshold_21: 14.22500
price_threshold_22: 15.53100
price_threshold_23: 16.22100
data_price_hour_rel_-13_amount: 8.06700
data_price_hour_abs_00_amount: 8.06700
data_price_hour_rel_-12_amount: 7.90500
data_price_hour_abs_01_amount: 7.90500
data_price_hour_rel_-11_amount: 7.71000
data_price_hour_abs_02_amount: 7.71000
data_price_hour_rel_-10_amount: 7.90500
data_price_hour_abs_03_amount: 7.90500
data_price_hour_rel_-09_amount: 8.03900
data_price_hour_abs_04_amount: 8.03900
data_price_hour_rel_-08_amount: 8.23100
data_price_hour_abs_05_amount: 8.23100
data_price_hour_rel_-07_amount: 8.84000
data_price_hour_abs_06_amount: 8.84000
data_price_hour_rel_-06_amount: 9.13900
data_price_hour_abs_07_amount: 9.13900
data_price_hour_rel_-05_amount: 10.04700
data_price_hour_abs_08_amount: 10.04700
data_price_hour_rel_-04_amount: 10.12700
data_price_hour_abs_09_amount: 10.12700
data_price_hour_rel_-03_amount: 9.23500
data_price_hour_abs_10_amount: 9.23500
data_price_hour_rel_-02_amount: 9.06100
data_price_hour_abs_11_amount: 9.06100
data_price_hour_rel_-01_amount: 9.15100
data_price_hour_abs_12_amount: 9.15100
data_price_hour_rel_+00_amount: 9.98900
data_price_hour_abs_13_amount: 9.98900
data_price_hour_rel_+01_amount: 12.44000
data_price_hour_abs_14_amount: 12.44000
data_price_hour_rel_+02_amount: 13.93800
data_price_hour_abs_15_amount: 13.93800
data_price_hour_rel_+03_amount: 15.53100
data_price_hour_abs_16_amount: 15.53100
data_price_hour_rel_+04_amount: 16.22100
data_price_hour_abs_17_amount: 16.22100
data_price_hour_rel_+05_amount: 14.22500
data_price_hour_abs_18_amount: 14.22500
data_price_hour_rel_+06_amount: 13.71000
data_price_hour_abs_19_amount: 13.71000
data_price_hour_rel_+07_amount: 12.88500
data_price_hour_abs_20_amount: 12.88500
data_price_hour_rel_+08_amount: 11.89400
data_price_hour_abs_21_amount: 11.89400
data_price_hour_rel_+09_amount: 11.55800
data_price_hour_abs_22_amount: 11.55800
data_price_hour_rel_+10_amount: 10.34200
data_price_hour_abs_23_amount: 10.34200