date_now: 2025-08-01 14:37:11
date_now_epoch: 1754051831142
date_now_day: 1
date_now_month: 8
date_now_year: 2025
date_start: 2025-08-01 00:00:00
date_end: 2025-08-01 23:59:59
price_low: 4.90600
price_high: 11.92300
price_median: 9.82450
price_average: 9.31904
price_current: 4.90600
price_unit: Cent/kWh
price_threshold_00: 4.90600
price_threshold_01: 4.91000
price_threshold_02: 6.19700
price_threshold_03: 6.99300
price_threshold_04: 7.70500
price_threshold_05: 8.35900
price_threshold_06: 8.41000
price_threshold_07: 8.91700
price_threshold_08: 9.21500
price_threshold_09: 9.42100
price_threshold_10: 9.64500
price_threshold_11: 9.79500
price_threshold_12: 9.85400
price_threshold_13: 10.05800
price_threshold_14: 10.27300
price_threshold_15: 10.36700
price_threshold_16: 10.53100
price_threshold_17: 10.66400
price_threshold_18: 10.66900
price_threshold_19: 10.95100
price_threshold_20: 11.07100
price_threshold_21: 11.07200
price_threshold_22: 11.75100
price_threshold_23: 11.92300
data_price_hour_rel_-14_amount: 10.53100
data_price_hour_abs_00_amount: 10.53100
data_price_hour_rel_-13_amount: 9.85400
data_price_hour_abs_01_amount: 9.85400
data_price_hour_rel_-12_amount: 9.21500
data_price_hour_abs_02_amount: 9.21500
data_price_hour_rel_-11_amount: 8.91700
data_price_hour_abs_03_amount: 8.91700
data_price_hour_rel_-10_amount: 9.42100
data_price_hour_abs_04_amount: 9.42100
data_price_hour_rel_-09_amount: 10.05800
data_price_hour_abs_05_amount: 10.05800
data_price_hour_rel_-08_amount: 10.66900
data_price_hour_abs_06_amount: 10.66900
data_price_hour_rel_-07_amount: 11.07100
data_price_hour_abs_07_amount: 11.07100
data_price_hour_rel_-06_amount: 10.66400
data_price_hour_abs_08_amount: 10.66400
data_price_hour_rel_-05_amount: 10.36700
data_price_hour_abs_09_amount: 10.36700
data_price_hour_rel_-04_amount: 9.79500
data_price_hour_abs_10_amount: 9.79500
data_price_hour_rel_-03_amount: 8.41000
data_price_hour_abs_11_amount: 8.41000
data_price_hour_rel_-02_amount: 7.70500
data_price_hour_abs_12_amount: 7.70500
data_price_hour_rel_-01_amount: 6.19700
data_price_hour_abs_13_amount: 6.19700
data_price_hour_rel_+00_amount: 4.90600
data_price_hour_abs_14_amount: 4.90600
data_price_hour_rel_+01_amount: 4.91000
data_price_hour_abs_15_amount: 4.91000
data_price_hour_rel_+02_amount: 6.99300
data_price_hour_abs_16_amount: 6.99300
data_price_hour_rel_+03_amount: 8.35900
data_price_hour_abs_17_amount: 8.35900
data_price_hour_rel_+04_amount: 9.64500
data_price_hour_abs_18_amount: 9.64500
data_price_hour_rel_+05_amount: 10.95100
data_price_hour_abs_19_amount: 10.95100
data_price_hour_rel_+06_amount: 11.92300
data_price_hour_abs_20_amount: 11.92300
data_price_hour_rel_+07_amount: 11.75100
data_price_hour_abs_21_amount: 11.75100
data_price_hour_rel_+08_amount: 11.07200
data_price_hour_abs_22_amount: 11.07200
data_price_hour_rel_+09_amount: 10.27300
data_price_hour_abs_23_amount: 10.27300