date_now: 2025-08-29 14:32:34
date_now_epoch: 1756470754990
date_now_day: 29
date_now_month: 8
date_now_year: 2025
date_start: 2025-08-29 00:00:00
date_end: 2025-08-29 23:59:59
price_low: 5.39600
price_high: 14.76800
price_median: 8.55550
price_average: 9.41242
price_current: 5.96400
price_unit: Cent/kWh
price_threshold_00: 5.39600
price_threshold_01: 5.96400
price_threshold_02: 6.74400
price_threshold_03: 7.30600
price_threshold_04: 7.80800
price_threshold_05: 8.15900
price_threshold_06: 8.30100
price_threshold_07: 8.31000
price_threshold_08: 8.32700
price_threshold_09: 8.42500
price_threshold_10: 8.50000
price_threshold_11: 8.50400
price_threshold_12: 8.60700
price_threshold_13: 9.10000
price_threshold_14: 9.57000
price_threshold_15: 10.48200
price_threshold_16: 11.03600
price_threshold_17: 11.19600
price_threshold_18: 11.65000
price_threshold_19: 11.75500
price_threshold_20: 11.85100
price_threshold_21: 12.00000
price_threshold_22: 12.13900
price_threshold_23: 14.76800
data_price_hour_rel_-14_amount: 8.50400
data_price_hour_abs_00_amount: 8.50400
data_price_hour_rel_-13_amount: 8.32700
data_price_hour_abs_01_amount: 8.32700
data_price_hour_rel_-12_amount: 8.31000
data_price_hour_abs_02_amount: 8.31000
data_price_hour_rel_-11_amount: 8.15900
data_price_hour_abs_03_amount: 8.15900
data_price_hour_rel_-10_amount: 8.30100
data_price_hour_abs_04_amount: 8.30100
data_price_hour_rel_-09_amount: 9.10000
data_price_hour_abs_05_amount: 9.10000
data_price_hour_rel_-08_amount: 11.75500
data_price_hour_abs_06_amount: 11.75500
data_price_hour_rel_-07_amount: 12.13900
data_price_hour_abs_07_amount: 12.13900
data_price_hour_rel_-06_amount: 12.00000
data_price_hour_abs_08_amount: 12.00000
data_price_hour_rel_-05_amount: 11.03600
data_price_hour_abs_09_amount: 11.03600
data_price_hour_rel_-04_amount: 8.42500
data_price_hour_abs_10_amount: 8.42500
data_price_hour_rel_-03_amount: 7.80800
data_price_hour_abs_11_amount: 7.80800
data_price_hour_rel_-02_amount: 6.74400
data_price_hour_abs_12_amount: 6.74400
data_price_hour_rel_-01_amount: 5.39600
data_price_hour_abs_13_amount: 5.39600
data_price_hour_rel_+00_amount: 5.96400
data_price_hour_abs_14_amount: 5.96400
data_price_hour_rel_+01_amount: 7.30600
data_price_hour_abs_15_amount: 7.30600
data_price_hour_rel_+02_amount: 8.50000
data_price_hour_abs_16_amount: 8.50000
data_price_hour_rel_+03_amount: 10.48200
data_price_hour_abs_17_amount: 10.48200
data_price_hour_rel_+04_amount: 11.85100
data_price_hour_abs_18_amount: 11.85100
data_price_hour_rel_+05_amount: 14.76800
data_price_hour_abs_19_amount: 14.76800
data_price_hour_rel_+06_amount: 11.65000
data_price_hour_abs_20_amount: 11.65000
data_price_hour_rel_+07_amount: 11.19600
data_price_hour_abs_21_amount: 11.19600
data_price_hour_rel_+08_amount: 9.57000
data_price_hour_abs_22_amount: 9.57000
data_price_hour_rel_+09_amount: 8.60700
data_price_hour_abs_23_amount: 8.60700