date_now: 2025-02-08 13:25:15
date_now_epoch: 1739017515798
date_now_day: 8
date_now_month: 2
date_now_year: 2025
date_start: 2025-02-08 00:00:00
date_end: 2025-02-08 23:59:59
price_low: 6.77100
price_high: 16.11000
price_median: 9.18350
price_average: 10.88092
price_current: 7.98500
price_unit: Cent/kWh
price_threshold_00: 6.77100
price_threshold_01: 6.87500
price_threshold_02: 7.94200
price_threshold_03: 7.98500
price_threshold_04: 8.13400
price_threshold_05: 8.48500
price_threshold_06: 8.58000
price_threshold_07: 8.70800
price_threshold_08: 8.96900
price_threshold_09: 8.98500
price_threshold_10: 9.08000
price_threshold_11: 9.09900
price_threshold_12: 9.26800
price_threshold_13: 9.53100
price_threshold_14: 11.11100
price_threshold_15: 11.80000
price_threshold_16: 13.63100
price_threshold_17: 14.08700
price_threshold_18: 14.40000
price_threshold_19: 14.90000
price_threshold_20: 15.00000
price_threshold_21: 15.64200
price_threshold_22: 16.04900
price_threshold_23: 16.11000
data_price_hour_rel_-13_amount: 8.13400
data_price_hour_abs_00_amount: 8.13400
data_price_hour_rel_-12_amount: 8.48500
data_price_hour_abs_01_amount: 8.48500
data_price_hour_rel_-11_amount: 8.58000
data_price_hour_abs_02_amount: 8.58000
data_price_hour_rel_-10_amount: 8.70800
data_price_hour_abs_03_amount: 8.70800
data_price_hour_rel_-09_amount: 8.96900
data_price_hour_abs_04_amount: 8.96900
data_price_hour_rel_-08_amount: 9.09900
data_price_hour_abs_05_amount: 9.09900
data_price_hour_rel_-07_amount: 9.08000
data_price_hour_abs_06_amount: 9.08000
data_price_hour_rel_-06_amount: 9.53100
data_price_hour_abs_07_amount: 9.53100
data_price_hour_rel_-05_amount: 11.11100
data_price_hour_abs_08_amount: 11.11100
data_price_hour_rel_-04_amount: 9.26800
data_price_hour_abs_09_amount: 9.26800
data_price_hour_rel_-03_amount: 7.94200
data_price_hour_abs_10_amount: 7.94200
data_price_hour_rel_-02_amount: 6.87500
data_price_hour_abs_11_amount: 6.87500
data_price_hour_rel_-01_amount: 6.77100
data_price_hour_abs_12_amount: 6.77100
data_price_hour_rel_+00_amount: 7.98500
data_price_hour_abs_13_amount: 7.98500
data_price_hour_rel_+01_amount: 8.98500
data_price_hour_abs_14_amount: 8.98500
data_price_hour_rel_+02_amount: 11.80000
data_price_hour_abs_15_amount: 11.80000
data_price_hour_rel_+03_amount: 14.08700
data_price_hour_abs_16_amount: 14.08700
data_price_hour_rel_+04_amount: 15.00000
data_price_hour_abs_17_amount: 15.00000
data_price_hour_rel_+05_amount: 16.04900
data_price_hour_abs_18_amount: 16.04900
data_price_hour_rel_+06_amount: 16.11000
data_price_hour_abs_19_amount: 16.11000
data_price_hour_rel_+07_amount: 15.64200
data_price_hour_abs_20_amount: 15.64200
data_price_hour_rel_+08_amount: 14.90000
data_price_hour_abs_21_amount: 14.90000
data_price_hour_rel_+09_amount: 14.40000
data_price_hour_abs_22_amount: 14.40000
data_price_hour_rel_+10_amount: 13.63100
data_price_hour_abs_23_amount: 13.63100