date_now: 2025-04-04 14:30:45
date_now_epoch: 1743769845156
date_now_day: 4
date_now_month: 4
date_now_year: 2025
date_start: 2025-04-04 00:00:00
date_end: 2025-04-04 23:59:59
price_low: -0.13100
price_high: 18.01700
price_median: 10.33250
price_average: 8.99088
price_current: -0.12100
price_unit: Cent/kWh
price_threshold_00: -0.13100
price_threshold_01: -0.12100
price_threshold_02: -0.01300
price_threshold_03: 0.00000
price_threshold_04: 0.78200
price_threshold_05: 2.97000
price_threshold_06: 6.50000
price_threshold_07: 7.98700
price_threshold_08: 9.56800
price_threshold_09: 9.69700
price_threshold_10: 10.28900
price_threshold_11: 10.30400
price_threshold_12: 10.36100
price_threshold_13: 10.59500
price_threshold_14: 10.61500
price_threshold_15: 10.83400
price_threshold_16: 11.25500
price_threshold_17: 12.06700
price_threshold_18: 12.63500
price_threshold_19: 13.94000
price_threshold_20: 15.26700
price_threshold_21: 15.59900
price_threshold_22: 16.76400
price_threshold_23: 18.01700
data_price_hour_rel_-14_amount: 10.83400
data_price_hour_abs_00_amount: 10.83400
data_price_hour_rel_-13_amount: 10.30400
data_price_hour_abs_01_amount: 10.30400
data_price_hour_rel_-12_amount: 10.28900
data_price_hour_abs_02_amount: 10.28900
data_price_hour_rel_-11_amount: 10.36100
data_price_hour_abs_03_amount: 10.36100
data_price_hour_rel_-10_amount: 10.59500
data_price_hour_abs_04_amount: 10.59500
data_price_hour_rel_-09_amount: 11.25500
data_price_hour_abs_05_amount: 11.25500
data_price_hour_rel_-08_amount: 15.26700
data_price_hour_abs_06_amount: 15.26700
data_price_hour_rel_-07_amount: 18.01700
data_price_hour_abs_07_amount: 18.01700
data_price_hour_rel_-06_amount: 13.94000
data_price_hour_abs_08_amount: 13.94000
data_price_hour_rel_-05_amount: 9.56800
data_price_hour_abs_09_amount: 9.56800
data_price_hour_rel_-04_amount: 6.50000
data_price_hour_abs_10_amount: 6.50000
data_price_hour_rel_-03_amount: 0.78200
data_price_hour_abs_11_amount: 0.78200
data_price_hour_rel_-02_amount: 0.00000
data_price_hour_abs_12_amount: 0.00000
data_price_hour_rel_-01_amount: -0.13100
data_price_hour_abs_13_amount: -0.13100
data_price_hour_rel_+00_amount: -0.12100
data_price_hour_abs_14_amount: -0.12100
data_price_hour_rel_+01_amount: -0.01300
data_price_hour_abs_15_amount: -0.01300
data_price_hour_rel_+02_amount: 2.97000
data_price_hour_abs_16_amount: 2.97000
data_price_hour_rel_+03_amount: 7.98700
data_price_hour_abs_17_amount: 7.98700
data_price_hour_rel_+04_amount: 12.63500
data_price_hour_abs_18_amount: 12.63500
data_price_hour_rel_+05_amount: 16.76400
data_price_hour_abs_19_amount: 16.76400
data_price_hour_rel_+06_amount: 15.59900
data_price_hour_abs_20_amount: 15.59900
data_price_hour_rel_+07_amount: 12.06700
data_price_hour_abs_21_amount: 12.06700
data_price_hour_rel_+08_amount: 10.61500
data_price_hour_abs_22_amount: 10.61500
data_price_hour_rel_+09_amount: 9.69700
data_price_hour_abs_23_amount: 9.69700