date_now: 2025-10-10 14:33:36
date_now_epoch: 1760099616856
date_now_day: 10
date_now_month: 10
date_now_year: 2025
date_start: 2025-10-10 00:00:00
date_end: 2025-10-10 23:59:59
price_low: 7.56900
price_high: 12.32900
price_median: 9.31800
price_average: 9.64092
price_current: 7.72600
price_unit: Cent/kWh
price_threshold_00: 7.56900
price_threshold_01: 7.72600
price_threshold_02: 7.75300
price_threshold_03: 7.82800
price_threshold_04: 7.92100
price_threshold_05: 8.00900
price_threshold_06: 8.21200
price_threshold_07: 8.49700
price_threshold_08: 8.60700
price_threshold_09: 8.80100
price_threshold_10: 8.88900
price_threshold_11: 9.30100
price_threshold_12: 9.33500
price_threshold_13: 9.77300
price_threshold_14: 9.78600
price_threshold_15: 10.26400
price_threshold_16: 10.39200
price_threshold_17: 10.77600
price_threshold_18: 11.53900
price_threshold_19: 11.82000
price_threshold_20: 11.93300
price_threshold_21: 12.06100
price_threshold_22: 12.26100
price_threshold_23: 12.32900
data_price_hour_rel_-14_amount: 8.80100
data_price_hour_abs_00_amount: 8.80100
data_price_hour_rel_-13_amount: 8.49700
data_price_hour_abs_01_amount: 8.49700
data_price_hour_rel_-12_amount: 8.00900
data_price_hour_abs_02_amount: 8.00900
data_price_hour_rel_-11_amount: 7.82800
data_price_hour_abs_03_amount: 7.82800
data_price_hour_rel_-10_amount: 7.92100
data_price_hour_abs_04_amount: 7.92100
data_price_hour_rel_-09_amount: 8.60700
data_price_hour_abs_05_amount: 8.60700
data_price_hour_rel_-08_amount: 10.26400
data_price_hour_abs_06_amount: 10.26400
data_price_hour_rel_-07_amount: 11.93300
data_price_hour_abs_07_amount: 11.93300
data_price_hour_rel_-06_amount: 12.26100
data_price_hour_abs_08_amount: 12.26100
data_price_hour_rel_-05_amount: 10.77600
data_price_hour_abs_09_amount: 10.77600
data_price_hour_rel_-04_amount: 9.30100
data_price_hour_abs_10_amount: 9.30100
data_price_hour_rel_-03_amount: 8.21200
data_price_hour_abs_11_amount: 8.21200
data_price_hour_rel_-02_amount: 7.75300
data_price_hour_abs_12_amount: 7.75300
data_price_hour_rel_-01_amount: 7.56900
data_price_hour_abs_13_amount: 7.56900
data_price_hour_rel_+00_amount: 7.72600
data_price_hour_abs_14_amount: 7.72600
data_price_hour_rel_+01_amount: 8.88900
data_price_hour_abs_15_amount: 8.88900
data_price_hour_rel_+02_amount: 9.78600
data_price_hour_abs_16_amount: 9.78600
data_price_hour_rel_+03_amount: 11.82000
data_price_hour_abs_17_amount: 11.82000
data_price_hour_rel_+04_amount: 12.06100
data_price_hour_abs_18_amount: 12.06100
data_price_hour_rel_+05_amount: 12.32900
data_price_hour_abs_19_amount: 12.32900
data_price_hour_rel_+06_amount: 11.53900
data_price_hour_abs_20_amount: 11.53900
data_price_hour_rel_+07_amount: 10.39200
data_price_hour_abs_21_amount: 10.39200
data_price_hour_rel_+08_amount: 9.77300
data_price_hour_abs_22_amount: 9.77300
data_price_hour_rel_+09_amount: 9.33500
data_price_hour_abs_23_amount: 9.33500