date_now: 2025-02-05 13:28:29
date_now_epoch: 1738758509685
date_now_day: 5
date_now_month: 2
date_now_year: 2025
date_start: 2025-02-05 00:00:00
date_end: 2025-02-05 23:59:59
price_low: 10.81800
price_high: 18.99000
price_median: 13.65100
price_average: 14.17692
price_current: 11.88000
price_unit: Cent/kWh
price_threshold_00: 10.81800
price_threshold_01: 10.94000
price_threshold_02: 10.96700
price_threshold_03: 11.33400
price_threshold_04: 11.51700
price_threshold_05: 11.54600
price_threshold_06: 11.88000
price_threshold_07: 11.99600
price_threshold_08: 12.24200
price_threshold_09: 12.88500
price_threshold_10: 13.21900
price_threshold_11: 13.32100
price_threshold_12: 13.98100
price_threshold_13: 14.37000
price_threshold_14: 14.41200
price_threshold_15: 15.54200
price_threshold_16: 15.93300
price_threshold_17: 16.05800
price_threshold_18: 16.53200
price_threshold_19: 17.00000
price_threshold_20: 17.71900
price_threshold_21: 18.08100
price_threshold_22: 18.96300
price_threshold_23: 18.99000
data_price_hour_rel_-13_amount: 11.33400
data_price_hour_abs_00_amount: 11.33400
data_price_hour_rel_-12_amount: 10.96700
data_price_hour_abs_01_amount: 10.96700
data_price_hour_rel_-11_amount: 10.94000
data_price_hour_abs_02_amount: 10.94000
data_price_hour_rel_-10_amount: 10.81800
data_price_hour_abs_03_amount: 10.81800
data_price_hour_rel_-09_amount: 11.51700
data_price_hour_abs_04_amount: 11.51700
data_price_hour_rel_-08_amount: 12.24200
data_price_hour_abs_05_amount: 12.24200
data_price_hour_rel_-07_amount: 13.98100
data_price_hour_abs_06_amount: 13.98100
data_price_hour_rel_-06_amount: 16.53200
data_price_hour_abs_07_amount: 16.53200
data_price_hour_rel_-05_amount: 18.08100
data_price_hour_abs_08_amount: 18.08100
data_price_hour_rel_-04_amount: 15.93300
data_price_hour_abs_09_amount: 15.93300
data_price_hour_rel_-03_amount: 13.21900
data_price_hour_abs_10_amount: 13.21900
data_price_hour_rel_-02_amount: 11.99600
data_price_hour_abs_11_amount: 11.99600
data_price_hour_rel_-01_amount: 11.54600
data_price_hour_abs_12_amount: 11.54600
data_price_hour_rel_+00_amount: 11.88000
data_price_hour_abs_13_amount: 11.88000
data_price_hour_rel_+01_amount: 12.88500
data_price_hour_abs_14_amount: 12.88500
data_price_hour_rel_+02_amount: 14.41200
data_price_hour_abs_15_amount: 14.41200
data_price_hour_rel_+03_amount: 16.05800
data_price_hour_abs_16_amount: 16.05800
data_price_hour_rel_+04_amount: 17.71900
data_price_hour_abs_17_amount: 17.71900
data_price_hour_rel_+05_amount: 18.99000
data_price_hour_abs_18_amount: 18.99000
data_price_hour_rel_+06_amount: 18.96300
data_price_hour_abs_19_amount: 18.96300
data_price_hour_rel_+07_amount: 17.00000
data_price_hour_abs_20_amount: 17.00000
data_price_hour_rel_+08_amount: 15.54200
data_price_hour_abs_21_amount: 15.54200
data_price_hour_rel_+09_amount: 14.37000
data_price_hour_abs_22_amount: 14.37000
data_price_hour_rel_+10_amount: 13.32100
data_price_hour_abs_23_amount: 13.32100