date_now: 2025-02-07 13:27:52
date_now_epoch: 1738931272114
date_now_day: 7
date_now_month: 2
date_now_year: 2025
date_start: 2025-02-07 00:00:00
date_end: 2025-02-07 23:59:59
price_low: 9.87200
price_high: 16.42100
price_median: 11.25450
price_average: 12.11767
price_current: 10.67700
price_unit: Cent/kWh
price_threshold_00: 9.87200
price_threshold_01: 10.00000
price_threshold_02: 10.01400
price_threshold_03: 10.48100
price_threshold_04: 10.50000
price_threshold_05: 10.50700
price_threshold_06: 10.67700
price_threshold_07: 10.88200
price_threshold_08: 10.95900
price_threshold_09: 11.14900
price_threshold_10: 11.16800
price_threshold_11: 11.23900
price_threshold_12: 11.27000
price_threshold_13: 11.51400
price_threshold_14: 12.60500
price_threshold_15: 12.66100
price_threshold_16: 12.69300
price_threshold_17: 13.38800
price_threshold_18: 14.16600
price_threshold_19: 14.28500
price_threshold_20: 14.43200
price_threshold_21: 14.90500
price_threshold_22: 15.03600
price_threshold_23: 16.42100
data_price_hour_rel_-13_amount: 12.60500
data_price_hour_abs_00_amount: 12.60500
data_price_hour_rel_-12_amount: 11.27000
data_price_hour_abs_01_amount: 11.27000
data_price_hour_rel_-11_amount: 10.88200
data_price_hour_abs_02_amount: 10.88200
data_price_hour_rel_-10_amount: 10.50000
data_price_hour_abs_03_amount: 10.50000
data_price_hour_rel_-09_amount: 10.48100
data_price_hour_abs_04_amount: 10.48100
data_price_hour_rel_-08_amount: 10.50700
data_price_hour_abs_05_amount: 10.50700
data_price_hour_rel_-07_amount: 11.23900
data_price_hour_abs_06_amount: 11.23900
data_price_hour_rel_-06_amount: 14.16600
data_price_hour_abs_07_amount: 14.16600
data_price_hour_rel_-05_amount: 16.42100
data_price_hour_abs_08_amount: 16.42100
data_price_hour_rel_-04_amount: 15.03600
data_price_hour_abs_09_amount: 15.03600
data_price_hour_rel_-03_amount: 13.38800
data_price_hour_abs_10_amount: 13.38800
data_price_hour_rel_-02_amount: 11.51400
data_price_hour_abs_11_amount: 11.51400
data_price_hour_rel_-01_amount: 11.14900
data_price_hour_abs_12_amount: 11.14900
data_price_hour_rel_+00_amount: 10.67700
data_price_hour_abs_13_amount: 10.67700
data_price_hour_rel_+01_amount: 10.95900
data_price_hour_abs_14_amount: 10.95900
data_price_hour_rel_+02_amount: 11.16800
data_price_hour_abs_15_amount: 11.16800
data_price_hour_rel_+03_amount: 12.66100
data_price_hour_abs_16_amount: 12.66100
data_price_hour_rel_+04_amount: 14.28500
data_price_hour_abs_17_amount: 14.28500
data_price_hour_rel_+05_amount: 14.90500
data_price_hour_abs_18_amount: 14.90500
data_price_hour_rel_+06_amount: 14.43200
data_price_hour_abs_19_amount: 14.43200
data_price_hour_rel_+07_amount: 12.69300
data_price_hour_abs_20_amount: 12.69300
data_price_hour_rel_+08_amount: 10.00000
data_price_hour_abs_21_amount: 10.00000
data_price_hour_rel_+09_amount: 9.87200
data_price_hour_abs_22_amount: 9.87200
data_price_hour_rel_+10_amount: 10.01400
data_price_hour_abs_23_amount: 10.01400