date_now: 2025-09-10 14:31:50
date_now_epoch: 1757507510063
date_now_day: 10
date_now_month: 9
date_now_year: 2025
date_start: 2025-09-10 00:00:00
date_end: 2025-09-10 23:59:59
price_low: 8.60900
price_high: 27.51900
price_median: 10.71100
price_average: 12.59517
price_current: 8.78000
price_unit: Cent/kWh
price_threshold_00: 8.60900
price_threshold_01: 8.76300
price_threshold_02: 8.78000
price_threshold_03: 8.88500
price_threshold_04: 9.08000
price_threshold_05: 10.15800
price_threshold_06: 10.23900
price_threshold_07: 10.37300
price_threshold_08: 10.45500
price_threshold_09: 10.48100
price_threshold_10: 10.50700
price_threshold_11: 10.69300
price_threshold_12: 10.72900
price_threshold_13: 10.73300
price_threshold_14: 11.42800
price_threshold_15: 12.29400
price_threshold_16: 12.77800
price_threshold_17: 12.94600
price_threshold_18: 13.33500
price_threshold_19: 16.90700
price_threshold_20: 17.05900
price_threshold_21: 17.19400
price_threshold_22: 22.33900
price_threshold_23: 27.51900
data_price_hour_rel_-14_amount: 10.69300
data_price_hour_abs_00_amount: 10.69300
data_price_hour_rel_-13_amount: 10.72900
data_price_hour_abs_01_amount: 10.72900
data_price_hour_rel_-12_amount: 10.37300
data_price_hour_abs_02_amount: 10.37300
data_price_hour_rel_-11_amount: 10.48100
data_price_hour_abs_03_amount: 10.48100
data_price_hour_rel_-10_amount: 10.45500
data_price_hour_abs_04_amount: 10.45500
data_price_hour_rel_-09_amount: 11.42800
data_price_hour_abs_05_amount: 11.42800
data_price_hour_rel_-08_amount: 13.33500
data_price_hour_abs_06_amount: 13.33500
data_price_hour_rel_-07_amount: 22.33900
data_price_hour_abs_07_amount: 22.33900
data_price_hour_rel_-06_amount: 17.19400
data_price_hour_abs_08_amount: 17.19400
data_price_hour_rel_-05_amount: 12.94600
data_price_hour_abs_09_amount: 12.94600
data_price_hour_rel_-04_amount: 10.73300
data_price_hour_abs_10_amount: 10.73300
data_price_hour_rel_-03_amount: 10.23900
data_price_hour_abs_11_amount: 10.23900
data_price_hour_rel_-02_amount: 8.88500
data_price_hour_abs_12_amount: 8.88500
data_price_hour_rel_-01_amount: 8.60900
data_price_hour_abs_13_amount: 8.60900
data_price_hour_rel_+00_amount: 8.78000
data_price_hour_abs_14_amount: 8.78000
data_price_hour_rel_+01_amount: 9.08000
data_price_hour_abs_15_amount: 9.08000
data_price_hour_rel_+02_amount: 10.50700
data_price_hour_abs_16_amount: 10.50700
data_price_hour_rel_+03_amount: 12.77800
data_price_hour_abs_17_amount: 12.77800
data_price_hour_rel_+04_amount: 17.05900
data_price_hour_abs_18_amount: 17.05900
data_price_hour_rel_+05_amount: 27.51900
data_price_hour_abs_19_amount: 27.51900
data_price_hour_rel_+06_amount: 16.90700
data_price_hour_abs_20_amount: 16.90700
data_price_hour_rel_+07_amount: 12.29400
data_price_hour_abs_21_amount: 12.29400
data_price_hour_rel_+08_amount: 10.15800
data_price_hour_abs_22_amount: 10.15800
data_price_hour_rel_+09_amount: 8.76300
data_price_hour_abs_23_amount: 8.76300