date_now: 2025-08-06 14:39:02
date_now_epoch: 1754483942298
date_now_day: 6
date_now_month: 8
date_now_year: 2025
date_start: 2025-08-06 00:00:00
date_end: 2025-08-06 23:59:59
price_low: -1.17900
price_high: 17.01600
price_median: 6.08850
price_average: 6.19446
price_current: -0.60000
price_unit: Cent/kWh
price_threshold_00: -1.17900
price_threshold_01: -0.84700
price_threshold_02: -0.60000
price_threshold_03: -0.31100
price_threshold_04: -0.20500
price_threshold_05: -0.10100
price_threshold_06: -0.00100
price_threshold_07: 2.77400
price_threshold_08: 5.21500
price_threshold_09: 5.98900
price_threshold_10: 6.03500
price_threshold_11: 6.07600
price_threshold_12: 6.10100
price_threshold_13: 7.51300
price_threshold_14: 8.17000
price_threshold_15: 8.39400
price_threshold_16: 9.71900
price_threshold_17: 10.16000
price_threshold_18: 10.29400
price_threshold_19: 10.37700
price_threshold_20: 11.00000
price_threshold_21: 11.37000
price_threshold_22: 15.70800
price_threshold_23: 17.01600
data_price_hour_rel_-14_amount: 7.51300
data_price_hour_abs_00_amount: 7.51300
data_price_hour_rel_-13_amount: 5.98900
data_price_hour_abs_01_amount: 5.98900
data_price_hour_rel_-12_amount: 6.07600
data_price_hour_abs_02_amount: 6.07600
data_price_hour_rel_-11_amount: 6.10100
data_price_hour_abs_03_amount: 6.10100
data_price_hour_rel_-10_amount: 6.03500
data_price_hour_abs_04_amount: 6.03500
data_price_hour_rel_-09_amount: 8.17000
data_price_hour_abs_05_amount: 8.17000
data_price_hour_rel_-08_amount: 10.37700
data_price_hour_abs_06_amount: 10.37700
data_price_hour_rel_-07_amount: 10.29400
data_price_hour_abs_07_amount: 10.29400
data_price_hour_rel_-06_amount: 8.39400
data_price_hour_abs_08_amount: 8.39400
data_price_hour_rel_-05_amount: 2.77400
data_price_hour_abs_09_amount: 2.77400
data_price_hour_rel_-04_amount: -0.00100
data_price_hour_abs_10_amount: -0.00100
data_price_hour_rel_-03_amount: -0.20500
data_price_hour_abs_11_amount: -0.20500
data_price_hour_rel_-02_amount: -0.84700
data_price_hour_abs_12_amount: -0.84700
data_price_hour_rel_-01_amount: -1.17900
data_price_hour_abs_13_amount: -1.17900
data_price_hour_rel_+00_amount: -0.60000
data_price_hour_abs_14_amount: -0.60000
data_price_hour_rel_+01_amount: -0.31100
data_price_hour_abs_15_amount: -0.31100
data_price_hour_rel_+02_amount: -0.10100
data_price_hour_abs_16_amount: -0.10100
data_price_hour_rel_+03_amount: 5.21500
data_price_hour_abs_17_amount: 5.21500
data_price_hour_rel_+04_amount: 9.71900
data_price_hour_abs_18_amount: 9.71900
data_price_hour_rel_+05_amount: 11.37000
data_price_hour_abs_19_amount: 11.37000
data_price_hour_rel_+06_amount: 17.01600
data_price_hour_abs_20_amount: 17.01600
data_price_hour_rel_+07_amount: 15.70800
data_price_hour_abs_21_amount: 15.70800
data_price_hour_rel_+08_amount: 11.00000
data_price_hour_abs_22_amount: 11.00000
data_price_hour_rel_+09_amount: 10.16000
data_price_hour_abs_23_amount: 10.16000