date_now: 2025-04-05 14:27:49
date_now_epoch: 1743856069952
date_now_day: 5
date_now_month: 4
date_now_year: 2025
date_start: 2025-04-05 00:00:00
date_end: 2025-04-05 23:59:59
price_low: -4.91000
price_high: 10.92300
price_median: 8.16200
price_average: 5.48254
price_current: -4.91000
price_unit: Cent/kWh
price_threshold_00: -4.91000
price_threshold_01: -4.77300
price_threshold_02: -2.99100
price_threshold_03: -2.40900
price_threshold_04: -0.43000
price_threshold_05: -0.09400
price_threshold_06: 0.00000
price_threshold_07: 0.06600
price_threshold_08: 5.71600
price_threshold_09: 6.87500
price_threshold_10: 7.00000
price_threshold_11: 7.89900
price_threshold_12: 8.42500
price_threshold_13: 9.75000
price_threshold_14: 9.83000
price_threshold_15: 9.83100
price_threshold_16: 9.89000
price_threshold_17: 9.93900
price_threshold_18: 9.94000
price_threshold_19: 9.94000
price_threshold_20: 10.27600
price_threshold_21: 10.29800
price_threshold_22: 10.59000
price_threshold_23: 10.92300
data_price_hour_rel_-14_amount: 10.92300
data_price_hour_abs_00_amount: 10.92300
data_price_hour_rel_-13_amount: 10.27600
data_price_hour_abs_01_amount: 10.27600
data_price_hour_rel_-12_amount: 9.93900
data_price_hour_abs_02_amount: 9.93900
data_price_hour_rel_-11_amount: 9.94000
data_price_hour_abs_03_amount: 9.94000
data_price_hour_rel_-10_amount: 9.83100
data_price_hour_abs_04_amount: 9.83100
data_price_hour_rel_-09_amount: 9.75000
data_price_hour_abs_05_amount: 9.75000
data_price_hour_rel_-08_amount: 10.29800
data_price_hour_abs_06_amount: 10.29800
data_price_hour_rel_-07_amount: 10.59000
data_price_hour_abs_07_amount: 10.59000
data_price_hour_rel_-06_amount: 9.83000
data_price_hour_abs_08_amount: 9.83000
data_price_hour_rel_-05_amount: 5.71600
data_price_hour_abs_09_amount: 5.71600
data_price_hour_rel_-04_amount: 0.06600
data_price_hour_abs_10_amount: 0.06600
data_price_hour_rel_-03_amount: -0.09400
data_price_hour_abs_11_amount: -0.09400
data_price_hour_rel_-02_amount: -2.40900
data_price_hour_abs_12_amount: -2.40900
data_price_hour_rel_-01_amount: -4.77300
data_price_hour_abs_13_amount: -4.77300
data_price_hour_rel_+00_amount: -4.91000
data_price_hour_abs_14_amount: -4.91000
data_price_hour_rel_+01_amount: -2.99100
data_price_hour_abs_15_amount: -2.99100
data_price_hour_rel_+02_amount: -0.43000
data_price_hour_abs_16_amount: -0.43000
data_price_hour_rel_+03_amount: 0.00000
data_price_hour_abs_17_amount: 0.00000
data_price_hour_rel_+04_amount: 7.00000
data_price_hour_abs_18_amount: 7.00000
data_price_hour_rel_+05_amount: 9.94000
data_price_hour_abs_19_amount: 9.94000
data_price_hour_rel_+06_amount: 9.89000
data_price_hour_abs_20_amount: 9.89000
data_price_hour_rel_+07_amount: 8.42500
data_price_hour_abs_21_amount: 8.42500
data_price_hour_rel_+08_amount: 7.89900
data_price_hour_abs_22_amount: 7.89900
data_price_hour_rel_+09_amount: 6.87500
data_price_hour_abs_23_amount: 6.87500