date_now: 2025-12-29 13:38:52
date_now_epoch: 1767011932095
date_now_day: 29
date_now_month: 12
date_now_year: 2025
date_start: 2025-12-29 00:00:00
date_end: 2025-12-29 23:59:59
price_low: 8.21900
price_high: 11.38800
price_median: 9.05800
price_average: 9.43492
price_current: 8.85200
price_unit: Cent/kWh
price_threshold_00: 8.21900
price_threshold_01: 8.32500
price_threshold_02: 8.33400
price_threshold_03: 8.36200
price_threshold_04: 8.41800
price_threshold_05: 8.49800
price_threshold_06: 8.76600
price_threshold_07: 8.79200
price_threshold_08: 8.85200
price_threshold_09: 8.98800
price_threshold_10: 9.03500
price_threshold_11: 9.03700
price_threshold_12: 9.07900
price_threshold_13: 9.51500
price_threshold_14: 9.61000
price_threshold_15: 9.63300
price_threshold_16: 9.76500
price_threshold_17: 10.33100
price_threshold_18: 10.35100
price_threshold_19: 10.47200
price_threshold_20: 10.70100
price_threshold_21: 10.86600
price_threshold_22: 11.10100
price_threshold_23: 11.38800
data_price_hour_rel_-13_amount: 8.98800
data_price_hour_abs_00_amount: 8.98800
data_price_hour_rel_-12_amount: 8.49800
data_price_hour_abs_01_amount: 8.49800
data_price_hour_rel_-11_amount: 8.41800
data_price_hour_abs_02_amount: 8.41800
data_price_hour_rel_-10_amount: 8.21900
data_price_hour_abs_03_amount: 8.21900
data_price_hour_rel_-09_amount: 8.36200
data_price_hour_abs_04_amount: 8.36200
data_price_hour_rel_-08_amount: 9.07900
data_price_hour_abs_05_amount: 9.07900
data_price_hour_rel_-07_amount: 9.63300
data_price_hour_abs_06_amount: 9.63300
data_price_hour_rel_-06_amount: 10.47200
data_price_hour_abs_07_amount: 10.47200
data_price_hour_rel_-05_amount: 11.38800
data_price_hour_abs_08_amount: 11.38800
data_price_hour_rel_-04_amount: 11.10100
data_price_hour_abs_09_amount: 11.10100
data_price_hour_rel_-03_amount: 9.76500
data_price_hour_abs_10_amount: 9.76500
data_price_hour_rel_-02_amount: 9.03500
data_price_hour_abs_11_amount: 9.03500
data_price_hour_rel_-01_amount: 8.76600
data_price_hour_abs_12_amount: 8.76600
data_price_hour_rel_+00_amount: 8.85200
data_price_hour_abs_13_amount: 8.85200
data_price_hour_rel_+01_amount: 9.61000
data_price_hour_abs_14_amount: 9.61000
data_price_hour_rel_+02_amount: 10.35100
data_price_hour_abs_15_amount: 10.35100
data_price_hour_rel_+03_amount: 10.86600
data_price_hour_abs_16_amount: 10.86600
data_price_hour_rel_+04_amount: 10.70100
data_price_hour_abs_17_amount: 10.70100
data_price_hour_rel_+05_amount: 10.33100
data_price_hour_abs_18_amount: 10.33100
data_price_hour_rel_+06_amount: 9.51500
data_price_hour_abs_19_amount: 9.51500
data_price_hour_rel_+07_amount: 9.03700
data_price_hour_abs_20_amount: 9.03700
data_price_hour_rel_+08_amount: 8.32500
data_price_hour_abs_21_amount: 8.32500
data_price_hour_rel_+09_amount: 8.79200
data_price_hour_abs_22_amount: 8.79200
data_price_hour_rel_+10_amount: 8.33400
data_price_hour_abs_23_amount: 8.33400