date_now: 2025-07-09 14:35:31
date_now_epoch: 1752064531510
date_now_day: 9
date_now_month: 7
date_now_year: 2025
date_start: 2025-07-09 00:00:00
date_end: 2025-07-09 23:59:59
price_low: 3.77800
price_high: 13.82400
price_median: 9.12550
price_average: 9.17983
price_current: 3.77800
price_unit: Cent/kWh
price_threshold_00: 3.77800
price_threshold_01: 4.66900
price_threshold_02: 4.83200
price_threshold_03: 6.56700
price_threshold_04: 7.11300
price_threshold_05: 7.77700
price_threshold_06: 8.38600
price_threshold_07: 8.46500
price_threshold_08: 8.46800
price_threshold_09: 8.47300
price_threshold_10: 8.51000
price_threshold_11: 8.68500
price_threshold_12: 9.56600
price_threshold_13: 9.61500
price_threshold_14: 9.71500
price_threshold_15: 9.90100
price_threshold_16: 10.49000
price_threshold_17: 11.35900
price_threshold_18: 11.36600
price_threshold_19: 11.59800
price_threshold_20: 11.64600
price_threshold_21: 11.97900
price_threshold_22: 13.53400
price_threshold_23: 13.82400
data_price_hour_rel_-14_amount: 9.71500
data_price_hour_abs_00_amount: 9.71500
data_price_hour_rel_-13_amount: 8.68500
data_price_hour_abs_01_amount: 8.68500
data_price_hour_rel_-12_amount: 8.38600
data_price_hour_abs_02_amount: 8.38600
data_price_hour_rel_-11_amount: 8.46500
data_price_hour_abs_03_amount: 8.46500
data_price_hour_rel_-10_amount: 8.51000
data_price_hour_abs_04_amount: 8.51000
data_price_hour_rel_-09_amount: 9.61500
data_price_hour_abs_05_amount: 9.61500
data_price_hour_rel_-08_amount: 11.36600
data_price_hour_abs_06_amount: 11.36600
data_price_hour_rel_-07_amount: 11.64600
data_price_hour_abs_07_amount: 11.64600
data_price_hour_rel_-06_amount: 11.35900
data_price_hour_abs_08_amount: 11.35900
data_price_hour_rel_-05_amount: 9.56600
data_price_hour_abs_09_amount: 9.56600
data_price_hour_rel_-04_amount: 8.46800
data_price_hour_abs_10_amount: 8.46800
data_price_hour_rel_-03_amount: 7.77700
data_price_hour_abs_11_amount: 7.77700
data_price_hour_rel_-02_amount: 6.56700
data_price_hour_abs_12_amount: 6.56700
data_price_hour_rel_-01_amount: 4.66900
data_price_hour_abs_13_amount: 4.66900
data_price_hour_rel_+00_amount: 3.77800
data_price_hour_abs_14_amount: 3.77800
data_price_hour_rel_+01_amount: 4.83200
data_price_hour_abs_15_amount: 4.83200
data_price_hour_rel_+02_amount: 7.11300
data_price_hour_abs_16_amount: 7.11300
data_price_hour_rel_+03_amount: 8.47300
data_price_hour_abs_17_amount: 8.47300
data_price_hour_rel_+04_amount: 9.90100
data_price_hour_abs_18_amount: 9.90100
data_price_hour_rel_+05_amount: 11.59800
data_price_hour_abs_19_amount: 11.59800
data_price_hour_rel_+06_amount: 13.53400
data_price_hour_abs_20_amount: 13.53400
data_price_hour_rel_+07_amount: 13.82400
data_price_hour_abs_21_amount: 13.82400
data_price_hour_rel_+08_amount: 11.97900
data_price_hour_abs_22_amount: 11.97900
data_price_hour_rel_+09_amount: 10.49000
data_price_hour_abs_23_amount: 10.49000