date_now: 2025-04-25 14:32:04
date_now_epoch: 1745584324764
date_now_day: 25
date_now_month: 4
date_now_year: 2025
date_start: 2025-04-25 00:00:00
date_end: 2025-04-25 23:59:59
price_low: 4.09900
price_high: 12.37800
price_median: 8.96000
price_average: 8.85258
price_current: 4.09900
price_unit: Cent/kWh
price_threshold_00: 4.09900
price_threshold_01: 4.80300
price_threshold_02: 5.94700
price_threshold_03: 6.66100
price_threshold_04: 7.30400
price_threshold_05: 7.54500
price_threshold_06: 8.22300
price_threshold_07: 8.29200
price_threshold_08: 8.34000
price_threshold_09: 8.41900
price_threshold_10: 8.49500
price_threshold_11: 8.81700
price_threshold_12: 9.10300
price_threshold_13: 9.20900
price_threshold_14: 9.46400
price_threshold_15: 9.94100
price_threshold_16: 9.94300
price_threshold_17: 10.03700
price_threshold_18: 10.44100
price_threshold_19: 10.96300
price_threshold_20: 11.10000
price_threshold_21: 11.33900
price_threshold_22: 11.59900
price_threshold_23: 12.37800
data_price_hour_rel_-14_amount: 9.10300
data_price_hour_abs_00_amount: 9.10300
data_price_hour_rel_-13_amount: 8.29200
data_price_hour_abs_01_amount: 8.29200
data_price_hour_rel_-12_amount: 8.22300
data_price_hour_abs_02_amount: 8.22300
data_price_hour_rel_-11_amount: 8.34000
data_price_hour_abs_03_amount: 8.34000
data_price_hour_rel_-10_amount: 8.49500
data_price_hour_abs_04_amount: 8.49500
data_price_hour_rel_-09_amount: 9.46400
data_price_hour_abs_05_amount: 9.46400
data_price_hour_rel_-08_amount: 10.44100
data_price_hour_abs_06_amount: 10.44100
data_price_hour_rel_-07_amount: 11.33900
data_price_hour_abs_07_amount: 11.33900
data_price_hour_rel_-06_amount: 11.10000
data_price_hour_abs_08_amount: 11.10000
data_price_hour_rel_-05_amount: 9.94100
data_price_hour_abs_09_amount: 9.94100
data_price_hour_rel_-04_amount: 8.81700
data_price_hour_abs_10_amount: 8.81700
data_price_hour_rel_-03_amount: 7.54500
data_price_hour_abs_11_amount: 7.54500
data_price_hour_rel_-02_amount: 6.66100
data_price_hour_abs_12_amount: 6.66100
data_price_hour_rel_-01_amount: 4.80300
data_price_hour_abs_13_amount: 4.80300
data_price_hour_rel_+00_amount: 4.09900
data_price_hour_abs_14_amount: 4.09900
data_price_hour_rel_+01_amount: 5.94700
data_price_hour_abs_15_amount: 5.94700
data_price_hour_rel_+02_amount: 7.30400
data_price_hour_abs_16_amount: 7.30400
data_price_hour_rel_+03_amount: 8.41900
data_price_hour_abs_17_amount: 8.41900
data_price_hour_rel_+04_amount: 9.94300
data_price_hour_abs_18_amount: 9.94300
data_price_hour_rel_+05_amount: 11.59900
data_price_hour_abs_19_amount: 11.59900
data_price_hour_rel_+06_amount: 12.37800
data_price_hour_abs_20_amount: 12.37800
data_price_hour_rel_+07_amount: 10.96300
data_price_hour_abs_21_amount: 10.96300
data_price_hour_rel_+08_amount: 10.03700
data_price_hour_abs_22_amount: 10.03700
data_price_hour_rel_+09_amount: 9.20900
data_price_hour_abs_23_amount: 9.20900