date_now: 2025-04-21 14:31:25
date_now_epoch: 1745238685055
date_now_day: 21
date_now_month: 4
date_now_year: 2025
date_start: 2025-04-21 00:00:00
date_end: 2025-04-21 23:59:59
price_low: 0.84300
price_high: 13.91400
price_median: 9.66550
price_average: 8.19917
price_current: 0.84300
price_unit: Cent/kWh
price_threshold_00: 0.84300
price_threshold_01: 0.89100
price_threshold_02: 1.00100
price_threshold_03: 1.71900
price_threshold_04: 3.38800
price_threshold_05: 5.00500
price_threshold_06: 6.52400
price_threshold_07: 8.79900
price_threshold_08: 8.85000
price_threshold_09: 8.87700
price_threshold_10: 9.13100
price_threshold_11: 9.64700
price_threshold_12: 9.68400
price_threshold_13: 9.70700
price_threshold_14: 9.75900
price_threshold_15: 9.79800
price_threshold_16: 9.85400
price_threshold_17: 10.19500
price_threshold_18: 10.65400
price_threshold_19: 10.85800
price_threshold_20: 12.19500
price_threshold_21: 12.27700
price_threshold_22: 13.21000
price_threshold_23: 13.91400
data_price_hour_rel_-14_amount: 10.85800
data_price_hour_abs_00_amount: 10.85800
data_price_hour_rel_-13_amount: 9.75900
data_price_hour_abs_01_amount: 9.75900
data_price_hour_rel_-12_amount: 9.64700
data_price_hour_abs_02_amount: 9.64700
data_price_hour_rel_-11_amount: 9.68400
data_price_hour_abs_03_amount: 9.68400
data_price_hour_rel_-10_amount: 9.79800
data_price_hour_abs_04_amount: 9.79800
data_price_hour_rel_-09_amount: 9.85400
data_price_hour_abs_05_amount: 9.85400
data_price_hour_rel_-08_amount: 9.70700
data_price_hour_abs_06_amount: 9.70700
data_price_hour_rel_-07_amount: 9.13100
data_price_hour_abs_07_amount: 9.13100
data_price_hour_rel_-06_amount: 8.85000
data_price_hour_abs_08_amount: 8.85000
data_price_hour_rel_-05_amount: 8.79900
data_price_hour_abs_09_amount: 8.79900
data_price_hour_rel_-04_amount: 6.52400
data_price_hour_abs_10_amount: 6.52400
data_price_hour_rel_-03_amount: 3.38800
data_price_hour_abs_11_amount: 3.38800
data_price_hour_rel_-02_amount: 1.71900
data_price_hour_abs_12_amount: 1.71900
data_price_hour_rel_-01_amount: 0.89100
data_price_hour_abs_13_amount: 0.89100
data_price_hour_rel_+00_amount: 0.84300
data_price_hour_abs_14_amount: 0.84300
data_price_hour_rel_+01_amount: 1.00100
data_price_hour_abs_15_amount: 1.00100
data_price_hour_rel_+02_amount: 5.00500
data_price_hour_abs_16_amount: 5.00500
data_price_hour_rel_+03_amount: 8.87700
data_price_hour_abs_17_amount: 8.87700
data_price_hour_rel_+04_amount: 10.19500
data_price_hour_abs_18_amount: 10.19500
data_price_hour_rel_+05_amount: 12.19500
data_price_hour_abs_19_amount: 12.19500
data_price_hour_rel_+06_amount: 13.91400
data_price_hour_abs_20_amount: 13.91400
data_price_hour_rel_+07_amount: 13.21000
data_price_hour_abs_21_amount: 13.21000
data_price_hour_rel_+08_amount: 12.27700
data_price_hour_abs_22_amount: 12.27700
data_price_hour_rel_+09_amount: 10.65400
data_price_hour_abs_23_amount: 10.65400