date_now: 2025-12-07 13:31:58
date_now_epoch: 1765110718935
date_now_day: 7
date_now_month: 12
date_now_year: 2025
date_start: 2025-12-07 00:00:00
date_end: 2025-12-07 23:59:59
price_low: 4.17400
price_high: 11.18200
price_median: 8.08800
price_average: 8.03938
price_current: 9.95700
price_unit: Cent/kWh
price_threshold_00: 4.17400
price_threshold_01: 5.85600
price_threshold_02: 5.94200
price_threshold_03: 6.10000
price_threshold_04: 6.20100
price_threshold_05: 6.20800
price_threshold_06: 6.37200
price_threshold_07: 6.56000
price_threshold_08: 6.73200
price_threshold_09: 7.18400
price_threshold_10: 7.37200
price_threshold_11: 7.80000
price_threshold_12: 8.37600
price_threshold_13: 8.55600
price_threshold_14: 8.74600
price_threshold_15: 9.05300
price_threshold_16: 9.19200
price_threshold_17: 9.68800
price_threshold_18: 9.74400
price_threshold_19: 9.95700
price_threshold_20: 10.41500
price_threshold_21: 10.57400
price_threshold_22: 10.96100
price_threshold_23: 11.18200
data_price_hour_rel_-13_amount: 6.73200
data_price_hour_abs_00_amount: 6.73200
data_price_hour_rel_-12_amount: 6.10000
data_price_hour_abs_01_amount: 6.10000
data_price_hour_rel_-11_amount: 5.94200
data_price_hour_abs_02_amount: 5.94200
data_price_hour_rel_-10_amount: 5.85600
data_price_hour_abs_03_amount: 5.85600
data_price_hour_rel_-09_amount: 6.20800
data_price_hour_abs_04_amount: 6.20800
data_price_hour_rel_-08_amount: 6.20100
data_price_hour_abs_05_amount: 6.20100
data_price_hour_rel_-07_amount: 6.37200
data_price_hour_abs_06_amount: 6.37200
data_price_hour_rel_-06_amount: 7.18400
data_price_hour_abs_07_amount: 7.18400
data_price_hour_rel_-05_amount: 7.80000
data_price_hour_abs_08_amount: 7.80000
data_price_hour_rel_-04_amount: 8.55600
data_price_hour_abs_09_amount: 8.55600
data_price_hour_rel_-03_amount: 9.05300
data_price_hour_abs_10_amount: 9.05300
data_price_hour_rel_-02_amount: 9.19200
data_price_hour_abs_11_amount: 9.19200
data_price_hour_rel_-01_amount: 9.74400
data_price_hour_abs_12_amount: 9.74400
data_price_hour_rel_+00_amount: 9.95700
data_price_hour_abs_13_amount: 9.95700
data_price_hour_rel_+01_amount: 10.41500
data_price_hour_abs_14_amount: 10.41500
data_price_hour_rel_+02_amount: 10.57400
data_price_hour_abs_15_amount: 10.57400
data_price_hour_rel_+03_amount: 10.96100
data_price_hour_abs_16_amount: 10.96100
data_price_hour_rel_+04_amount: 11.18200
data_price_hour_abs_17_amount: 11.18200
data_price_hour_rel_+05_amount: 9.68800
data_price_hour_abs_18_amount: 9.68800
data_price_hour_rel_+06_amount: 8.74600
data_price_hour_abs_19_amount: 8.74600
data_price_hour_rel_+07_amount: 8.37600
data_price_hour_abs_20_amount: 8.37600
data_price_hour_rel_+08_amount: 7.37200
data_price_hour_abs_21_amount: 7.37200
data_price_hour_rel_+09_amount: 6.56000
data_price_hour_abs_22_amount: 6.56000
data_price_hour_rel_+10_amount: 4.17400
data_price_hour_abs_23_amount: 4.17400