date_now: 2025-11-27 13:36:39
date_now_epoch: 1764246999093
date_now_day: 27
date_now_month: 11
date_now_year: 2025
date_start: 2025-11-27 00:00:00
date_end: 2025-11-27 23:59:59
price_low: 6.94600
price_high: 12.31100
price_median: 8.84700
price_average: 9.11800
price_current: 8.57600
price_unit: Cent/kWh
price_threshold_00: 6.94600
price_threshold_01: 7.73400
price_threshold_02: 7.99500
price_threshold_03: 7.99500
price_threshold_04: 8.06300
price_threshold_05: 8.20800
price_threshold_06: 8.42800
price_threshold_07: 8.51100
price_threshold_08: 8.54000
price_threshold_09: 8.57600
price_threshold_10: 8.70600
price_threshold_11: 8.82700
price_threshold_12: 8.86700
price_threshold_13: 8.92500
price_threshold_14: 8.99500
price_threshold_15: 9.04300
price_threshold_16: 9.06000
price_threshold_17: 9.09500
price_threshold_18: 9.75100
price_threshold_19: 10.13900
price_threshold_20: 10.69500
price_threshold_21: 11.22200
price_threshold_22: 12.20000
price_threshold_23: 12.31100
data_price_hour_rel_-13_amount: 8.99500
data_price_hour_abs_00_amount: 8.99500
data_price_hour_rel_-12_amount: 8.42800
data_price_hour_abs_01_amount: 8.42800
data_price_hour_rel_-11_amount: 7.99500
data_price_hour_abs_02_amount: 7.99500
data_price_hour_rel_-10_amount: 7.73400
data_price_hour_abs_03_amount: 7.73400
data_price_hour_rel_-09_amount: 7.99500
data_price_hour_abs_04_amount: 7.99500
data_price_hour_rel_-08_amount: 8.20800
data_price_hour_abs_05_amount: 8.20800
data_price_hour_rel_-07_amount: 11.22200
data_price_hour_abs_06_amount: 11.22200
data_price_hour_rel_-06_amount: 12.20000
data_price_hour_abs_07_amount: 12.20000
data_price_hour_rel_-05_amount: 12.31100
data_price_hour_abs_08_amount: 12.31100
data_price_hour_rel_-04_amount: 10.69500
data_price_hour_abs_09_amount: 10.69500
data_price_hour_rel_-03_amount: 9.09500
data_price_hour_abs_10_amount: 9.09500
data_price_hour_rel_-02_amount: 8.86700
data_price_hour_abs_11_amount: 8.86700
data_price_hour_rel_-01_amount: 8.70600
data_price_hour_abs_12_amount: 8.70600
data_price_hour_rel_+00_amount: 8.57600
data_price_hour_abs_13_amount: 8.57600
data_price_hour_rel_+01_amount: 8.92500
data_price_hour_abs_14_amount: 8.92500
data_price_hour_rel_+02_amount: 9.06000
data_price_hour_abs_15_amount: 9.06000
data_price_hour_rel_+03_amount: 9.04300
data_price_hour_abs_16_amount: 9.04300
data_price_hour_rel_+04_amount: 9.75100
data_price_hour_abs_17_amount: 9.75100
data_price_hour_rel_+05_amount: 10.13900
data_price_hour_abs_18_amount: 10.13900
data_price_hour_rel_+06_amount: 8.82700
data_price_hour_abs_19_amount: 8.82700
data_price_hour_rel_+07_amount: 8.54000
data_price_hour_abs_20_amount: 8.54000
data_price_hour_rel_+08_amount: 8.06300
data_price_hour_abs_21_amount: 8.06300
data_price_hour_rel_+09_amount: 8.51100
data_price_hour_abs_22_amount: 8.51100
data_price_hour_rel_+10_amount: 6.94600
data_price_hour_abs_23_amount: 6.94600