date_now: 2025-01-10 13:28:53
date_now_epoch: 1736512133855
date_now_day: 10
date_now_month: 1
date_now_year: 2025
date_start: 2025-01-10 00:00:00
date_end: 2025-01-10 23:59:59
price_low: 6.90500
price_high: 14.41200
price_median: 11.66800
price_average: 11.24275
price_current: 10.50100
price_unit: Cent/kWh
price_threshold_00: 6.90500
price_threshold_01: 6.98900
price_threshold_02: 7.12900
price_threshold_03: 8.02300
price_threshold_04: 8.39000
price_threshold_05: 8.47900
price_threshold_06: 9.90900
price_threshold_07: 10.50100
price_threshold_08: 10.74300
price_threshold_09: 11.00100
price_threshold_10: 11.17100
price_threshold_11: 11.35900
price_threshold_12: 11.97700
price_threshold_13: 12.25100
price_threshold_14: 12.35700
price_threshold_15: 12.39200
price_threshold_16: 12.86900
price_threshold_17: 13.48200
price_threshold_18: 13.48700
price_threshold_19: 13.69200
price_threshold_20: 13.94700
price_threshold_21: 14.10500
price_threshold_22: 14.25600
price_threshold_23: 14.41200
data_price_hour_rel_-13_amount: 8.47900
data_price_hour_abs_00_amount: 8.47900
data_price_hour_rel_-12_amount: 8.02300
data_price_hour_abs_01_amount: 8.02300
data_price_hour_rel_-11_amount: 7.12900
data_price_hour_abs_02_amount: 7.12900
data_price_hour_rel_-10_amount: 6.90500
data_price_hour_abs_03_amount: 6.90500
data_price_hour_rel_-09_amount: 6.98900
data_price_hour_abs_04_amount: 6.98900
data_price_hour_rel_-08_amount: 8.39000
data_price_hour_abs_05_amount: 8.39000
data_price_hour_rel_-07_amount: 9.90900
data_price_hour_abs_06_amount: 9.90900
data_price_hour_rel_-06_amount: 12.39200
data_price_hour_abs_07_amount: 12.39200
data_price_hour_rel_-05_amount: 13.94700
data_price_hour_abs_08_amount: 13.94700
data_price_hour_rel_-04_amount: 13.69200
data_price_hour_abs_09_amount: 13.69200
data_price_hour_rel_-03_amount: 12.35700
data_price_hour_abs_10_amount: 12.35700
data_price_hour_rel_-02_amount: 11.35900
data_price_hour_abs_11_amount: 11.35900
data_price_hour_rel_-01_amount: 10.74300
data_price_hour_abs_12_amount: 10.74300
data_price_hour_rel_+00_amount: 10.50100
data_price_hour_abs_13_amount: 10.50100
data_price_hour_rel_+01_amount: 11.00100
data_price_hour_abs_14_amount: 11.00100
data_price_hour_rel_+02_amount: 12.86900
data_price_hour_abs_15_amount: 12.86900
data_price_hour_rel_+03_amount: 13.48700
data_price_hour_abs_16_amount: 13.48700
data_price_hour_rel_+04_amount: 14.25600
data_price_hour_abs_17_amount: 14.25600
data_price_hour_rel_+05_amount: 14.41200
data_price_hour_abs_18_amount: 14.41200
data_price_hour_rel_+06_amount: 14.10500
data_price_hour_abs_19_amount: 14.10500
data_price_hour_rel_+07_amount: 13.48200
data_price_hour_abs_20_amount: 13.48200
data_price_hour_rel_+08_amount: 12.25100
data_price_hour_abs_21_amount: 12.25100
data_price_hour_rel_+09_amount: 11.97700
data_price_hour_abs_22_amount: 11.97700
data_price_hour_rel_+10_amount: 11.17100
data_price_hour_abs_23_amount: 11.17100