date_now: 2025-09-20 14:29:23
date_now_epoch: 1758371363121
date_now_day: 20
date_now_month: 9
date_now_year: 2025
date_start: 2025-09-20 00:00:00
date_end: 2025-09-20 23:59:59
price_low: -1.08600
price_high: 13.41000
price_median: 7.48950
price_average: 5.87067
price_current: -0.51000
price_unit: Cent/kWh
price_threshold_00: -1.08600
price_threshold_01: -0.61000
price_threshold_02: -0.51000
price_threshold_03: -0.02800
price_threshold_04: -0.00400
price_threshold_05: 0.30200
price_threshold_06: 2.49000
price_threshold_07: 2.63600
price_threshold_08: 4.83000
price_threshold_09: 7.45000
price_threshold_10: 7.47900
price_threshold_11: 7.48000
price_threshold_12: 7.49900
price_threshold_13: 7.52900
price_threshold_14: 7.79100
price_threshold_15: 8.02100
price_threshold_16: 8.19500
price_threshold_17: 8.69700
price_threshold_18: 8.72400
price_threshold_19: 8.85100
price_threshold_20: 9.38400
price_threshold_21: 9.90800
price_threshold_22: 12.45800
price_threshold_23: 13.41000
data_price_hour_rel_-14_amount: 8.72400
data_price_hour_abs_00_amount: 8.72400
data_price_hour_rel_-13_amount: 7.79100
data_price_hour_abs_01_amount: 7.79100
data_price_hour_rel_-12_amount: 7.49900
data_price_hour_abs_02_amount: 7.49900
data_price_hour_rel_-11_amount: 7.48000
data_price_hour_abs_03_amount: 7.48000
data_price_hour_rel_-10_amount: 7.47900
data_price_hour_abs_04_amount: 7.47900
data_price_hour_rel_-09_amount: 8.02100
data_price_hour_abs_05_amount: 8.02100
data_price_hour_rel_-08_amount: 8.85100
data_price_hour_abs_06_amount: 8.85100
data_price_hour_rel_-07_amount: 8.69700
data_price_hour_abs_07_amount: 8.69700
data_price_hour_rel_-06_amount: 7.52900
data_price_hour_abs_08_amount: 7.52900
data_price_hour_rel_-05_amount: 2.49000
data_price_hour_abs_09_amount: 2.49000
data_price_hour_rel_-04_amount: 0.30200
data_price_hour_abs_10_amount: 0.30200
data_price_hour_rel_-03_amount: -0.02800
data_price_hour_abs_11_amount: -0.02800
data_price_hour_rel_-02_amount: -0.61000
data_price_hour_abs_12_amount: -0.61000
data_price_hour_rel_-01_amount: -1.08600
data_price_hour_abs_13_amount: -1.08600
data_price_hour_rel_+00_amount: -0.51000
data_price_hour_abs_14_amount: -0.51000
data_price_hour_rel_+01_amount: -0.00400
data_price_hour_abs_15_amount: -0.00400
data_price_hour_rel_+02_amount: 2.63600
data_price_hour_abs_16_amount: 2.63600
data_price_hour_rel_+03_amount: 9.38400
data_price_hour_abs_17_amount: 9.38400
data_price_hour_rel_+04_amount: 12.45800
data_price_hour_abs_18_amount: 12.45800
data_price_hour_rel_+05_amount: 13.41000
data_price_hour_abs_19_amount: 13.41000
data_price_hour_rel_+06_amount: 9.90800
data_price_hour_abs_20_amount: 9.90800
data_price_hour_rel_+07_amount: 8.19500
data_price_hour_abs_21_amount: 8.19500
data_price_hour_rel_+08_amount: 7.45000
data_price_hour_abs_22_amount: 7.45000
data_price_hour_rel_+09_amount: 4.83000
data_price_hour_abs_23_amount: 4.83000