date_now: 2025-05-17 14:29:37
date_now_epoch: 1747484977339
date_now_day: 17
date_now_month: 5
date_now_year: 2025
date_start: 2025-05-17 00:00:00
date_end: 2025-05-17 23:59:59
price_low: -1.12700
price_high: 13.02100
price_median: 8.89150
price_average: 5.95063
price_current: -1.12700
price_unit: Cent/kWh
price_threshold_00: -1.12700
price_threshold_01: -1.00200
price_threshold_02: -0.58000
price_threshold_03: -0.49600
price_threshold_04: -0.44900
price_threshold_05: -0.08000
price_threshold_06: -0.00600
price_threshold_07: 0.08600
price_threshold_08: 0.50100
price_threshold_09: 5.91100
price_threshold_10: 7.87700
price_threshold_11: 8.89000
price_threshold_12: 8.89300
price_threshold_13: 8.98500
price_threshold_14: 8.98900
price_threshold_15: 9.15600
price_threshold_16: 9.30000
price_threshold_17: 9.34600
price_threshold_18: 9.34800
price_threshold_19: 9.96400
price_threshold_20: 11.16000
price_threshold_21: 12.13800
price_threshold_22: 12.99000
price_threshold_23: 13.02100
data_price_hour_rel_-14_amount: 9.30000
data_price_hour_abs_00_amount: 9.30000
data_price_hour_rel_-13_amount: 9.34800
data_price_hour_abs_01_amount: 9.34800
data_price_hour_rel_-12_amount: 8.89300
data_price_hour_abs_02_amount: 8.89300
data_price_hour_rel_-11_amount: 8.89000
data_price_hour_abs_03_amount: 8.89000
data_price_hour_rel_-10_amount: 8.98900
data_price_hour_abs_04_amount: 8.98900
data_price_hour_rel_-09_amount: 9.34600
data_price_hour_abs_05_amount: 9.34600
data_price_hour_rel_-08_amount: 9.15600
data_price_hour_abs_06_amount: 9.15600
data_price_hour_rel_-07_amount: 8.98500
data_price_hour_abs_07_amount: 8.98500
data_price_hour_rel_-06_amount: 5.91100
data_price_hour_abs_08_amount: 5.91100
data_price_hour_rel_-05_amount: 0.08600
data_price_hour_abs_09_amount: 0.08600
data_price_hour_rel_-04_amount: -0.00600
data_price_hour_abs_10_amount: -0.00600
data_price_hour_rel_-03_amount: -0.44900
data_price_hour_abs_11_amount: -0.44900
data_price_hour_rel_-02_amount: -0.49600
data_price_hour_abs_12_amount: -0.49600
data_price_hour_rel_-01_amount: -1.00200
data_price_hour_abs_13_amount: -1.00200
data_price_hour_rel_+00_amount: -1.12700
data_price_hour_abs_14_amount: -1.12700
data_price_hour_rel_+01_amount: -0.58000
data_price_hour_abs_15_amount: -0.58000
data_price_hour_rel_+02_amount: -0.08000
data_price_hour_abs_16_amount: -0.08000
data_price_hour_rel_+03_amount: 0.50100
data_price_hour_abs_17_amount: 0.50100
data_price_hour_rel_+04_amount: 7.87700
data_price_hour_abs_18_amount: 7.87700
data_price_hour_rel_+05_amount: 9.96400
data_price_hour_abs_19_amount: 9.96400
data_price_hour_rel_+06_amount: 12.13800
data_price_hour_abs_20_amount: 12.13800
data_price_hour_rel_+07_amount: 13.02100
data_price_hour_abs_21_amount: 13.02100
data_price_hour_rel_+08_amount: 12.99000
data_price_hour_abs_22_amount: 12.99000
data_price_hour_rel_+09_amount: 11.16000
data_price_hour_abs_23_amount: 11.16000