date_now: 2025-05-07 14:34:37
date_now_epoch: 1746621277325
date_now_day: 7
date_now_month: 5
date_now_year: 2025
date_start: 2025-05-07 00:00:00
date_end: 2025-05-07 23:59:59
price_low: 6.39200
price_high: 14.71500
price_median: 9.55050
price_average: 9.89300
price_current: 6.80400
price_unit: Cent/kWh
price_threshold_00: 6.39200
price_threshold_01: 6.44300
price_threshold_02: 6.80400
price_threshold_03: 7.33000
price_threshold_04: 7.50000
price_threshold_05: 8.18000
price_threshold_06: 8.24100
price_threshold_07: 8.56300
price_threshold_08: 8.70500
price_threshold_09: 8.86000
price_threshold_10: 9.26700
price_threshold_11: 9.51600
price_threshold_12: 9.58500
price_threshold_13: 9.64300
price_threshold_14: 9.65900
price_threshold_15: 10.84900
price_threshold_16: 10.84900
price_threshold_17: 10.85700
price_threshold_18: 12.50000
price_threshold_19: 12.51800
price_threshold_20: 12.89300
price_threshold_21: 13.16800
price_threshold_22: 14.39500
price_threshold_23: 14.71500
data_price_hour_rel_-14_amount: 9.26700
data_price_hour_abs_00_amount: 9.26700
data_price_hour_rel_-13_amount: 8.70500
data_price_hour_abs_01_amount: 8.70500
data_price_hour_rel_-12_amount: 8.56300
data_price_hour_abs_02_amount: 8.56300
data_price_hour_rel_-11_amount: 8.86000
data_price_hour_abs_03_amount: 8.86000
data_price_hour_rel_-10_amount: 9.51600
data_price_hour_abs_04_amount: 9.51600
data_price_hour_rel_-09_amount: 10.85700
data_price_hour_abs_05_amount: 10.85700
data_price_hour_rel_-08_amount: 13.16800
data_price_hour_abs_06_amount: 13.16800
data_price_hour_rel_-07_amount: 14.39500
data_price_hour_abs_07_amount: 14.39500
data_price_hour_rel_-06_amount: 12.50000
data_price_hour_abs_08_amount: 12.50000
data_price_hour_rel_-05_amount: 9.64300
data_price_hour_abs_09_amount: 9.64300
data_price_hour_rel_-04_amount: 8.24100
data_price_hour_abs_10_amount: 8.24100
data_price_hour_rel_-03_amount: 7.33000
data_price_hour_abs_11_amount: 7.33000
data_price_hour_rel_-02_amount: 6.44300
data_price_hour_abs_12_amount: 6.44300
data_price_hour_rel_-01_amount: 6.39200
data_price_hour_abs_13_amount: 6.39200
data_price_hour_rel_+00_amount: 6.80400
data_price_hour_abs_14_amount: 6.80400
data_price_hour_rel_+01_amount: 7.50000
data_price_hour_abs_15_amount: 7.50000
data_price_hour_rel_+02_amount: 8.18000
data_price_hour_abs_16_amount: 8.18000
data_price_hour_rel_+03_amount: 9.58500
data_price_hour_abs_17_amount: 9.58500
data_price_hour_rel_+04_amount: 10.84900
data_price_hour_abs_18_amount: 10.84900
data_price_hour_rel_+05_amount: 12.89300
data_price_hour_abs_19_amount: 12.89300
data_price_hour_rel_+06_amount: 14.71500
data_price_hour_abs_20_amount: 14.71500
data_price_hour_rel_+07_amount: 12.51800
data_price_hour_abs_21_amount: 12.51800
data_price_hour_rel_+08_amount: 10.84900
data_price_hour_abs_22_amount: 10.84900
data_price_hour_rel_+09_amount: 9.65900
data_price_hour_abs_23_amount: 9.65900