date_now: 2025-04-07 14:32:31
date_now_epoch: 1744029151067
date_now_day: 7
date_now_month: 4
date_now_year: 2025
date_start: 2025-04-07 00:00:00
date_end: 2025-04-07 23:59:59
price_low: 0.21900
price_high: 17.59700
price_median: 9.27250
price_average: 9.61325
price_current: 0.39400
price_unit: Cent/kWh
price_threshold_00: 0.21900
price_threshold_01: 0.39400
price_threshold_02: 1.18000
price_threshold_03: 6.09800
price_threshold_04: 6.50000
price_threshold_05: 7.20000
price_threshold_06: 8.17300
price_threshold_07: 8.33700
price_threshold_08: 8.35300
price_threshold_09: 8.50000
price_threshold_10: 8.54500
price_threshold_11: 8.67100
price_threshold_12: 9.87400
price_threshold_13: 10.24300
price_threshold_14: 10.52100
price_threshold_15: 10.71000
price_threshold_16: 12.10200
price_threshold_17: 12.76000
price_threshold_18: 13.11000
price_threshold_19: 13.82000
price_threshold_20: 14.46100
price_threshold_21: 16.50500
price_threshold_22: 16.84500
price_threshold_23: 17.59700
data_price_hour_rel_-14_amount: 8.67100
data_price_hour_abs_00_amount: 8.67100
data_price_hour_rel_-13_amount: 8.50000
data_price_hour_abs_01_amount: 8.50000
data_price_hour_rel_-12_amount: 8.17300
data_price_hour_abs_02_amount: 8.17300
data_price_hour_rel_-11_amount: 8.35300
data_price_hour_abs_03_amount: 8.35300
data_price_hour_rel_-10_amount: 8.54500
data_price_hour_abs_04_amount: 8.54500
data_price_hour_rel_-09_amount: 9.87400
data_price_hour_abs_05_amount: 9.87400
data_price_hour_rel_-08_amount: 13.11000
data_price_hour_abs_06_amount: 13.11000
data_price_hour_rel_-07_amount: 17.59700
data_price_hour_abs_07_amount: 17.59700
data_price_hour_rel_-06_amount: 14.46100
data_price_hour_abs_08_amount: 14.46100
data_price_hour_rel_-05_amount: 10.71000
data_price_hour_abs_09_amount: 10.71000
data_price_hour_rel_-04_amount: 8.33700
data_price_hour_abs_10_amount: 8.33700
data_price_hour_rel_-03_amount: 6.50000
data_price_hour_abs_11_amount: 6.50000
data_price_hour_rel_-02_amount: 1.18000
data_price_hour_abs_12_amount: 1.18000
data_price_hour_rel_-01_amount: 0.21900
data_price_hour_abs_13_amount: 0.21900
data_price_hour_rel_+00_amount: 0.39400
data_price_hour_abs_14_amount: 0.39400
data_price_hour_rel_+01_amount: 6.09800
data_price_hour_abs_15_amount: 6.09800
data_price_hour_rel_+02_amount: 7.20000
data_price_hour_abs_16_amount: 7.20000
data_price_hour_rel_+03_amount: 10.24300
data_price_hour_abs_17_amount: 10.24300
data_price_hour_rel_+04_amount: 12.76000
data_price_hour_abs_18_amount: 12.76000
data_price_hour_rel_+05_amount: 16.84500
data_price_hour_abs_19_amount: 16.84500
data_price_hour_rel_+06_amount: 16.50500
data_price_hour_abs_20_amount: 16.50500
data_price_hour_rel_+07_amount: 13.82000
data_price_hour_abs_21_amount: 13.82000
data_price_hour_rel_+08_amount: 12.10200
data_price_hour_abs_22_amount: 12.10200
data_price_hour_rel_+09_amount: 10.52100
data_price_hour_abs_23_amount: 10.52100