date_now: 2026-07-03 15:55:55
date_now_epoch: 1783086955733
date_now_day: 3
date_now_month: 7
date_now_year: 2026
date_start: 2026-07-03 00:00:00
date_end: 2026-07-03 23:59:59
price_low: -0.49900
price_high: 13.58100
price_median: 8.35700
price_average: 5.95429
price_current: -0.40600
price_unit: Cent/kWh
price_threshold_00: -0.49900
price_threshold_01: -0.40600
price_threshold_02: -0.35000
price_threshold_03: -0.26100
price_threshold_04: -0.18900
price_threshold_05: -0.10600
price_threshold_06: -0.01000
price_threshold_07: -0.00500
price_threshold_08: 0.95700
price_threshold_09: 3.53900
price_threshold_10: 6.30300
price_threshold_11: 8.26800
price_threshold_12: 8.44600
price_threshold_13: 8.59100
price_threshold_14: 8.68200
price_threshold_15: 8.70000
price_threshold_16: 9.12600
price_threshold_17: 9.94900
price_threshold_18: 10.26500
price_threshold_19: 10.44700
price_threshold_20: 12.42800
price_threshold_21: 12.44400
price_threshold_22: 13.00300
price_threshold_23: 13.58100
data_price_hour_rel_-15_amount: 9.12600
data_price_hour_abs_00_amount: 9.12600
data_price_hour_rel_-14_amount: 8.70000
data_price_hour_abs_01_amount: 8.70000
data_price_hour_rel_-13_amount: 8.26800
data_price_hour_abs_02_amount: 8.26800
data_price_hour_rel_-12_amount: 8.59100
data_price_hour_abs_03_amount: 8.59100
data_price_hour_rel_-11_amount: 8.44600
data_price_hour_abs_04_amount: 8.44600
data_price_hour_rel_-10_amount: 8.68200
data_price_hour_abs_05_amount: 8.68200
data_price_hour_rel_-09_amount: 9.94900
data_price_hour_abs_06_amount: 9.94900
data_price_hour_rel_-08_amount: 10.44700
data_price_hour_abs_07_amount: 10.44700
data_price_hour_rel_-07_amount: 6.30300
data_price_hour_abs_08_amount: 6.30300
data_price_hour_rel_-06_amount: 0.95700
data_price_hour_abs_09_amount: 0.95700
data_price_hour_rel_-05_amount: -0.01000
data_price_hour_abs_10_amount: -0.01000
data_price_hour_rel_-04_amount: -0.10600
data_price_hour_abs_11_amount: -0.10600
data_price_hour_rel_-03_amount: -0.18900
data_price_hour_abs_12_amount: -0.18900
data_price_hour_rel_-02_amount: -0.35000
data_price_hour_abs_13_amount: -0.35000
data_price_hour_rel_-01_amount: -0.49900
data_price_hour_abs_14_amount: -0.49900
data_price_hour_rel_+00_amount: -0.40600
data_price_hour_abs_15_amount: -0.40600
data_price_hour_rel_+01_amount: -0.26100
data_price_hour_abs_16_amount: -0.26100
data_price_hour_rel_+02_amount: -0.00500
data_price_hour_abs_17_amount: -0.00500
data_price_hour_rel_+03_amount: 3.53900
data_price_hour_abs_18_amount: 3.53900
data_price_hour_rel_+04_amount: 10.26500
data_price_hour_abs_19_amount: 10.26500
data_price_hour_rel_+05_amount: 12.44400
data_price_hour_abs_20_amount: 12.44400
data_price_hour_rel_+06_amount: 13.00300
data_price_hour_abs_21_amount: 13.00300
data_price_hour_rel_+07_amount: 13.58100
data_price_hour_abs_22_amount: 13.58100
data_price_hour_rel_+08_amount: 12.42800
data_price_hour_abs_23_amount: 12.42800