date_now: 2026-02-09 14:02:31
date_now_epoch: 1770642151491
date_now_day: 9
date_now_month: 2
date_now_year: 2026
date_start: 2026-02-09 00:00:00
date_end: 2026-02-09 23:59:59
price_low: 9.54500
price_high: 22.72100
price_median: 13.73650
price_average: 13.92804
price_current: 13.76600
price_unit: Cent/kWh
price_threshold_00: 9.54500
price_threshold_01: 9.54700
price_threshold_02: 9.57000
price_threshold_03: 9.65700
price_threshold_04: 9.67500
price_threshold_05: 10.47400
price_threshold_06: 10.89200
price_threshold_07: 12.29000
price_threshold_08: 13.22400
price_threshold_09: 13.46000
price_threshold_10: 13.50300
price_threshold_11: 13.70700
price_threshold_12: 13.76600
price_threshold_13: 14.41300
price_threshold_14: 14.43800
price_threshold_15: 14.90800
price_threshold_16: 15.72900
price_threshold_17: 15.86000
price_threshold_18: 16.58100
price_threshold_19: 16.89800
price_threshold_20: 16.92100
price_threshold_21: 18.22300
price_threshold_22: 18.27100
price_threshold_23: 22.72100
data_price_hour_rel_-14_amount: 9.67500
data_price_hour_abs_00_amount: 9.67500
data_price_hour_rel_-13_amount: 9.54500
data_price_hour_abs_01_amount: 9.54500
data_price_hour_rel_-12_amount: 9.57000
data_price_hour_abs_02_amount: 9.57000
data_price_hour_rel_-11_amount: 9.54700
data_price_hour_abs_03_amount: 9.54700
data_price_hour_rel_-10_amount: 9.65700
data_price_hour_abs_04_amount: 9.65700
data_price_hour_rel_-09_amount: 10.47400
data_price_hour_abs_05_amount: 10.47400
data_price_hour_rel_-08_amount: 13.22400
data_price_hour_abs_06_amount: 13.22400
data_price_hour_rel_-07_amount: 15.86000
data_price_hour_abs_07_amount: 15.86000
data_price_hour_rel_-06_amount: 18.27100
data_price_hour_abs_08_amount: 18.27100
data_price_hour_rel_-05_amount: 16.92100
data_price_hour_abs_09_amount: 16.92100
data_price_hour_rel_-04_amount: 15.72900
data_price_hour_abs_10_amount: 15.72900
data_price_hour_rel_-03_amount: 14.43800
data_price_hour_abs_11_amount: 14.43800
data_price_hour_rel_-02_amount: 13.70700
data_price_hour_abs_12_amount: 13.70700
data_price_hour_rel_-01_amount: 13.50300
data_price_hour_abs_13_amount: 13.50300
data_price_hour_rel_+00_amount: 13.76600
data_price_hour_abs_14_amount: 13.76600
data_price_hour_rel_+01_amount: 14.90800
data_price_hour_abs_15_amount: 14.90800
data_price_hour_rel_+02_amount: 16.89800
data_price_hour_abs_16_amount: 16.89800
data_price_hour_rel_+03_amount: 22.72100
data_price_hour_abs_17_amount: 22.72100
data_price_hour_rel_+04_amount: 18.22300
data_price_hour_abs_18_amount: 18.22300
data_price_hour_rel_+05_amount: 16.58100
data_price_hour_abs_19_amount: 16.58100
data_price_hour_rel_+06_amount: 14.41300
data_price_hour_abs_20_amount: 14.41300
data_price_hour_rel_+07_amount: 13.46000
data_price_hour_abs_21_amount: 13.46000
data_price_hour_rel_+08_amount: 12.29000
data_price_hour_abs_22_amount: 12.29000
data_price_hour_rel_+09_amount: 10.89200
data_price_hour_abs_23_amount: 10.89200