date_now: 2026-06-26 16:17:38
date_now_epoch: 1782483458734
date_now_day: 26
date_now_month: 6
date_now_year: 2026
date_start: 2026-06-26 00:00:00
date_end: 2026-06-26 23:59:59
price_low: 3.85000
price_high: 35.04600
price_median: 12.25450
price_average: 13.51154
price_current: 9.31200
price_unit: Cent/kWh
price_threshold_00: 3.85000
price_threshold_01: 4.00000
price_threshold_02: 4.94900
price_threshold_03: 6.77100
price_threshold_04: 6.89800
price_threshold_05: 9.31200
price_threshold_06: 9.32400
price_threshold_07: 10.82700
price_threshold_08: 11.09900
price_threshold_09: 11.98100
price_threshold_10: 12.09300
price_threshold_11: 12.24800
price_threshold_12: 12.26100
price_threshold_13: 12.95500
price_threshold_14: 13.07300
price_threshold_15: 13.79700
price_threshold_16: 14.47000
price_threshold_17: 14.60300
price_threshold_18: 15.03500
price_threshold_19: 15.48600
price_threshold_20: 20.26600
price_threshold_21: 24.35500
price_threshold_22: 29.57800
price_threshold_23: 35.04600
data_price_hour_rel_-16_amount: 14.47000
data_price_hour_abs_00_amount: 14.47000
data_price_hour_rel_-15_amount: 13.07300
data_price_hour_abs_01_amount: 13.07300
data_price_hour_rel_-14_amount: 12.24800
data_price_hour_abs_02_amount: 12.24800
data_price_hour_rel_-13_amount: 12.09300
data_price_hour_abs_03_amount: 12.09300
data_price_hour_rel_-12_amount: 12.26100
data_price_hour_abs_04_amount: 12.26100
data_price_hour_rel_-11_amount: 12.95500
data_price_hour_abs_05_amount: 12.95500
data_price_hour_rel_-10_amount: 14.60300
data_price_hour_abs_06_amount: 14.60300
data_price_hour_rel_-09_amount: 13.79700
data_price_hour_abs_07_amount: 13.79700
data_price_hour_rel_-08_amount: 11.98100
data_price_hour_abs_08_amount: 11.98100
data_price_hour_rel_-07_amount: 10.82700
data_price_hour_abs_09_amount: 10.82700
data_price_hour_rel_-06_amount: 9.32400
data_price_hour_abs_10_amount: 9.32400
data_price_hour_rel_-05_amount: 6.77100
data_price_hour_abs_11_amount: 6.77100
data_price_hour_rel_-04_amount: 4.94900
data_price_hour_abs_12_amount: 4.94900
data_price_hour_rel_-03_amount: 3.85000
data_price_hour_abs_13_amount: 3.85000
data_price_hour_rel_-02_amount: 4.00000
data_price_hour_abs_14_amount: 4.00000
data_price_hour_rel_-01_amount: 6.89800
data_price_hour_abs_15_amount: 6.89800
data_price_hour_rel_+00_amount: 9.31200
data_price_hour_abs_16_amount: 9.31200
data_price_hour_rel_+01_amount: 11.09900
data_price_hour_abs_17_amount: 11.09900
data_price_hour_rel_+02_amount: 15.03500
data_price_hour_abs_18_amount: 15.03500
data_price_hour_rel_+03_amount: 24.35500
data_price_hour_abs_19_amount: 24.35500
data_price_hour_rel_+04_amount: 35.04600
data_price_hour_abs_20_amount: 35.04600
data_price_hour_rel_+05_amount: 29.57800
data_price_hour_abs_21_amount: 29.57800
data_price_hour_rel_+06_amount: 20.26600
data_price_hour_abs_22_amount: 20.26600
data_price_hour_rel_+07_amount: 15.48600
data_price_hour_abs_23_amount: 15.48600