date_now: 2026-02-21 13:40:18
date_now_epoch: 1771677618365
date_now_day: 21
date_now_month: 2
date_now_year: 2026
date_start: 2026-02-21 00:00:00
date_end: 2026-02-21 23:59:59
price_low: 3.58600
price_high: 10.83100
price_median: 5.60300
price_average: 6.25162
price_current: 4.51600
price_unit: Cent/kWh
price_threshold_00: 3.58600
price_threshold_01: 3.89800
price_threshold_02: 3.94800
price_threshold_03: 4.16600
price_threshold_04: 4.34600
price_threshold_05: 4.51600
price_threshold_06: 4.66500
price_threshold_07: 4.69900
price_threshold_08: 5.05300
price_threshold_09: 5.24400
price_threshold_10: 5.53900
price_threshold_11: 5.60100
price_threshold_12: 5.60500
price_threshold_13: 5.80400
price_threshold_14: 5.95300
price_threshold_15: 6.67100
price_threshold_16: 6.88900
price_threshold_17: 7.65900
price_threshold_18: 8.19400
price_threshold_19: 8.28100
price_threshold_20: 8.91000
price_threshold_21: 9.86400
price_threshold_22: 10.11700
price_threshold_23: 10.83100
data_price_hour_rel_-13_amount: 5.24400
data_price_hour_abs_00_amount: 5.24400
data_price_hour_rel_-12_amount: 4.66500
data_price_hour_abs_01_amount: 4.66500
data_price_hour_rel_-11_amount: 4.34600
data_price_hour_abs_02_amount: 4.34600
data_price_hour_rel_-10_amount: 4.16600
data_price_hour_abs_03_amount: 4.16600
data_price_hour_rel_-09_amount: 3.89800
data_price_hour_abs_04_amount: 3.89800
data_price_hour_rel_-08_amount: 3.94800
data_price_hour_abs_05_amount: 3.94800
data_price_hour_rel_-07_amount: 3.58600
data_price_hour_abs_06_amount: 3.58600
data_price_hour_rel_-06_amount: 4.69900
data_price_hour_abs_07_amount: 4.69900
data_price_hour_rel_-05_amount: 5.60500
data_price_hour_abs_08_amount: 5.60500
data_price_hour_rel_-04_amount: 5.80400
data_price_hour_abs_09_amount: 5.80400
data_price_hour_rel_-03_amount: 5.95300
data_price_hour_abs_10_amount: 5.95300
data_price_hour_rel_-02_amount: 5.53900
data_price_hour_abs_11_amount: 5.53900
data_price_hour_rel_-01_amount: 5.05300
data_price_hour_abs_12_amount: 5.05300
data_price_hour_rel_+00_amount: 4.51600
data_price_hour_abs_13_amount: 4.51600
data_price_hour_rel_+01_amount: 5.60100
data_price_hour_abs_14_amount: 5.60100
data_price_hour_rel_+02_amount: 6.88900
data_price_hour_abs_15_amount: 6.88900
data_price_hour_rel_+03_amount: 8.19400
data_price_hour_abs_16_amount: 8.19400
data_price_hour_rel_+04_amount: 9.86400
data_price_hour_abs_17_amount: 9.86400
data_price_hour_rel_+05_amount: 10.83100
data_price_hour_abs_18_amount: 10.83100
data_price_hour_rel_+06_amount: 10.11700
data_price_hour_abs_19_amount: 10.11700
data_price_hour_rel_+07_amount: 8.91000
data_price_hour_abs_20_amount: 8.91000
data_price_hour_rel_+08_amount: 8.28100
data_price_hour_abs_21_amount: 8.28100
data_price_hour_rel_+09_amount: 7.65900
data_price_hour_abs_22_amount: 7.65900
data_price_hour_rel_+10_amount: 6.67100
data_price_hour_abs_23_amount: 6.67100