date_now: 2026-04-15 15:18:45
date_now_epoch: 1776259125092
date_now_day: 15
date_now_month: 4
date_now_year: 2026
date_start: 2026-04-15 00:00:00
date_end: 2026-04-15 23:59:59
price_low: 5.02300
price_high: 18.08000
price_median: 11.71150
price_average: 11.75308
price_current: 8.14900
price_unit: Cent/kWh
price_threshold_00: 5.02300
price_threshold_01: 5.83200
price_threshold_02: 6.72600
price_threshold_03: 7.89400
price_threshold_04: 8.14900
price_threshold_05: 9.92600
price_threshold_06: 10.08000
price_threshold_07: 11.00200
price_threshold_08: 11.08400
price_threshold_09: 11.17700
price_threshold_10: 11.63200
price_threshold_11: 11.64600
price_threshold_12: 11.77700
price_threshold_13: 12.16000
price_threshold_14: 12.31800
price_threshold_15: 12.48400
price_threshold_16: 13.26900
price_threshold_17: 14.01000
price_threshold_18: 14.19000
price_threshold_19: 14.80800
price_threshold_20: 14.84400
price_threshold_21: 15.95500
price_threshold_22: 18.00800
price_threshold_23: 18.08000
data_price_hour_rel_-15_amount: 12.16000
data_price_hour_abs_00_amount: 12.16000
data_price_hour_rel_-14_amount: 11.64600
data_price_hour_abs_01_amount: 11.64600
data_price_hour_rel_-13_amount: 11.17700
data_price_hour_abs_02_amount: 11.17700
data_price_hour_rel_-12_amount: 11.00200
data_price_hour_abs_03_amount: 11.00200
data_price_hour_rel_-11_amount: 11.08400
data_price_hour_abs_04_amount: 11.08400
data_price_hour_rel_-10_amount: 12.31800
data_price_hour_abs_05_amount: 12.31800
data_price_hour_rel_-09_amount: 14.84400
data_price_hour_abs_06_amount: 14.84400
data_price_hour_rel_-08_amount: 15.95500
data_price_hour_abs_07_amount: 15.95500
data_price_hour_rel_-07_amount: 14.01000
data_price_hour_abs_08_amount: 14.01000
data_price_hour_rel_-06_amount: 11.63200
data_price_hour_abs_09_amount: 11.63200
data_price_hour_rel_-05_amount: 10.08000
data_price_hour_abs_10_amount: 10.08000
data_price_hour_rel_-04_amount: 7.89400
data_price_hour_abs_11_amount: 7.89400
data_price_hour_rel_-03_amount: 5.83200
data_price_hour_abs_12_amount: 5.83200
data_price_hour_rel_-02_amount: 5.02300
data_price_hour_abs_13_amount: 5.02300
data_price_hour_rel_-01_amount: 6.72600
data_price_hour_abs_14_amount: 6.72600
data_price_hour_rel_+00_amount: 8.14900
data_price_hour_abs_15_amount: 8.14900
data_price_hour_rel_+01_amount: 9.92600
data_price_hour_abs_16_amount: 9.92600
data_price_hour_rel_+02_amount: 12.48400
data_price_hour_abs_17_amount: 12.48400
data_price_hour_rel_+03_amount: 14.19000
data_price_hour_abs_18_amount: 14.19000
data_price_hour_rel_+04_amount: 18.00800
data_price_hour_abs_19_amount: 18.00800
data_price_hour_rel_+05_amount: 18.08000
data_price_hour_abs_20_amount: 18.08000
data_price_hour_rel_+06_amount: 14.80800
data_price_hour_abs_21_amount: 14.80800
data_price_hour_rel_+07_amount: 13.26900
data_price_hour_abs_22_amount: 13.26900
data_price_hour_rel_+08_amount: 11.77700
data_price_hour_abs_23_amount: 11.77700