date_now: 2026-06-10 17:25:50
date_now_epoch: 1781105150730
date_now_day: 10
date_now_month: 6
date_now_year: 2026
date_start: 2026-06-10 00:00:00
date_end: 2026-06-10 23:59:59
price_low: 6.86800
price_high: 21.39800
price_median: 11.78250
price_average: 12.25100
price_current: 12.54000
price_unit: Cent/kWh
price_threshold_00: 6.86800
price_threshold_01: 7.15700
price_threshold_02: 7.30600
price_threshold_03: 7.78300
price_threshold_04: 8.65600
price_threshold_05: 8.66300
price_threshold_06: 10.34500
price_threshold_07: 10.46000
price_threshold_08: 11.11300
price_threshold_09: 11.13100
price_threshold_10: 11.32400
price_threshold_11: 11.69000
price_threshold_12: 11.87500
price_threshold_13: 12.49100
price_threshold_14: 12.54000
price_threshold_15: 12.66500
price_threshold_16: 13.18900
price_threshold_17: 13.68100
price_threshold_18: 14.05300
price_threshold_19: 15.17500
price_threshold_20: 16.86400
price_threshold_21: 17.09700
price_threshold_22: 20.50000
price_threshold_23: 21.39800
data_price_hour_rel_-17_amount: 12.49100
data_price_hour_abs_00_amount: 12.49100
data_price_hour_rel_-16_amount: 11.69000
data_price_hour_abs_01_amount: 11.69000
data_price_hour_rel_-15_amount: 11.11300
data_price_hour_abs_02_amount: 11.11300
data_price_hour_rel_-14_amount: 11.13100
data_price_hour_abs_03_amount: 11.13100
data_price_hour_rel_-13_amount: 11.32400
data_price_hour_abs_04_amount: 11.32400
data_price_hour_rel_-12_amount: 11.87500
data_price_hour_abs_05_amount: 11.87500
data_price_hour_rel_-11_amount: 13.18900
data_price_hour_abs_06_amount: 13.18900
data_price_hour_rel_-10_amount: 13.68100
data_price_hour_abs_07_amount: 13.68100
data_price_hour_rel_-09_amount: 12.66500
data_price_hour_abs_08_amount: 12.66500
data_price_hour_rel_-08_amount: 10.46000
data_price_hour_abs_09_amount: 10.46000
data_price_hour_rel_-07_amount: 8.65600
data_price_hour_abs_10_amount: 8.65600
data_price_hour_rel_-06_amount: 7.30600
data_price_hour_abs_11_amount: 7.30600
data_price_hour_rel_-05_amount: 6.86800
data_price_hour_abs_12_amount: 6.86800
data_price_hour_rel_-04_amount: 7.15700
data_price_hour_abs_13_amount: 7.15700
data_price_hour_rel_-03_amount: 7.78300
data_price_hour_abs_14_amount: 7.78300
data_price_hour_rel_-02_amount: 8.66300
data_price_hour_abs_15_amount: 8.66300
data_price_hour_rel_-01_amount: 10.34500
data_price_hour_abs_16_amount: 10.34500
data_price_hour_rel_+00_amount: 12.54000
data_price_hour_abs_17_amount: 12.54000
data_price_hour_rel_+01_amount: 14.05300
data_price_hour_abs_18_amount: 14.05300
data_price_hour_rel_+02_amount: 17.09700
data_price_hour_abs_19_amount: 17.09700
data_price_hour_rel_+03_amount: 21.39800
data_price_hour_abs_20_amount: 21.39800
data_price_hour_rel_+04_amount: 20.50000
data_price_hour_abs_21_amount: 20.50000
data_price_hour_rel_+05_amount: 16.86400
data_price_hour_abs_22_amount: 16.86400
data_price_hour_rel_+06_amount: 15.17500
data_price_hour_abs_23_amount: 15.17500