date_now: 2026-01-20 13:42:54
date_now_epoch: 1768912974958
date_now_day: 20
date_now_month: 1
date_now_year: 2026
date_start: 2026-01-20 00:00:00
date_end: 2026-01-20 23:59:59
price_low: 10.36200
price_high: 27.67400
price_median: 13.44450
price_average: 15.61717
price_current: 10.57600
price_unit: Cent/kWh
price_threshold_00: 10.36200
price_threshold_01: 10.57600
price_threshold_02: 10.78400
price_threshold_03: 10.79500
price_threshold_04: 10.98700
price_threshold_05: 11.03600
price_threshold_06: 11.31700
price_threshold_07: 11.43400
price_threshold_08: 11.50600
price_threshold_09: 11.71900
price_threshold_10: 12.52800
price_threshold_11: 13.21700
price_threshold_12: 13.67200
price_threshold_13: 13.98900
price_threshold_14: 15.51000
price_threshold_15: 17.82600
price_threshold_16: 17.95400
price_threshold_17: 18.19200
price_threshold_18: 19.01100
price_threshold_19: 19.39300
price_threshold_20: 24.08800
price_threshold_21: 24.96300
price_threshold_22: 26.27900
price_threshold_23: 27.67400
data_price_hour_rel_-13_amount: 11.50600
data_price_hour_abs_00_amount: 11.50600
data_price_hour_rel_-12_amount: 11.43400
data_price_hour_abs_01_amount: 11.43400
data_price_hour_rel_-11_amount: 11.03600
data_price_hour_abs_02_amount: 11.03600
data_price_hour_rel_-10_amount: 10.98700
data_price_hour_abs_03_amount: 10.98700
data_price_hour_rel_-09_amount: 11.31700
data_price_hour_abs_04_amount: 11.31700
data_price_hour_rel_-08_amount: 12.52800
data_price_hour_abs_05_amount: 12.52800
data_price_hour_rel_-07_amount: 19.01100
data_price_hour_abs_06_amount: 19.01100
data_price_hour_rel_-06_amount: 24.08800
data_price_hour_abs_07_amount: 24.08800
data_price_hour_rel_-05_amount: 26.27900
data_price_hour_abs_08_amount: 26.27900
data_price_hour_rel_-04_amount: 17.95400
data_price_hour_abs_09_amount: 17.95400
data_price_hour_rel_-03_amount: 13.21700
data_price_hour_abs_10_amount: 13.21700
data_price_hour_rel_-02_amount: 10.79500
data_price_hour_abs_11_amount: 10.79500
data_price_hour_rel_-01_amount: 10.36200
data_price_hour_abs_12_amount: 10.36200
data_price_hour_rel_+00_amount: 10.57600
data_price_hour_abs_13_amount: 10.57600
data_price_hour_rel_+01_amount: 13.67200
data_price_hour_abs_14_amount: 13.67200
data_price_hour_rel_+02_amount: 17.82600
data_price_hour_abs_15_amount: 17.82600
data_price_hour_rel_+03_amount: 27.67400
data_price_hour_abs_16_amount: 27.67400
data_price_hour_rel_+04_amount: 24.96300
data_price_hour_abs_17_amount: 24.96300
data_price_hour_rel_+05_amount: 19.39300
data_price_hour_abs_18_amount: 19.39300
data_price_hour_rel_+06_amount: 18.19200
data_price_hour_abs_19_amount: 18.19200
data_price_hour_rel_+07_amount: 15.51000
data_price_hour_abs_20_amount: 15.51000
data_price_hour_rel_+08_amount: 13.98900
data_price_hour_abs_21_amount: 13.98900
data_price_hour_rel_+09_amount: 11.71900
data_price_hour_abs_22_amount: 11.71900
data_price_hour_rel_+10_amount: 10.78400
data_price_hour_abs_23_amount: 10.78400