date_now: 2026-04-25 14:58:22
date_now_epoch: 1777121902593
date_now_day: 25
date_now_month: 4
date_now_year: 2026
date_start: 2026-04-25 00:00:00
date_end: 2026-04-25 23:59:59
price_low: -19.08700
price_high: 10.06300
price_median: 6.75900
price_average: 1.61304
price_current: -19.08700
price_unit: Cent/kWh
price_threshold_00: -19.08700
price_threshold_01: -17.64400
price_threshold_02: -13.38000
price_threshold_03: -10.05100
price_threshold_04: -5.39800
price_threshold_05: -4.21400
price_threshold_06: -0.72700
price_threshold_07: -0.52500
price_threshold_08: -0.00400
price_threshold_09: 0.46200
price_threshold_10: 2.00400
price_threshold_11: 6.52000
price_threshold_12: 6.99800
price_threshold_13: 7.13600
price_threshold_14: 7.20100
price_threshold_15: 7.26800
price_threshold_16: 7.54200
price_threshold_17: 8.31800
price_threshold_18: 8.80300
price_threshold_19: 8.84600
price_threshold_20: 9.51200
price_threshold_21: 9.51600
price_threshold_22: 9.55400
price_threshold_23: 10.06300
data_price_hour_rel_-14_amount: 10.06300
data_price_hour_abs_00_amount: 10.06300
data_price_hour_rel_-13_amount: 9.55400
data_price_hour_abs_01_amount: 9.55400
data_price_hour_rel_-12_amount: 9.51200
data_price_hour_abs_02_amount: 9.51200
data_price_hour_rel_-11_amount: 9.51600
data_price_hour_abs_03_amount: 9.51600
data_price_hour_rel_-10_amount: 8.84600
data_price_hour_abs_04_amount: 8.84600
data_price_hour_rel_-09_amount: 8.80300
data_price_hour_abs_05_amount: 8.80300
data_price_hour_rel_-08_amount: 8.31800
data_price_hour_abs_06_amount: 8.31800
data_price_hour_rel_-07_amount: 7.13600
data_price_hour_abs_07_amount: 7.13600
data_price_hour_rel_-06_amount: 2.00400
data_price_hour_abs_08_amount: 2.00400
data_price_hour_rel_-05_amount: -0.00400
data_price_hour_abs_09_amount: -0.00400
data_price_hour_rel_-04_amount: -0.72700
data_price_hour_abs_10_amount: -0.72700
data_price_hour_rel_-03_amount: -4.21400
data_price_hour_abs_11_amount: -4.21400
data_price_hour_rel_-02_amount: -10.05100
data_price_hour_abs_12_amount: -10.05100
data_price_hour_rel_-01_amount: -17.64400
data_price_hour_abs_13_amount: -17.64400
data_price_hour_rel_+00_amount: -19.08700
data_price_hour_abs_14_amount: -19.08700
data_price_hour_rel_+01_amount: -13.38000
data_price_hour_abs_15_amount: -13.38000
data_price_hour_rel_+02_amount: -5.39800
data_price_hour_abs_16_amount: -5.39800
data_price_hour_rel_+03_amount: -0.52500
data_price_hour_abs_17_amount: -0.52500
data_price_hour_rel_+04_amount: 0.46200
data_price_hour_abs_18_amount: 0.46200
data_price_hour_rel_+05_amount: 6.52000
data_price_hour_abs_19_amount: 6.52000
data_price_hour_rel_+06_amount: 7.54200
data_price_hour_abs_20_amount: 7.54200
data_price_hour_rel_+07_amount: 7.20100
data_price_hour_abs_21_amount: 7.20100
data_price_hour_rel_+08_amount: 7.26800
data_price_hour_abs_22_amount: 7.26800
data_price_hour_rel_+09_amount: 6.99800
data_price_hour_abs_23_amount: 6.99800