date_now: 2026-05-28 17:43:01
date_now_epoch: 1779982981928
date_now_day: 28
date_now_month: 5
date_now_year: 2026
date_start: 2026-05-28 00:00:00
date_end: 2026-05-28 23:59:59
price_low: -0.00100
price_high: 39.39400
price_median: 12.84500
price_average: 12.23196
price_current: 10.12600
price_unit: Cent/kWh
price_threshold_00: -0.00100
price_threshold_01: 0.00000
price_threshold_02: 0.00000
price_threshold_03: 0.05700
price_threshold_04: 0.13000
price_threshold_05: 1.93100
price_threshold_06: 3.96500
price_threshold_07: 8.75400
price_threshold_08: 10.12600
price_threshold_09: 12.34000
price_threshold_10: 12.72400
price_threshold_11: 12.73600
price_threshold_12: 12.95400
price_threshold_13: 13.00900
price_threshold_14: 13.29500
price_threshold_15: 13.55000
price_threshold_16: 13.81600
price_threshold_17: 13.82500
price_threshold_18: 14.84500
price_threshold_19: 15.98000
price_threshold_20: 21.57500
price_threshold_21: 21.76000
price_threshold_22: 36.80200
price_threshold_23: 39.39400
data_price_hour_rel_-17_amount: 13.29500
data_price_hour_abs_00_amount: 13.29500
data_price_hour_rel_-16_amount: 12.95400
data_price_hour_abs_01_amount: 12.95400
data_price_hour_rel_-15_amount: 12.72400
data_price_hour_abs_02_amount: 12.72400
data_price_hour_rel_-14_amount: 12.73600
data_price_hour_abs_03_amount: 12.73600
data_price_hour_rel_-13_amount: 13.00900
data_price_hour_abs_04_amount: 13.00900
data_price_hour_rel_-12_amount: 13.55000
data_price_hour_abs_05_amount: 13.55000
data_price_hour_rel_-11_amount: 14.84500
data_price_hour_abs_06_amount: 14.84500
data_price_hour_rel_-10_amount: 13.81600
data_price_hour_abs_07_amount: 13.81600
data_price_hour_rel_-09_amount: 12.34000
data_price_hour_abs_08_amount: 12.34000
data_price_hour_rel_-08_amount: 8.75400
data_price_hour_abs_09_amount: 8.75400
data_price_hour_rel_-07_amount: 1.93100
data_price_hour_abs_10_amount: 1.93100
data_price_hour_rel_-06_amount: 0.05700
data_price_hour_abs_11_amount: 0.05700
data_price_hour_rel_-05_amount: 0.00000
data_price_hour_abs_12_amount: 0.00000
data_price_hour_rel_-04_amount: -0.00100
data_price_hour_abs_13_amount: -0.00100
data_price_hour_rel_-03_amount: 0.00000
data_price_hour_abs_14_amount: 0.00000
data_price_hour_rel_-02_amount: 0.13000
data_price_hour_abs_15_amount: 0.13000
data_price_hour_rel_-01_amount: 3.96500
data_price_hour_abs_16_amount: 3.96500
data_price_hour_rel_+00_amount: 10.12600
data_price_hour_abs_17_amount: 10.12600
data_price_hour_rel_+01_amount: 13.82500
data_price_hour_abs_18_amount: 13.82500
data_price_hour_rel_+02_amount: 21.76000
data_price_hour_abs_19_amount: 21.76000
data_price_hour_rel_+03_amount: 39.39400
data_price_hour_abs_20_amount: 39.39400
data_price_hour_rel_+04_amount: 36.80200
data_price_hour_abs_21_amount: 36.80200
data_price_hour_rel_+05_amount: 21.57500
data_price_hour_abs_22_amount: 21.57500
data_price_hour_rel_+06_amount: 15.98000
data_price_hour_abs_23_amount: 15.98000