date_now: 2026-04-23 15:21:35
date_now_epoch: 1776950495087
date_now_day: 23
date_now_month: 4
date_now_year: 2026
date_start: 2026-04-23 00:00:00
date_end: 2026-04-23 23:59:59
price_low: -4.95600
price_high: 13.69600
price_median: 9.64750
price_average: 6.42133
price_current: -2.28900
price_unit: Cent/kWh
price_threshold_00: -4.95600
price_threshold_01: -4.88600
price_threshold_02: -2.90100
price_threshold_03: -2.28900
price_threshold_04: -0.61800
price_threshold_05: -0.19300
price_threshold_06: -0.05600
price_threshold_07: 2.19700
price_threshold_08: 6.32900
price_threshold_09: 9.35700
price_threshold_10: 9.58500
price_threshold_11: 9.62100
price_threshold_12: 9.67400
price_threshold_13: 9.76300
price_threshold_14: 9.94600
price_threshold_15: 10.01400
price_threshold_16: 10.41600
price_threshold_17: 10.82400
price_threshold_18: 10.97000
price_threshold_19: 11.62900
price_threshold_20: 11.90000
price_threshold_21: 11.94000
price_threshold_22: 12.15000
price_threshold_23: 13.69600
data_price_hour_rel_-15_amount: 10.01400
data_price_hour_abs_00_amount: 10.01400
data_price_hour_rel_-14_amount: 9.76300
data_price_hour_abs_01_amount: 9.76300
data_price_hour_rel_-13_amount: 9.67400
data_price_hour_abs_02_amount: 9.67400
data_price_hour_rel_-12_amount: 9.62100
data_price_hour_abs_03_amount: 9.62100
data_price_hour_rel_-11_amount: 9.58500
data_price_hour_abs_04_amount: 9.58500
data_price_hour_rel_-10_amount: 10.41600
data_price_hour_abs_05_amount: 10.41600
data_price_hour_rel_-09_amount: 11.90000
data_price_hour_abs_06_amount: 11.90000
data_price_hour_rel_-08_amount: 11.94000
data_price_hour_abs_07_amount: 11.94000
data_price_hour_rel_-07_amount: 10.97000
data_price_hour_abs_08_amount: 10.97000
data_price_hour_rel_-06_amount: 6.32900
data_price_hour_abs_09_amount: 6.32900
data_price_hour_rel_-05_amount: -0.05600
data_price_hour_abs_10_amount: -0.05600
data_price_hour_rel_-04_amount: -0.61800
data_price_hour_abs_11_amount: -0.61800
data_price_hour_rel_-03_amount: -2.90100
data_price_hour_abs_12_amount: -2.90100
data_price_hour_rel_-02_amount: -4.95600
data_price_hour_abs_13_amount: -4.95600
data_price_hour_rel_-01_amount: -4.88600
data_price_hour_abs_14_amount: -4.88600
data_price_hour_rel_+00_amount: -2.28900
data_price_hour_abs_15_amount: -2.28900
data_price_hour_rel_+01_amount: -0.19300
data_price_hour_abs_16_amount: -0.19300
data_price_hour_rel_+02_amount: 2.19700
data_price_hour_abs_17_amount: 2.19700
data_price_hour_rel_+03_amount: 9.35700
data_price_hour_abs_18_amount: 9.35700
data_price_hour_rel_+04_amount: 12.15000
data_price_hour_abs_19_amount: 12.15000
data_price_hour_rel_+05_amount: 13.69600
data_price_hour_abs_20_amount: 13.69600
data_price_hour_rel_+06_amount: 11.62900
data_price_hour_abs_21_amount: 11.62900
data_price_hour_rel_+07_amount: 10.82400
data_price_hour_abs_22_amount: 10.82400
data_price_hour_rel_+08_amount: 9.94600
data_price_hour_abs_23_amount: 9.94600