date_now: 2026-07-17 15:19:57
date_now_epoch: 1784294397016
date_now_day: 17
date_now_month: 7
date_now_year: 2026
date_start: 2026-07-17 00:00:00
date_end: 2026-07-17 23:59:59
price_low: 9.82000
price_high: 17.05700
price_median: 14.74850
price_average: 14.06292
price_current: 10.59800
price_unit: Cent/kWh
price_threshold_00: 9.82000
price_threshold_01: 9.84300
price_threshold_02: 10.38900
price_threshold_03: 10.59800
price_threshold_04: 11.37800
price_threshold_05: 11.47000
price_threshold_06: 12.74300
price_threshold_07: 12.74500
price_threshold_08: 13.54200
price_threshold_09: 13.75800
price_threshold_10: 14.29000
price_threshold_11: 14.39400
price_threshold_12: 15.10300
price_threshold_13: 15.19800
price_threshold_14: 15.34900
price_threshold_15: 15.71100
price_threshold_16: 15.83000
price_threshold_17: 15.90700
price_threshold_18: 16.14500
price_threshold_19: 16.46800
price_threshold_20: 16.51100
price_threshold_21: 16.57500
price_threshold_22: 16.68600
price_threshold_23: 17.05700
data_price_hour_rel_-15_amount: 17.05700
data_price_hour_abs_00_amount: 17.05700
data_price_hour_rel_-14_amount: 16.14500
data_price_hour_abs_01_amount: 16.14500
data_price_hour_rel_-13_amount: 15.19800
data_price_hour_abs_02_amount: 15.19800
data_price_hour_rel_-12_amount: 14.39400
data_price_hour_abs_03_amount: 14.39400
data_price_hour_rel_-11_amount: 14.29000
data_price_hour_abs_04_amount: 14.29000
data_price_hour_rel_-10_amount: 15.34900
data_price_hour_abs_05_amount: 15.34900
data_price_hour_rel_-09_amount: 16.51100
data_price_hour_abs_06_amount: 16.51100
data_price_hour_rel_-08_amount: 16.57500
data_price_hour_abs_07_amount: 16.57500
data_price_hour_rel_-07_amount: 15.71100
data_price_hour_abs_08_amount: 15.71100
data_price_hour_rel_-06_amount: 13.54200
data_price_hour_abs_09_amount: 13.54200
data_price_hour_rel_-05_amount: 12.74500
data_price_hour_abs_10_amount: 12.74500
data_price_hour_rel_-04_amount: 11.37800
data_price_hour_abs_11_amount: 11.37800
data_price_hour_rel_-03_amount: 10.38900
data_price_hour_abs_12_amount: 10.38900
data_price_hour_rel_-02_amount: 9.82000
data_price_hour_abs_13_amount: 9.82000
data_price_hour_rel_-01_amount: 9.84300
data_price_hour_abs_14_amount: 9.84300
data_price_hour_rel_+00_amount: 10.59800
data_price_hour_abs_15_amount: 10.59800
data_price_hour_rel_+01_amount: 11.47000
data_price_hour_abs_16_amount: 11.47000
data_price_hour_rel_+02_amount: 12.74300
data_price_hour_abs_17_amount: 12.74300
data_price_hour_rel_+03_amount: 13.75800
data_price_hour_abs_18_amount: 13.75800
data_price_hour_rel_+04_amount: 15.10300
data_price_hour_abs_19_amount: 15.10300
data_price_hour_rel_+05_amount: 15.90700
data_price_hour_abs_20_amount: 15.90700
data_price_hour_rel_+06_amount: 16.68600
data_price_hour_abs_21_amount: 16.68600
data_price_hour_rel_+07_amount: 16.46800
data_price_hour_abs_22_amount: 16.46800
data_price_hour_rel_+08_amount: 15.83000
data_price_hour_abs_23_amount: 15.83000