date_now: 2026-02-01 13:42:19
date_now_epoch: 1769949739481
date_now_day: 1
date_now_month: 2
date_now_year: 2026
date_start: 2026-02-01 00:00:00
date_end: 2026-02-01 23:59:59
price_low: 9.40100
price_high: 13.73900
price_median: 10.68400
price_average: 10.85883
price_current: 10.03900
price_unit: Cent/kWh
price_threshold_00: 9.40100
price_threshold_01: 9.60200
price_threshold_02: 9.60600
price_threshold_03: 9.60900
price_threshold_04: 9.82200
price_threshold_05: 9.83100
price_threshold_06: 9.84000
price_threshold_07: 9.95000
price_threshold_08: 10.03900
price_threshold_09: 10.22400
price_threshold_10: 10.52600
price_threshold_11: 10.65500
price_threshold_12: 10.71300
price_threshold_13: 10.81600
price_threshold_14: 10.89600
price_threshold_15: 10.92400
price_threshold_16: 10.98500
price_threshold_17: 11.38600
price_threshold_18: 11.38900
price_threshold_19: 11.46700
price_threshold_20: 12.55900
price_threshold_21: 12.94900
price_threshold_22: 13.68400
price_threshold_23: 13.73900
data_price_hour_rel_-13_amount: 9.60900
data_price_hour_abs_00_amount: 9.60900
data_price_hour_rel_-12_amount: 9.40100
data_price_hour_abs_01_amount: 9.40100
data_price_hour_rel_-11_amount: 9.84000
data_price_hour_abs_02_amount: 9.84000
data_price_hour_rel_-10_amount: 9.60600
data_price_hour_abs_03_amount: 9.60600
data_price_hour_rel_-09_amount: 9.83100
data_price_hour_abs_04_amount: 9.83100
data_price_hour_rel_-08_amount: 9.82200
data_price_hour_abs_05_amount: 9.82200
data_price_hour_rel_-07_amount: 9.60200
data_price_hour_abs_06_amount: 9.60200
data_price_hour_rel_-06_amount: 9.95000
data_price_hour_abs_07_amount: 9.95000
data_price_hour_rel_-05_amount: 10.52600
data_price_hour_abs_08_amount: 10.52600
data_price_hour_rel_-04_amount: 10.92400
data_price_hour_abs_09_amount: 10.92400
data_price_hour_rel_-03_amount: 10.98500
data_price_hour_abs_10_amount: 10.98500
data_price_hour_rel_-02_amount: 10.81600
data_price_hour_abs_11_amount: 10.81600
data_price_hour_rel_-01_amount: 10.71300
data_price_hour_abs_12_amount: 10.71300
data_price_hour_rel_+00_amount: 10.03900
data_price_hour_abs_13_amount: 10.03900
data_price_hour_rel_+01_amount: 10.22400
data_price_hour_abs_14_amount: 10.22400
data_price_hour_rel_+02_amount: 10.89600
data_price_hour_abs_15_amount: 10.89600
data_price_hour_rel_+03_amount: 11.46700
data_price_hour_abs_16_amount: 11.46700
data_price_hour_rel_+04_amount: 12.94900
data_price_hour_abs_17_amount: 12.94900
data_price_hour_rel_+05_amount: 13.68400
data_price_hour_abs_18_amount: 13.68400
data_price_hour_rel_+06_amount: 13.73900
data_price_hour_abs_19_amount: 13.73900
data_price_hour_rel_+07_amount: 12.55900
data_price_hour_abs_20_amount: 12.55900
data_price_hour_rel_+08_amount: 11.38600
data_price_hour_abs_21_amount: 11.38600
data_price_hour_rel_+09_amount: 11.38900
data_price_hour_abs_22_amount: 11.38900
data_price_hour_rel_+10_amount: 10.65500
data_price_hour_abs_23_amount: 10.65500