date_now: 2026-07-20 15:58:00
date_now_epoch: 1784555880772
date_now_day: 20
date_now_month: 7
date_now_year: 2026
date_start: 2026-07-20 00:00:00
date_end: 2026-07-20 23:59:59
price_low: 0.00100
price_high: 17.97300
price_median: 12.99300
price_average: 10.31650
price_current: 0.09600
price_unit: Cent/kWh
price_threshold_00: 0.00100
price_threshold_01: 0.00200
price_threshold_02: 0.09600
price_threshold_03: 0.76600
price_threshold_04: 1.51100
price_threshold_05: 1.57900
price_threshold_06: 6.02700
price_threshold_07: 7.47600
price_threshold_08: 9.27200
price_threshold_09: 11.84100
price_threshold_10: 12.35300
price_threshold_11: 12.88600
price_threshold_12: 13.10000
price_threshold_13: 13.12700
price_threshold_14: 13.84800
price_threshold_15: 13.87900
price_threshold_16: 14.74500
price_threshold_17: 14.93100
price_threshold_18: 15.05300
price_threshold_19: 15.87600
price_threshold_20: 15.94700
price_threshold_21: 17.48200
price_threshold_22: 17.82500
price_threshold_23: 17.97300
data_price_hour_rel_-15_amount: 14.74500
data_price_hour_abs_00_amount: 14.74500
data_price_hour_rel_-14_amount: 13.84800
data_price_hour_abs_01_amount: 13.84800
data_price_hour_rel_-13_amount: 12.88600
data_price_hour_abs_02_amount: 12.88600
data_price_hour_rel_-12_amount: 12.35300
data_price_hour_abs_03_amount: 12.35300
data_price_hour_rel_-11_amount: 13.12700
data_price_hour_abs_04_amount: 13.12700
data_price_hour_rel_-10_amount: 13.87900
data_price_hour_abs_05_amount: 13.87900
data_price_hour_rel_-09_amount: 14.93100
data_price_hour_abs_06_amount: 14.93100
data_price_hour_rel_-08_amount: 15.05300
data_price_hour_abs_07_amount: 15.05300
data_price_hour_rel_-07_amount: 13.10000
data_price_hour_abs_08_amount: 13.10000
data_price_hour_rel_-06_amount: 9.27200
data_price_hour_abs_09_amount: 9.27200
data_price_hour_rel_-05_amount: 6.02700
data_price_hour_abs_10_amount: 6.02700
data_price_hour_rel_-04_amount: 1.57900
data_price_hour_abs_11_amount: 1.57900
data_price_hour_rel_-03_amount: 0.76600
data_price_hour_abs_12_amount: 0.76600
data_price_hour_rel_-02_amount: 0.00200
data_price_hour_abs_13_amount: 0.00200
data_price_hour_rel_-01_amount: 0.00100
data_price_hour_abs_14_amount: 0.00100
data_price_hour_rel_+00_amount: 0.09600
data_price_hour_abs_15_amount: 0.09600
data_price_hour_rel_+01_amount: 1.51100
data_price_hour_abs_16_amount: 1.51100
data_price_hour_rel_+02_amount: 7.47600
data_price_hour_abs_17_amount: 7.47600
data_price_hour_rel_+03_amount: 11.84100
data_price_hour_abs_18_amount: 11.84100
data_price_hour_rel_+04_amount: 15.87600
data_price_hour_abs_19_amount: 15.87600
data_price_hour_rel_+05_amount: 17.82500
data_price_hour_abs_20_amount: 17.82500
data_price_hour_rel_+06_amount: 17.97300
data_price_hour_abs_21_amount: 17.97300
data_price_hour_rel_+07_amount: 17.48200
data_price_hour_abs_22_amount: 17.48200
data_price_hour_rel_+08_amount: 15.94700
data_price_hour_abs_23_amount: 15.94700