date_now: 2026-07-18 15:06:27
date_now_epoch: 1784379987919
date_now_day: 18
date_now_month: 7
date_now_year: 2026
date_start: 2026-07-18 00:00:00
date_end: 2026-07-18 23:59:59
price_low: -0.29500
price_high: 15.62000
price_median: 11.47500
price_average: 8.24608
price_current: -0.29500
price_unit: Cent/kWh
price_threshold_00: -0.29500
price_threshold_01: -0.19900
price_threshold_02: -0.17600
price_threshold_03: -0.11700
price_threshold_04: -0.01300
price_threshold_05: -0.00100
price_threshold_06: 0.04300
price_threshold_07: 0.99700
price_threshold_08: 4.49300
price_threshold_09: 5.59200
price_threshold_10: 9.75400
price_threshold_11: 11.02000
price_threshold_12: 11.93000
price_threshold_13: 12.65100
price_threshold_14: 13.21700
price_threshold_15: 13.22400
price_threshold_16: 13.48100
price_threshold_17: 13.53000
price_threshold_18: 14.20000
price_threshold_19: 14.53800
price_threshold_20: 14.57600
price_threshold_21: 14.59500
price_threshold_22: 15.24600
price_threshold_23: 15.62000
data_price_hour_rel_-15_amount: 15.62000
data_price_hour_abs_00_amount: 15.62000
data_price_hour_rel_-14_amount: 14.53800
data_price_hour_abs_01_amount: 14.53800
data_price_hour_rel_-13_amount: 14.20000
data_price_hour_abs_02_amount: 14.20000
data_price_hour_rel_-12_amount: 13.53000
data_price_hour_abs_03_amount: 13.53000
data_price_hour_rel_-11_amount: 13.48100
data_price_hour_abs_04_amount: 13.48100
data_price_hour_rel_-10_amount: 13.22400
data_price_hour_abs_05_amount: 13.22400
data_price_hour_rel_-09_amount: 12.65100
data_price_hour_abs_06_amount: 12.65100
data_price_hour_rel_-08_amount: 11.93000
data_price_hour_abs_07_amount: 11.93000
data_price_hour_rel_-07_amount: 9.75400
data_price_hour_abs_08_amount: 9.75400
data_price_hour_rel_-06_amount: 4.49300
data_price_hour_abs_09_amount: 4.49300
data_price_hour_rel_-05_amount: 0.99700
data_price_hour_abs_10_amount: 0.99700
data_price_hour_rel_-04_amount: -0.00100
data_price_hour_abs_11_amount: -0.00100
data_price_hour_rel_-03_amount: -0.01300
data_price_hour_abs_12_amount: -0.01300
data_price_hour_rel_-02_amount: -0.11700
data_price_hour_abs_13_amount: -0.11700
data_price_hour_rel_-01_amount: -0.19900
data_price_hour_abs_14_amount: -0.19900
data_price_hour_rel_+00_amount: -0.29500
data_price_hour_abs_15_amount: -0.29500
data_price_hour_rel_+01_amount: -0.17600
data_price_hour_abs_16_amount: -0.17600
data_price_hour_rel_+02_amount: 0.04300
data_price_hour_abs_17_amount: 0.04300
data_price_hour_rel_+03_amount: 5.59200
data_price_hour_abs_18_amount: 5.59200
data_price_hour_rel_+04_amount: 11.02000
data_price_hour_abs_19_amount: 11.02000
data_price_hour_rel_+05_amount: 13.21700
data_price_hour_abs_20_amount: 13.21700
data_price_hour_rel_+06_amount: 14.59500
data_price_hour_abs_21_amount: 14.59500
data_price_hour_rel_+07_amount: 15.24600
data_price_hour_abs_22_amount: 15.24600
data_price_hour_rel_+08_amount: 14.57600
data_price_hour_abs_23_amount: 14.57600