date_now: 2026-05-31 15:39:06
date_now_epoch: 1780234746791
date_now_day: 31
date_now_month: 5
date_now_year: 2026
date_start: 2026-05-31 00:00:00
date_end: 2026-05-31 23:59:59
price_low: -0.00100
price_high: 15.60400
price_median: 11.91800
price_average: 8.99013
price_current: 0.00000
price_unit: Cent/kWh
price_threshold_00: -0.00100
price_threshold_01: -0.00100
price_threshold_02: -0.00100
price_threshold_03: 0.00000
price_threshold_04: 0.00000
price_threshold_05: 0.75700
price_threshold_06: 4.90000
price_threshold_07: 5.62900
price_threshold_08: 9.04400
price_threshold_09: 9.59300
price_threshold_10: 10.05600
price_threshold_11: 11.50000
price_threshold_12: 12.33600
price_threshold_13: 12.52000
price_threshold_14: 12.59200
price_threshold_15: 12.69500
price_threshold_16: 12.72700
price_threshold_17: 12.91100
price_threshold_18: 13.64100
price_threshold_19: 14.13700
price_threshold_20: 14.53500
price_threshold_21: 15.27600
price_threshold_22: 15.31300
price_threshold_23: 15.60400
data_price_hour_rel_-15_amount: 13.64100
data_price_hour_abs_00_amount: 13.64100
data_price_hour_rel_-14_amount: 12.91100
data_price_hour_abs_01_amount: 12.91100
data_price_hour_rel_-13_amount: 12.59200
data_price_hour_abs_02_amount: 12.59200
data_price_hour_rel_-12_amount: 12.52000
data_price_hour_abs_03_amount: 12.52000
data_price_hour_rel_-11_amount: 12.69500
data_price_hour_abs_04_amount: 12.69500
data_price_hour_rel_-10_amount: 12.33600
data_price_hour_abs_05_amount: 12.33600
data_price_hour_rel_-09_amount: 11.50000
data_price_hour_abs_06_amount: 11.50000
data_price_hour_rel_-08_amount: 10.05600
data_price_hour_abs_07_amount: 10.05600
data_price_hour_rel_-07_amount: 9.04400
data_price_hour_abs_08_amount: 9.04400
data_price_hour_rel_-06_amount: 5.62900
data_price_hour_abs_09_amount: 5.62900
data_price_hour_rel_-05_amount: 0.75700
data_price_hour_abs_10_amount: 0.75700
data_price_hour_rel_-04_amount: 0.00000
data_price_hour_abs_11_amount: 0.00000
data_price_hour_rel_-03_amount: -0.00100
data_price_hour_abs_12_amount: -0.00100
data_price_hour_rel_-02_amount: -0.00100
data_price_hour_abs_13_amount: -0.00100
data_price_hour_rel_-01_amount: -0.00100
data_price_hour_abs_14_amount: -0.00100
data_price_hour_rel_+00_amount: 0.00000
data_price_hour_abs_15_amount: 0.00000
data_price_hour_rel_+01_amount: 4.90000
data_price_hour_abs_16_amount: 4.90000
data_price_hour_rel_+02_amount: 9.59300
data_price_hour_abs_17_amount: 9.59300
data_price_hour_rel_+03_amount: 12.72700
data_price_hour_abs_18_amount: 12.72700
data_price_hour_rel_+04_amount: 14.13700
data_price_hour_abs_19_amount: 14.13700
data_price_hour_rel_+05_amount: 15.27600
data_price_hour_abs_20_amount: 15.27600
data_price_hour_rel_+06_amount: 15.60400
data_price_hour_abs_21_amount: 15.60400
data_price_hour_rel_+07_amount: 15.31300
data_price_hour_abs_22_amount: 15.31300
data_price_hour_rel_+08_amount: 14.53500
data_price_hour_abs_23_amount: 14.53500