date_now: 2026-04-10 15:03:07
date_now_epoch: 1775826187193
date_now_day: 10
date_now_month: 4
date_now_year: 2026
date_start: 2026-04-10 00:00:00
date_end: 2026-04-10 23:59:59
price_low: 7.85500
price_high: 24.51200
price_median: 10.93100
price_average: 11.95663
price_current: 9.40200
price_unit: Cent/kWh
price_threshold_00: 7.85500
price_threshold_01: 7.88300
price_threshold_02: 7.93200
price_threshold_03: 8.11200
price_threshold_04: 8.18800
price_threshold_05: 8.74000
price_threshold_06: 8.87700
price_threshold_07: 8.89400
price_threshold_08: 9.20900
price_threshold_09: 9.40200
price_threshold_10: 10.29900
price_threshold_11: 10.87800
price_threshold_12: 10.98400
price_threshold_13: 11.21600
price_threshold_14: 11.92700
price_threshold_15: 12.31600
price_threshold_16: 12.64400
price_threshold_17: 13.01000
price_threshold_18: 13.19600
price_threshold_19: 14.93100
price_threshold_20: 15.52900
price_threshold_21: 17.64800
price_threshold_22: 22.77700
price_threshold_23: 24.51200
data_price_hour_rel_-15_amount: 8.18800
data_price_hour_abs_00_amount: 8.18800
data_price_hour_rel_-14_amount: 7.93200
data_price_hour_abs_01_amount: 7.93200
data_price_hour_rel_-13_amount: 7.88300
data_price_hour_abs_02_amount: 7.88300
data_price_hour_rel_-12_amount: 7.85500
data_price_hour_abs_03_amount: 7.85500
data_price_hour_rel_-11_amount: 8.11200
data_price_hour_abs_04_amount: 8.11200
data_price_hour_rel_-10_amount: 8.87700
data_price_hour_abs_05_amount: 8.87700
data_price_hour_rel_-09_amount: 11.21600
data_price_hour_abs_06_amount: 11.21600
data_price_hour_rel_-08_amount: 12.64400
data_price_hour_abs_07_amount: 12.64400
data_price_hour_rel_-07_amount: 12.31600
data_price_hour_abs_08_amount: 12.31600
data_price_hour_rel_-06_amount: 11.92700
data_price_hour_abs_09_amount: 11.92700
data_price_hour_rel_-05_amount: 10.98400
data_price_hour_abs_10_amount: 10.98400
data_price_hour_rel_-04_amount: 10.29900
data_price_hour_abs_11_amount: 10.29900
data_price_hour_rel_-03_amount: 9.20900
data_price_hour_abs_12_amount: 9.20900
data_price_hour_rel_-02_amount: 8.89400
data_price_hour_abs_13_amount: 8.89400
data_price_hour_rel_-01_amount: 8.74000
data_price_hour_abs_14_amount: 8.74000
data_price_hour_rel_+00_amount: 9.40200
data_price_hour_abs_15_amount: 9.40200
data_price_hour_rel_+01_amount: 10.87800
data_price_hour_abs_16_amount: 10.87800
data_price_hour_rel_+02_amount: 13.01000
data_price_hour_abs_17_amount: 13.01000
data_price_hour_rel_+03_amount: 15.52900
data_price_hour_abs_18_amount: 15.52900
data_price_hour_rel_+04_amount: 22.77700
data_price_hour_abs_19_amount: 22.77700
data_price_hour_rel_+05_amount: 24.51200
data_price_hour_abs_20_amount: 24.51200
data_price_hour_rel_+06_amount: 17.64800
data_price_hour_abs_21_amount: 17.64800
data_price_hour_rel_+07_amount: 14.93100
data_price_hour_abs_22_amount: 14.93100
data_price_hour_rel_+08_amount: 13.19600
data_price_hour_abs_23_amount: 13.19600