date_now: 2026-05-25 16:47:45
date_now_epoch: 1779720465804
date_now_day: 25
date_now_month: 5
date_now_year: 2026
date_start: 2026-05-25 00:00:00
date_end: 2026-05-25 23:59:59
price_low: -2.93000
price_high: 17.21900
price_median: 12.20300
price_average: 8.14471
price_current: -0.29200
price_unit: Cent/kWh
price_threshold_00: -2.93000
price_threshold_01: -2.71800
price_threshold_02: -1.27100
price_threshold_03: -1.00500
price_threshold_04: -0.52600
price_threshold_05: -0.29200
price_threshold_06: -0.01700
price_threshold_07: 0.50000
price_threshold_08: 3.19500
price_threshold_09: 7.76800
price_threshold_10: 11.78800
price_threshold_11: 11.88200
price_threshold_12: 12.52400
price_threshold_13: 12.59800
price_threshold_14: 12.60100
price_threshold_15: 12.93100
price_threshold_16: 13.02000
price_threshold_17: 13.08700
price_threshold_18: 13.20000
price_threshold_19: 14.10300
price_threshold_20: 15.05800
price_threshold_21: 15.73300
price_threshold_22: 17.02500
price_threshold_23: 17.21900
data_price_hour_rel_-16_amount: 13.08700
data_price_hour_abs_00_amount: 13.08700
data_price_hour_rel_-15_amount: 12.59800
data_price_hour_abs_01_amount: 12.59800
data_price_hour_rel_-14_amount: 12.52400
data_price_hour_abs_02_amount: 12.52400
data_price_hour_rel_-13_amount: 12.60100
data_price_hour_abs_03_amount: 12.60100
data_price_hour_rel_-12_amount: 12.93100
data_price_hour_abs_04_amount: 12.93100
data_price_hour_rel_-11_amount: 13.20000
data_price_hour_abs_05_amount: 13.20000
data_price_hour_rel_-10_amount: 13.02000
data_price_hour_abs_06_amount: 13.02000
data_price_hour_rel_-09_amount: 11.78800
data_price_hour_abs_07_amount: 11.78800
data_price_hour_rel_-08_amount: 7.76800
data_price_hour_abs_08_amount: 7.76800
data_price_hour_rel_-07_amount: 0.50000
data_price_hour_abs_09_amount: 0.50000
data_price_hour_rel_-06_amount: -0.01700
data_price_hour_abs_10_amount: -0.01700
data_price_hour_rel_-05_amount: -0.52600
data_price_hour_abs_11_amount: -0.52600
data_price_hour_rel_-04_amount: -1.27100
data_price_hour_abs_12_amount: -1.27100
data_price_hour_rel_-03_amount: -2.93000
data_price_hour_abs_13_amount: -2.93000
data_price_hour_rel_-02_amount: -2.71800
data_price_hour_abs_14_amount: -2.71800
data_price_hour_rel_-01_amount: -1.00500
data_price_hour_abs_15_amount: -1.00500
data_price_hour_rel_+00_amount: -0.29200
data_price_hour_abs_16_amount: -0.29200
data_price_hour_rel_+01_amount: 3.19500
data_price_hour_abs_17_amount: 3.19500
data_price_hour_rel_+02_amount: 11.88200
data_price_hour_abs_18_amount: 11.88200
data_price_hour_rel_+03_amount: 15.05800
data_price_hour_abs_19_amount: 15.05800
data_price_hour_rel_+04_amount: 17.21900
data_price_hour_abs_20_amount: 17.21900
data_price_hour_rel_+05_amount: 17.02500
data_price_hour_abs_21_amount: 17.02500
data_price_hour_rel_+06_amount: 15.73300
data_price_hour_abs_22_amount: 15.73300
data_price_hour_rel_+07_amount: 14.10300
data_price_hour_abs_23_amount: 14.10300