date_now: 2026-07-04 15:17:09
date_now_epoch: 1783171029681
date_now_day: 4
date_now_month: 7
date_now_year: 2026
date_start: 2026-07-04 00:00:00
date_end: 2026-07-04 23:59:59
price_low: -1.03100
price_high: 13.10300
price_median: 8.24500
price_average: 6.34013
price_current: -0.42700
price_unit: Cent/kWh
price_threshold_00: -1.03100
price_threshold_01: -0.82500
price_threshold_02: -0.42700
price_threshold_03: -0.31000
price_threshold_04: -0.08000
price_threshold_05: -0.03400
price_threshold_06: -0.00100
price_threshold_07: 0.09900
price_threshold_08: 0.42900
price_threshold_09: 2.89300
price_threshold_10: 5.77300
price_threshold_11: 7.26500
price_threshold_12: 9.22500
price_threshold_13: 9.96700
price_threshold_14: 10.63400
price_threshold_15: 10.71900
price_threshold_16: 11.38200
price_threshold_17: 11.64400
price_threshold_18: 11.86200
price_threshold_19: 12.00900
price_threshold_20: 12.50000
price_threshold_21: 12.56400
price_threshold_22: 12.80300
price_threshold_23: 13.10300
data_price_hour_rel_-15_amount: 12.50000
data_price_hour_abs_00_amount: 12.50000
data_price_hour_rel_-14_amount: 12.00900
data_price_hour_abs_01_amount: 12.00900
data_price_hour_rel_-13_amount: 11.64400
data_price_hour_abs_02_amount: 11.64400
data_price_hour_rel_-12_amount: 11.38200
data_price_hour_abs_03_amount: 11.38200
data_price_hour_rel_-11_amount: 10.63400
data_price_hour_abs_04_amount: 10.63400
data_price_hour_rel_-10_amount: 9.96700
data_price_hour_abs_05_amount: 9.96700
data_price_hour_rel_-09_amount: 9.22500
data_price_hour_abs_06_amount: 9.22500
data_price_hour_rel_-08_amount: 7.26500
data_price_hour_abs_07_amount: 7.26500
data_price_hour_rel_-07_amount: 2.89300
data_price_hour_abs_08_amount: 2.89300
data_price_hour_rel_-06_amount: 0.09900
data_price_hour_abs_09_amount: 0.09900
data_price_hour_rel_-05_amount: -0.00100
data_price_hour_abs_10_amount: -0.00100
data_price_hour_rel_-04_amount: -0.08000
data_price_hour_abs_11_amount: -0.08000
data_price_hour_rel_-03_amount: -0.31000
data_price_hour_abs_12_amount: -0.31000
data_price_hour_rel_-02_amount: -0.82500
data_price_hour_abs_13_amount: -0.82500
data_price_hour_rel_-01_amount: -1.03100
data_price_hour_abs_14_amount: -1.03100
data_price_hour_rel_+00_amount: -0.42700
data_price_hour_abs_15_amount: -0.42700
data_price_hour_rel_+01_amount: -0.03400
data_price_hour_abs_16_amount: -0.03400
data_price_hour_rel_+02_amount: 0.42900
data_price_hour_abs_17_amount: 0.42900
data_price_hour_rel_+03_amount: 5.77300
data_price_hour_abs_18_amount: 5.77300
data_price_hour_rel_+04_amount: 10.71900
data_price_hour_abs_19_amount: 10.71900
data_price_hour_rel_+05_amount: 12.56400
data_price_hour_abs_20_amount: 12.56400
data_price_hour_rel_+06_amount: 13.10300
data_price_hour_abs_21_amount: 13.10300
data_price_hour_rel_+07_amount: 12.80300
data_price_hour_abs_22_amount: 12.80300
data_price_hour_rel_+08_amount: 11.86200
data_price_hour_abs_23_amount: 11.86200