date_now: 2026-06-15 19:10:07
date_now_epoch: 1781543407471
date_now_day: 15
date_now_month: 6
date_now_year: 2026
date_start: 2026-06-15 00:00:00
date_end: 2026-06-15 23:59:59
price_low: -0.29000
price_high: 15.62600
price_median: 8.83950
price_average: 7.42654
price_current: 12.90800
price_unit: Cent/kWh
price_threshold_00: -0.29000
price_threshold_01: -0.14800
price_threshold_02: -0.09300
price_threshold_03: -0.00300
price_threshold_04: -0.00200
price_threshold_05: 0.10100
price_threshold_06: 2.15600
price_threshold_07: 4.36800
price_threshold_08: 6.36500
price_threshold_09: 8.37500
price_threshold_10: 8.43900
price_threshold_11: 8.53800
price_threshold_12: 9.14100
price_threshold_13: 9.14400
price_threshold_14: 9.14500
price_threshold_15: 9.29100
price_threshold_16: 10.14300
price_threshold_17: 10.56900
price_threshold_18: 10.73900
price_threshold_19: 12.90800
price_threshold_20: 13.47600
price_threshold_21: 14.87000
price_threshold_22: 15.37900
price_threshold_23: 15.62600
data_price_hour_rel_-19_amount: 10.14300
data_price_hour_abs_00_amount: 10.14300
data_price_hour_rel_-18_amount: 9.29100
data_price_hour_abs_01_amount: 9.29100
data_price_hour_rel_-17_amount: 8.53800
data_price_hour_abs_02_amount: 8.53800
data_price_hour_rel_-16_amount: 8.37500
data_price_hour_abs_03_amount: 8.37500
data_price_hour_rel_-15_amount: 8.43900
data_price_hour_abs_04_amount: 8.43900
data_price_hour_rel_-14_amount: 9.14100
data_price_hour_abs_05_amount: 9.14100
data_price_hour_rel_-13_amount: 10.56900
data_price_hour_abs_06_amount: 10.56900
data_price_hour_rel_-12_amount: 10.73900
data_price_hour_abs_07_amount: 10.73900
data_price_hour_rel_-11_amount: 9.14400
data_price_hour_abs_08_amount: 9.14400
data_price_hour_rel_-10_amount: 6.36500
data_price_hour_abs_09_amount: 6.36500
data_price_hour_rel_-09_amount: 2.15600
data_price_hour_abs_10_amount: 2.15600
data_price_hour_rel_-08_amount: 0.10100
data_price_hour_abs_11_amount: 0.10100
data_price_hour_rel_-07_amount: -0.00300
data_price_hour_abs_12_amount: -0.00300
data_price_hour_rel_-06_amount: -0.14800
data_price_hour_abs_13_amount: -0.14800
data_price_hour_rel_-05_amount: -0.29000
data_price_hour_abs_14_amount: -0.29000
data_price_hour_rel_-04_amount: -0.09300
data_price_hour_abs_15_amount: -0.09300
data_price_hour_rel_-03_amount: -0.00200
data_price_hour_abs_16_amount: -0.00200
data_price_hour_rel_-02_amount: 4.36800
data_price_hour_abs_17_amount: 4.36800
data_price_hour_rel_-01_amount: 9.14500
data_price_hour_abs_18_amount: 9.14500
data_price_hour_rel_+00_amount: 12.90800
data_price_hour_abs_19_amount: 12.90800
data_price_hour_rel_+01_amount: 14.87000
data_price_hour_abs_20_amount: 14.87000
data_price_hour_rel_+02_amount: 15.62600
data_price_hour_abs_21_amount: 15.62600
data_price_hour_rel_+03_amount: 15.37900
data_price_hour_abs_22_amount: 15.37900
data_price_hour_rel_+04_amount: 13.47600
data_price_hour_abs_23_amount: 13.47600