date_now: 2026-01-17 13:34:23
date_now_epoch: 1768653263554
date_now_day: 17
date_now_month: 1
date_now_year: 2026
date_start: 2026-01-17 00:00:00
date_end: 2026-01-17 23:59:59
price_low: 9.51900
price_high: 14.28500
price_median: 10.88950
price_average: 11.22592
price_current: 10.86400
price_unit: Cent/kWh
price_threshold_00: 9.51900
price_threshold_01: 9.52400
price_threshold_02: 9.58500
price_threshold_03: 9.61400
price_threshold_04: 9.82400
price_threshold_05: 9.91900
price_threshold_06: 10.12900
price_threshold_07: 10.46600
price_threshold_08: 10.59700
price_threshold_09: 10.70200
price_threshold_10: 10.78100
price_threshold_11: 10.86400
price_threshold_12: 10.91500
price_threshold_13: 11.16100
price_threshold_14: 11.19500
price_threshold_15: 11.28200
price_threshold_16: 11.51000
price_threshold_17: 11.66600
price_threshold_18: 12.07900
price_threshold_19: 12.27700
price_threshold_20: 13.57800
price_threshold_21: 13.85900
price_threshold_22: 14.09100
price_threshold_23: 14.28500
data_price_hour_rel_-13_amount: 10.46600
data_price_hour_abs_00_amount: 10.46600
data_price_hour_rel_-12_amount: 10.12900
data_price_hour_abs_01_amount: 10.12900
data_price_hour_rel_-11_amount: 9.82400
data_price_hour_abs_02_amount: 9.82400
data_price_hour_rel_-10_amount: 9.61400
data_price_hour_abs_03_amount: 9.61400
data_price_hour_rel_-09_amount: 9.51900
data_price_hour_abs_04_amount: 9.51900
data_price_hour_rel_-08_amount: 9.52400
data_price_hour_abs_05_amount: 9.52400
data_price_hour_rel_-07_amount: 9.58500
data_price_hour_abs_06_amount: 9.58500
data_price_hour_rel_-06_amount: 9.91900
data_price_hour_abs_07_amount: 9.91900
data_price_hour_rel_-05_amount: 10.59700
data_price_hour_abs_08_amount: 10.59700
data_price_hour_rel_-04_amount: 11.66600
data_price_hour_abs_09_amount: 11.66600
data_price_hour_rel_-03_amount: 11.51000
data_price_hour_abs_10_amount: 11.51000
data_price_hour_rel_-02_amount: 11.16100
data_price_hour_abs_11_amount: 11.16100
data_price_hour_rel_-01_amount: 11.19500
data_price_hour_abs_12_amount: 11.19500
data_price_hour_rel_+00_amount: 10.86400
data_price_hour_abs_13_amount: 10.86400
data_price_hour_rel_+01_amount: 11.28200
data_price_hour_abs_14_amount: 11.28200
data_price_hour_rel_+02_amount: 12.27700
data_price_hour_abs_15_amount: 12.27700
data_price_hour_rel_+03_amount: 13.57800
data_price_hour_abs_16_amount: 13.57800
data_price_hour_rel_+04_amount: 14.09100
data_price_hour_abs_17_amount: 14.09100
data_price_hour_rel_+05_amount: 14.28500
data_price_hour_abs_18_amount: 14.28500
data_price_hour_rel_+06_amount: 13.85900
data_price_hour_abs_19_amount: 13.85900
data_price_hour_rel_+07_amount: 12.07900
data_price_hour_abs_20_amount: 12.07900
data_price_hour_rel_+08_amount: 10.78100
data_price_hour_abs_21_amount: 10.78100
data_price_hour_rel_+09_amount: 10.91500
data_price_hour_abs_22_amount: 10.91500
data_price_hour_rel_+10_amount: 10.70200
data_price_hour_abs_23_amount: 10.70200