date_now: 2026-02-04 13:53:03
date_now_epoch: 1770209583737
date_now_day: 4
date_now_month: 2
date_now_year: 2026
date_start: 2026-02-04 00:00:00
date_end: 2026-02-04 23:59:59
price_low: 8.63100
price_high: 13.16100
price_median: 9.64400
price_average: 10.29558
price_current: 9.13800
price_unit: Cent/kWh
price_threshold_00: 8.63100
price_threshold_01: 9.13800
price_threshold_02: 9.19200
price_threshold_03: 9.27900
price_threshold_04: 9.29600
price_threshold_05: 9.38200
price_threshold_06: 9.39600
price_threshold_07: 9.46200
price_threshold_08: 9.47500
price_threshold_09: 9.50000
price_threshold_10: 9.60800
price_threshold_11: 9.62900
price_threshold_12: 9.65900
price_threshold_13: 9.87100
price_threshold_14: 10.28800
price_threshold_15: 10.45200
price_threshold_16: 10.52900
price_threshold_17: 11.00000
price_threshold_18: 11.41900
price_threshold_19: 11.70400
price_threshold_20: 12.26700
price_threshold_21: 12.29400
price_threshold_22: 12.46200
price_threshold_23: 13.16100
data_price_hour_rel_-13_amount: 9.50000
data_price_hour_abs_00_amount: 9.50000
data_price_hour_rel_-12_amount: 9.27900
data_price_hour_abs_01_amount: 9.27900
data_price_hour_rel_-11_amount: 9.29600
data_price_hour_abs_02_amount: 9.29600
data_price_hour_rel_-10_amount: 9.46200
data_price_hour_abs_03_amount: 9.46200
data_price_hour_rel_-09_amount: 9.39600
data_price_hour_abs_04_amount: 9.39600
data_price_hour_rel_-08_amount: 9.65900
data_price_hour_abs_05_amount: 9.65900
data_price_hour_rel_-07_amount: 10.52900
data_price_hour_abs_06_amount: 10.52900
data_price_hour_rel_-06_amount: 12.29400
data_price_hour_abs_07_amount: 12.29400
data_price_hour_rel_-05_amount: 13.16100
data_price_hour_abs_08_amount: 13.16100
data_price_hour_rel_-04_amount: 12.26700
data_price_hour_abs_09_amount: 12.26700
data_price_hour_rel_-03_amount: 11.00000
data_price_hour_abs_10_amount: 11.00000
data_price_hour_rel_-02_amount: 9.87100
data_price_hour_abs_11_amount: 9.87100
data_price_hour_rel_-01_amount: 9.19200
data_price_hour_abs_12_amount: 9.19200
data_price_hour_rel_+00_amount: 9.13800
data_price_hour_abs_13_amount: 9.13800
data_price_hour_rel_+01_amount: 9.60800
data_price_hour_abs_14_amount: 9.60800
data_price_hour_rel_+02_amount: 10.28800
data_price_hour_abs_15_amount: 10.28800
data_price_hour_rel_+03_amount: 11.41900
data_price_hour_abs_16_amount: 11.41900
data_price_hour_rel_+04_amount: 12.46200
data_price_hour_abs_17_amount: 12.46200
data_price_hour_rel_+05_amount: 11.70400
data_price_hour_abs_18_amount: 11.70400
data_price_hour_rel_+06_amount: 10.45200
data_price_hour_abs_19_amount: 10.45200
data_price_hour_rel_+07_amount: 9.62900
data_price_hour_abs_20_amount: 9.62900
data_price_hour_rel_+08_amount: 9.47500
data_price_hour_abs_21_amount: 9.47500
data_price_hour_rel_+09_amount: 9.38200
data_price_hour_abs_22_amount: 9.38200
data_price_hour_rel_+10_amount: 8.63100
data_price_hour_abs_23_amount: 8.63100