date_now: 2026-02-26 13:59:21
date_now_epoch: 1772110761710
date_now_day: 26
date_now_month: 2
date_now_year: 2026
date_start: 2026-02-26 00:00:00
date_end: 2026-02-26 23:59:59
price_low: 1.40500
price_high: 11.31000
price_median: 7.61400
price_average: 7.68871
price_current: 1.40500
price_unit: Cent/kWh
price_threshold_00: 1.40500
price_threshold_01: 2.00400
price_threshold_02: 4.46400
price_threshold_03: 5.33500
price_threshold_04: 6.73800
price_threshold_05: 6.78500
price_threshold_06: 6.79300
price_threshold_07: 6.87400
price_threshold_08: 7.13100
price_threshold_09: 7.15800
price_threshold_10: 7.23900
price_threshold_11: 7.58600
price_threshold_12: 7.64200
price_threshold_13: 8.04300
price_threshold_14: 8.04600
price_threshold_15: 8.40800
price_threshold_16: 9.34500
price_threshold_17: 9.47300
price_threshold_18: 9.74500
price_threshold_19: 10.08200
price_threshold_20: 10.79900
price_threshold_21: 11.01000
price_threshold_22: 11.11400
price_threshold_23: 11.31000
data_price_hour_rel_-13_amount: 7.64200
data_price_hour_abs_00_amount: 7.64200
data_price_hour_rel_-12_amount: 7.23900
data_price_hour_abs_01_amount: 7.23900
data_price_hour_rel_-11_amount: 6.87400
data_price_hour_abs_02_amount: 6.87400
data_price_hour_rel_-10_amount: 6.79300
data_price_hour_abs_03_amount: 6.79300
data_price_hour_rel_-09_amount: 6.73800
data_price_hour_abs_04_amount: 6.73800
data_price_hour_rel_-08_amount: 7.58600
data_price_hour_abs_05_amount: 7.58600
data_price_hour_rel_-07_amount: 10.08200
data_price_hour_abs_06_amount: 10.08200
data_price_hour_rel_-06_amount: 11.01000
data_price_hour_abs_07_amount: 11.01000
data_price_hour_rel_-05_amount: 9.74500
data_price_hour_abs_08_amount: 9.74500
data_price_hour_rel_-04_amount: 8.04300
data_price_hour_abs_09_amount: 8.04300
data_price_hour_rel_-03_amount: 6.78500
data_price_hour_abs_10_amount: 6.78500
data_price_hour_rel_-02_amount: 5.33500
data_price_hour_abs_11_amount: 5.33500
data_price_hour_rel_-01_amount: 2.00400
data_price_hour_abs_12_amount: 2.00400
data_price_hour_rel_+00_amount: 1.40500
data_price_hour_abs_13_amount: 1.40500
data_price_hour_rel_+01_amount: 4.46400
data_price_hour_abs_14_amount: 4.46400
data_price_hour_rel_+02_amount: 7.13100
data_price_hour_abs_15_amount: 7.13100
data_price_hour_rel_+03_amount: 9.47300
data_price_hour_abs_16_amount: 9.47300
data_price_hour_rel_+04_amount: 11.11400
data_price_hour_abs_17_amount: 11.11400
data_price_hour_rel_+05_amount: 11.31000
data_price_hour_abs_18_amount: 11.31000
data_price_hour_rel_+06_amount: 10.79900
data_price_hour_abs_19_amount: 10.79900
data_price_hour_rel_+07_amount: 9.34500
data_price_hour_abs_20_amount: 9.34500
data_price_hour_rel_+08_amount: 8.40800
data_price_hour_abs_21_amount: 8.40800
data_price_hour_rel_+09_amount: 8.04600
data_price_hour_abs_22_amount: 8.04600
data_price_hour_rel_+10_amount: 7.15800
data_price_hour_abs_23_amount: 7.15800