date_now: 2026-02-17 13:57:08
date_now_epoch: 1771333028613
date_now_day: 17
date_now_month: 2
date_now_year: 2026
date_start: 2026-02-17 00:00:00
date_end: 2026-02-17 23:59:59
price_low: 8.22900
price_high: 12.69800
price_median: 9.31450
price_average: 9.75813
price_current: 8.22900
price_unit: Cent/kWh
price_threshold_00: 8.22900
price_threshold_01: 8.24200
price_threshold_02: 8.39400
price_threshold_03: 8.47800
price_threshold_04: 8.48200
price_threshold_05: 8.51100
price_threshold_06: 8.56500
price_threshold_07: 8.63800
price_threshold_08: 8.70200
price_threshold_09: 8.88400
price_threshold_10: 8.96100
price_threshold_11: 9.30600
price_threshold_12: 9.32300
price_threshold_13: 9.40800
price_threshold_14: 9.99500
price_threshold_15: 10.24000
price_threshold_16: 10.27200
price_threshold_17: 11.08100
price_threshold_18: 11.08400
price_threshold_19: 11.12300
price_threshold_20: 11.43300
price_threshold_21: 11.48600
price_threshold_22: 12.66000
price_threshold_23: 12.69800
data_price_hour_rel_-13_amount: 8.70200
data_price_hour_abs_00_amount: 8.70200
data_price_hour_rel_-12_amount: 8.51100
data_price_hour_abs_01_amount: 8.51100
data_price_hour_rel_-11_amount: 8.47800
data_price_hour_abs_02_amount: 8.47800
data_price_hour_rel_-10_amount: 8.56500
data_price_hour_abs_03_amount: 8.56500
data_price_hour_rel_-09_amount: 8.48200
data_price_hour_abs_04_amount: 8.48200
data_price_hour_rel_-08_amount: 8.88400
data_price_hour_abs_05_amount: 8.88400
data_price_hour_rel_-07_amount: 10.27200
data_price_hour_abs_06_amount: 10.27200
data_price_hour_rel_-06_amount: 11.43300
data_price_hour_abs_07_amount: 11.43300
data_price_hour_rel_-05_amount: 11.48600
data_price_hour_abs_08_amount: 11.48600
data_price_hour_rel_-04_amount: 11.08400
data_price_hour_abs_09_amount: 11.08400
data_price_hour_rel_-03_amount: 10.24000
data_price_hour_abs_10_amount: 10.24000
data_price_hour_rel_-02_amount: 9.30600
data_price_hour_abs_11_amount: 9.30600
data_price_hour_rel_-01_amount: 8.39400
data_price_hour_abs_12_amount: 8.39400
data_price_hour_rel_+00_amount: 8.22900
data_price_hour_abs_13_amount: 8.22900
data_price_hour_rel_+01_amount: 8.24200
data_price_hour_abs_14_amount: 8.24200
data_price_hour_rel_+02_amount: 8.63800
data_price_hour_abs_15_amount: 8.63800
data_price_hour_rel_+03_amount: 9.40800
data_price_hour_abs_16_amount: 9.40800
data_price_hour_rel_+04_amount: 11.08100
data_price_hour_abs_17_amount: 11.08100
data_price_hour_rel_+05_amount: 12.69800
data_price_hour_abs_18_amount: 12.69800
data_price_hour_rel_+06_amount: 12.66000
data_price_hour_abs_19_amount: 12.66000
data_price_hour_rel_+07_amount: 11.12300
data_price_hour_abs_20_amount: 11.12300
data_price_hour_rel_+08_amount: 9.99500
data_price_hour_abs_21_amount: 9.99500
data_price_hour_rel_+09_amount: 9.32300
data_price_hour_abs_22_amount: 9.32300
data_price_hour_rel_+10_amount: 8.96100
data_price_hour_abs_23_amount: 8.96100