date_now: 2026-01-30 13:48:45
date_now_epoch: 1769777325364
date_now_day: 30
date_now_month: 1
date_now_year: 2026
date_start: 2026-01-30 00:00:00
date_end: 2026-01-30 23:59:59
price_low: 9.27000
price_high: 14.70400
price_median: 11.11000
price_average: 11.36900
price_current: 11.03900
price_unit: Cent/kWh
price_threshold_00: 9.27000
price_threshold_01: 9.62800
price_threshold_02: 9.73000
price_threshold_03: 9.73900
price_threshold_04: 10.08500
price_threshold_05: 10.10900
price_threshold_06: 10.16800
price_threshold_07: 10.33100
price_threshold_08: 10.86000
price_threshold_09: 11.03200
price_threshold_10: 11.03900
price_threshold_11: 11.10700
price_threshold_12: 11.11300
price_threshold_13: 11.12000
price_threshold_14: 11.30900
price_threshold_15: 11.49400
price_threshold_16: 11.82100
price_threshold_17: 12.28900
price_threshold_18: 12.48100
price_threshold_19: 12.61000
price_threshold_20: 13.17800
price_threshold_21: 13.26300
price_threshold_22: 14.37600
price_threshold_23: 14.70400
data_price_hour_rel_-13_amount: 11.10700
data_price_hour_abs_00_amount: 11.10700
data_price_hour_rel_-12_amount: 10.33100
data_price_hour_abs_01_amount: 10.33100
data_price_hour_rel_-11_amount: 10.08500
data_price_hour_abs_02_amount: 10.08500
data_price_hour_rel_-10_amount: 9.73900
data_price_hour_abs_03_amount: 9.73900
data_price_hour_rel_-09_amount: 9.73000
data_price_hour_abs_04_amount: 9.73000
data_price_hour_rel_-08_amount: 9.62800
data_price_hour_abs_05_amount: 9.62800
data_price_hour_rel_-07_amount: 11.11300
data_price_hour_abs_06_amount: 11.11300
data_price_hour_rel_-06_amount: 13.17800
data_price_hour_abs_07_amount: 13.17800
data_price_hour_rel_-05_amount: 14.37600
data_price_hour_abs_08_amount: 14.37600
data_price_hour_rel_-04_amount: 14.70400
data_price_hour_abs_09_amount: 14.70400
data_price_hour_rel_-03_amount: 13.26300
data_price_hour_abs_10_amount: 13.26300
data_price_hour_rel_-02_amount: 12.61000
data_price_hour_abs_11_amount: 12.61000
data_price_hour_rel_-01_amount: 11.82100
data_price_hour_abs_12_amount: 11.82100
data_price_hour_rel_+00_amount: 11.03900
data_price_hour_abs_13_amount: 11.03900
data_price_hour_rel_+01_amount: 11.03200
data_price_hour_abs_14_amount: 11.03200
data_price_hour_rel_+02_amount: 11.12000
data_price_hour_abs_15_amount: 11.12000
data_price_hour_rel_+03_amount: 11.49400
data_price_hour_abs_16_amount: 11.49400
data_price_hour_rel_+04_amount: 12.48100
data_price_hour_abs_17_amount: 12.48100
data_price_hour_rel_+05_amount: 12.28900
data_price_hour_abs_18_amount: 12.28900
data_price_hour_rel_+06_amount: 11.30900
data_price_hour_abs_19_amount: 11.30900
data_price_hour_rel_+07_amount: 10.86000
data_price_hour_abs_20_amount: 10.86000
data_price_hour_rel_+08_amount: 10.16800
data_price_hour_abs_21_amount: 10.16800
data_price_hour_rel_+09_amount: 10.10900
data_price_hour_abs_22_amount: 10.10900
data_price_hour_rel_+10_amount: 9.27000
data_price_hour_abs_23_amount: 9.27000