date_now: 2026-05-18 17:23:12
date_now_epoch: 1779117792594
date_now_day: 18
date_now_month: 5
date_now_year: 2026
date_start: 2026-05-18 00:00:00
date_end: 2026-05-18 23:59:59
price_low: 9.49000
price_high: 25.09000
price_median: 13.17150
price_average: 13.89488
price_current: 13.40700
price_unit: Cent/kWh
price_threshold_00: 9.49000
price_threshold_01: 9.49800
price_threshold_02: 9.67700
price_threshold_03: 10.00500
price_threshold_04: 10.24100
price_threshold_05: 10.78500
price_threshold_06: 11.39700
price_threshold_07: 12.58800
price_threshold_08: 12.59700
price_threshold_09: 12.60000
price_threshold_10: 12.63900
price_threshold_11: 12.93600
price_threshold_12: 13.40700
price_threshold_13: 13.46600
price_threshold_14: 13.70200
price_threshold_15: 14.89000
price_threshold_16: 15.21100
price_threshold_17: 15.21400
price_threshold_18: 15.25200
price_threshold_19: 16.00800
price_threshold_20: 16.06500
price_threshold_21: 19.28500
price_threshold_22: 21.43400
price_threshold_23: 25.09000
data_price_hour_rel_-17_amount: 13.46600
data_price_hour_abs_00_amount: 13.46600
data_price_hour_rel_-16_amount: 12.59700
data_price_hour_abs_01_amount: 12.59700
data_price_hour_rel_-15_amount: 12.60000
data_price_hour_abs_02_amount: 12.60000
data_price_hour_rel_-14_amount: 12.63900
data_price_hour_abs_03_amount: 12.63900
data_price_hour_rel_-13_amount: 12.93600
data_price_hour_abs_04_amount: 12.93600
data_price_hour_rel_-12_amount: 13.70200
data_price_hour_abs_05_amount: 13.70200
data_price_hour_rel_-11_amount: 15.25200
data_price_hour_abs_06_amount: 15.25200
data_price_hour_rel_-10_amount: 16.00800
data_price_hour_abs_07_amount: 16.00800
data_price_hour_rel_-09_amount: 15.21100
data_price_hour_abs_08_amount: 15.21100
data_price_hour_rel_-08_amount: 12.58800
data_price_hour_abs_09_amount: 12.58800
data_price_hour_rel_-07_amount: 10.78500
data_price_hour_abs_10_amount: 10.78500
data_price_hour_rel_-06_amount: 10.00500
data_price_hour_abs_11_amount: 10.00500
data_price_hour_rel_-05_amount: 9.49000
data_price_hour_abs_12_amount: 9.49000
data_price_hour_rel_-04_amount: 9.49800
data_price_hour_abs_13_amount: 9.49800
data_price_hour_rel_-03_amount: 9.67700
data_price_hour_abs_14_amount: 9.67700
data_price_hour_rel_-02_amount: 10.24100
data_price_hour_abs_15_amount: 10.24100
data_price_hour_rel_-01_amount: 11.39700
data_price_hour_abs_16_amount: 11.39700
data_price_hour_rel_+00_amount: 13.40700
data_price_hour_abs_17_amount: 13.40700
data_price_hour_rel_+01_amount: 15.21400
data_price_hour_abs_18_amount: 15.21400
data_price_hour_rel_+02_amount: 19.28500
data_price_hour_abs_19_amount: 19.28500
data_price_hour_rel_+03_amount: 25.09000
data_price_hour_abs_20_amount: 25.09000
data_price_hour_rel_+04_amount: 21.43400
data_price_hour_abs_21_amount: 21.43400
data_price_hour_rel_+05_amount: 16.06500
data_price_hour_abs_22_amount: 16.06500
data_price_hour_rel_+06_amount: 14.89000
data_price_hour_abs_23_amount: 14.89000