date_now: 2026-01-04 13:35:09
date_now_epoch: 1767530109023
date_now_day: 4
date_now_month: 1
date_now_year: 2026
date_start: 2026-01-04 00:00:00
date_end: 2026-01-04 23:59:59
price_low: 8.25600
price_high: 12.11800
price_median: 9.02100
price_average: 9.44371
price_current: 8.67800
price_unit: Cent/kWh
price_threshold_00: 8.25600
price_threshold_01: 8.34100
price_threshold_02: 8.37400
price_threshold_03: 8.38000
price_threshold_04: 8.50400
price_threshold_05: 8.53300
price_threshold_06: 8.64800
price_threshold_07: 8.67800
price_threshold_08: 8.81200
price_threshold_09: 8.88200
price_threshold_10: 8.92100
price_threshold_11: 8.95400
price_threshold_12: 9.08800
price_threshold_13: 9.26800
price_threshold_14: 9.32000
price_threshold_15: 9.43000
price_threshold_16: 9.47600
price_threshold_17: 9.57700
price_threshold_18: 9.97000
price_threshold_19: 10.05900
price_threshold_20: 11.24500
price_threshold_21: 11.84300
price_threshold_22: 11.97200
price_threshold_23: 12.11800
data_price_hour_rel_-13_amount: 8.88200
data_price_hour_abs_00_amount: 8.88200
data_price_hour_rel_-12_amount: 8.53300
data_price_hour_abs_01_amount: 8.53300
data_price_hour_rel_-11_amount: 8.50400
data_price_hour_abs_02_amount: 8.50400
data_price_hour_rel_-10_amount: 8.37400
data_price_hour_abs_03_amount: 8.37400
data_price_hour_rel_-09_amount: 8.25600
data_price_hour_abs_04_amount: 8.25600
data_price_hour_rel_-08_amount: 8.34100
data_price_hour_abs_05_amount: 8.34100
data_price_hour_rel_-07_amount: 8.38000
data_price_hour_abs_06_amount: 8.38000
data_price_hour_rel_-06_amount: 8.64800
data_price_hour_abs_07_amount: 8.64800
data_price_hour_rel_-05_amount: 8.81200
data_price_hour_abs_08_amount: 8.81200
data_price_hour_rel_-04_amount: 9.43000
data_price_hour_abs_09_amount: 9.43000
data_price_hour_rel_-03_amount: 9.47600
data_price_hour_abs_10_amount: 9.47600
data_price_hour_rel_-02_amount: 9.08800
data_price_hour_abs_11_amount: 9.08800
data_price_hour_rel_-01_amount: 8.95400
data_price_hour_abs_12_amount: 8.95400
data_price_hour_rel_+00_amount: 8.67800
data_price_hour_abs_13_amount: 8.67800
data_price_hour_rel_+01_amount: 9.26800
data_price_hour_abs_14_amount: 9.26800
data_price_hour_rel_+02_amount: 9.32000
data_price_hour_abs_15_amount: 9.32000
data_price_hour_rel_+03_amount: 10.05900
data_price_hour_abs_16_amount: 10.05900
data_price_hour_rel_+04_amount: 11.84300
data_price_hour_abs_17_amount: 11.84300
data_price_hour_rel_+05_amount: 12.11800
data_price_hour_abs_18_amount: 12.11800
data_price_hour_rel_+06_amount: 11.97200
data_price_hour_abs_19_amount: 11.97200
data_price_hour_rel_+07_amount: 11.24500
data_price_hour_abs_20_amount: 11.24500
data_price_hour_rel_+08_amount: 9.97000
data_price_hour_abs_21_amount: 9.97000
data_price_hour_rel_+09_amount: 9.57700
data_price_hour_abs_22_amount: 9.57700
data_price_hour_rel_+10_amount: 8.92100
data_price_hour_abs_23_amount: 8.92100