date_now: 2026-02-07 13:40:55
date_now_epoch: 1770468055698
date_now_day: 7
date_now_month: 2
date_now_year: 2026
date_start: 2026-02-07 00:00:00
date_end: 2026-02-07 23:59:59
price_low: 9.64000
price_high: 13.53300
price_median: 10.42300
price_average: 10.75167
price_current: 9.73900
price_unit: Cent/kWh
price_threshold_00: 9.64000
price_threshold_01: 9.67300
price_threshold_02: 9.68900
price_threshold_03: 9.71000
price_threshold_04: 9.73900
price_threshold_05: 9.80400
price_threshold_06: 9.87600
price_threshold_07: 9.99300
price_threshold_08: 10.00000
price_threshold_09: 10.01200
price_threshold_10: 10.14900
price_threshold_11: 10.40700
price_threshold_12: 10.43900
price_threshold_13: 10.45300
price_threshold_14: 10.55500
price_threshold_15: 10.63300
price_threshold_16: 11.00600
price_threshold_17: 11.34000
price_threshold_18: 11.40800
price_threshold_19: 11.79800
price_threshold_20: 12.02900
price_threshold_21: 12.75000
price_threshold_22: 13.40400
price_threshold_23: 13.53300
data_price_hour_rel_-13_amount: 10.14900
data_price_hour_abs_00_amount: 10.14900
data_price_hour_rel_-12_amount: 10.00000
data_price_hour_abs_01_amount: 10.00000
data_price_hour_rel_-11_amount: 9.80400
data_price_hour_abs_02_amount: 9.80400
data_price_hour_rel_-10_amount: 9.68900
data_price_hour_abs_03_amount: 9.68900
data_price_hour_rel_-09_amount: 9.64000
data_price_hour_abs_04_amount: 9.64000
data_price_hour_rel_-08_amount: 9.67300
data_price_hour_abs_05_amount: 9.67300
data_price_hour_rel_-07_amount: 9.71000
data_price_hour_abs_06_amount: 9.71000
data_price_hour_rel_-06_amount: 10.55500
data_price_hour_abs_07_amount: 10.55500
data_price_hour_rel_-05_amount: 11.40800
data_price_hour_abs_08_amount: 11.40800
data_price_hour_rel_-04_amount: 11.79800
data_price_hour_abs_09_amount: 11.79800
data_price_hour_rel_-03_amount: 11.00600
data_price_hour_abs_10_amount: 11.00600
data_price_hour_rel_-02_amount: 10.45300
data_price_hour_abs_11_amount: 10.45300
data_price_hour_rel_-01_amount: 10.01200
data_price_hour_abs_12_amount: 10.01200
data_price_hour_rel_+00_amount: 9.73900
data_price_hour_abs_13_amount: 9.73900
data_price_hour_rel_+01_amount: 9.99300
data_price_hour_abs_14_amount: 9.99300
data_price_hour_rel_+02_amount: 10.63300
data_price_hour_abs_15_amount: 10.63300
data_price_hour_rel_+03_amount: 12.02900
data_price_hour_abs_16_amount: 12.02900
data_price_hour_rel_+04_amount: 13.40400
data_price_hour_abs_17_amount: 13.40400
data_price_hour_rel_+05_amount: 13.53300
data_price_hour_abs_18_amount: 13.53300
data_price_hour_rel_+06_amount: 12.75000
data_price_hour_abs_19_amount: 12.75000
data_price_hour_rel_+07_amount: 11.34000
data_price_hour_abs_20_amount: 11.34000
data_price_hour_rel_+08_amount: 10.43900
data_price_hour_abs_21_amount: 10.43900
data_price_hour_rel_+09_amount: 10.40700
data_price_hour_abs_22_amount: 10.40700
data_price_hour_rel_+10_amount: 9.87600
data_price_hour_abs_23_amount: 9.87600