date_now: 2026-06-12 16:51:05
date_now_epoch: 1781275865187
date_now_day: 12
date_now_month: 6
date_now_year: 2026
date_start: 2026-06-12 00:00:00
date_end: 2026-06-12 23:59:59
price_low: 5.60500
price_high: 12.73400
price_median: 10.14550
price_average: 9.74625
price_current: 6.82700
price_unit: Cent/kWh
price_threshold_00: 5.60500
price_threshold_01: 6.03700
price_threshold_02: 6.82700
price_threshold_03: 7.01300
price_threshold_04: 7.88700
price_threshold_05: 8.10100
price_threshold_06: 9.05100
price_threshold_07: 9.20500
price_threshold_08: 9.30500
price_threshold_09: 9.45100
price_threshold_10: 9.60800
price_threshold_11: 10.09000
price_threshold_12: 10.20100
price_threshold_13: 10.21000
price_threshold_14: 10.36500
price_threshold_15: 10.98100
price_threshold_16: 11.06700
price_threshold_17: 11.11200
price_threshold_18: 11.58700
price_threshold_19: 11.69000
price_threshold_20: 11.74100
price_threshold_21: 11.77600
price_threshold_22: 12.26600
price_threshold_23: 12.73400
data_price_hour_rel_-16_amount: 11.69000
data_price_hour_abs_00_amount: 11.69000
data_price_hour_rel_-15_amount: 10.20100
data_price_hour_abs_01_amount: 10.20100
data_price_hour_rel_-14_amount: 9.45100
data_price_hour_abs_02_amount: 9.45100
data_price_hour_rel_-13_amount: 9.20500
data_price_hour_abs_03_amount: 9.20500
data_price_hour_rel_-12_amount: 9.30500
data_price_hour_abs_04_amount: 9.30500
data_price_hour_rel_-11_amount: 9.60800
data_price_hour_abs_05_amount: 9.60800
data_price_hour_rel_-10_amount: 11.77600
data_price_hour_abs_06_amount: 11.77600
data_price_hour_rel_-09_amount: 12.26600
data_price_hour_abs_07_amount: 12.26600
data_price_hour_rel_-08_amount: 12.73400
data_price_hour_abs_08_amount: 12.73400
data_price_hour_rel_-07_amount: 11.74100
data_price_hour_abs_09_amount: 11.74100
data_price_hour_rel_-06_amount: 10.21000
data_price_hour_abs_10_amount: 10.21000
data_price_hour_rel_-05_amount: 9.05100
data_price_hour_abs_11_amount: 9.05100
data_price_hour_rel_-04_amount: 8.10100
data_price_hour_abs_12_amount: 8.10100
data_price_hour_rel_-03_amount: 7.01300
data_price_hour_abs_13_amount: 7.01300
data_price_hour_rel_-02_amount: 6.03700
data_price_hour_abs_14_amount: 6.03700
data_price_hour_rel_-01_amount: 5.60500
data_price_hour_abs_15_amount: 5.60500
data_price_hour_rel_+00_amount: 6.82700
data_price_hour_abs_16_amount: 6.82700
data_price_hour_rel_+01_amount: 7.88700
data_price_hour_abs_17_amount: 7.88700
data_price_hour_rel_+02_amount: 10.36500
data_price_hour_abs_18_amount: 10.36500
data_price_hour_rel_+03_amount: 11.58700
data_price_hour_abs_19_amount: 11.58700
data_price_hour_rel_+04_amount: 11.06700
data_price_hour_abs_20_amount: 11.06700
data_price_hour_rel_+05_amount: 10.98100
data_price_hour_abs_21_amount: 10.98100
data_price_hour_rel_+06_amount: 11.11200
data_price_hour_abs_22_amount: 11.11200
data_price_hour_rel_+07_amount: 10.09000
data_price_hour_abs_23_amount: 10.09000