date_now: 2026-06-06 15:25:17
date_now_epoch: 1780752317345
date_now_day: 6
date_now_month: 6
date_now_year: 2026
date_start: 2026-06-06 00:00:00
date_end: 2026-06-06 23:59:59
price_low: -0.00300
price_high: 15.24300
price_median: 11.69300
price_average: 8.84217
price_current: 0.95100
price_unit: Cent/kWh
price_threshold_00: -0.00300
price_threshold_01: -0.00300
price_threshold_02: 0.00200
price_threshold_03: 0.00300
price_threshold_04: 0.95100
price_threshold_05: 1.47400
price_threshold_06: 4.61100
price_threshold_07: 5.00000
price_threshold_08: 8.10200
price_threshold_09: 9.32800
price_threshold_10: 10.23200
price_threshold_11: 11.61700
price_threshold_12: 11.76900
price_threshold_13: 12.15400
price_threshold_14: 12.17900
price_threshold_15: 12.60400
price_threshold_16: 13.01800
price_threshold_17: 13.38500
price_threshold_18: 13.43300
price_threshold_19: 13.47900
price_threshold_20: 13.71800
price_threshold_21: 14.82400
price_threshold_22: 15.09200
price_threshold_23: 15.24300
data_price_hour_rel_-15_amount: 14.82400
data_price_hour_abs_00_amount: 14.82400
data_price_hour_rel_-14_amount: 13.71800
data_price_hour_abs_01_amount: 13.71800
data_price_hour_rel_-13_amount: 13.47900
data_price_hour_abs_02_amount: 13.47900
data_price_hour_rel_-12_amount: 11.61700
data_price_hour_abs_03_amount: 11.61700
data_price_hour_rel_-11_amount: 13.01800
data_price_hour_abs_04_amount: 13.01800
data_price_hour_rel_-10_amount: 12.60400
data_price_hour_abs_05_amount: 12.60400
data_price_hour_rel_-09_amount: 11.76900
data_price_hour_abs_06_amount: 11.76900
data_price_hour_rel_-08_amount: 10.23200
data_price_hour_abs_07_amount: 10.23200
data_price_hour_rel_-07_amount: 8.10200
data_price_hour_abs_08_amount: 8.10200
data_price_hour_rel_-06_amount: 5.00000
data_price_hour_abs_09_amount: 5.00000
data_price_hour_rel_-05_amount: 1.47400
data_price_hour_abs_10_amount: 1.47400
data_price_hour_rel_-04_amount: 0.00300
data_price_hour_abs_11_amount: 0.00300
data_price_hour_rel_-03_amount: -0.00300
data_price_hour_abs_12_amount: -0.00300
data_price_hour_rel_-02_amount: -0.00300
data_price_hour_abs_13_amount: -0.00300
data_price_hour_rel_-01_amount: 0.00200
data_price_hour_abs_14_amount: 0.00200
data_price_hour_rel_+00_amount: 0.95100
data_price_hour_abs_15_amount: 0.95100
data_price_hour_rel_+01_amount: 4.61100
data_price_hour_abs_16_amount: 4.61100
data_price_hour_rel_+02_amount: 9.32800
data_price_hour_abs_17_amount: 9.32800
data_price_hour_rel_+03_amount: 12.17900
data_price_hour_abs_18_amount: 12.17900
data_price_hour_rel_+04_amount: 13.38500
data_price_hour_abs_19_amount: 13.38500
data_price_hour_rel_+05_amount: 15.24300
data_price_hour_abs_20_amount: 15.24300
data_price_hour_rel_+06_amount: 15.09200
data_price_hour_abs_21_amount: 15.09200
data_price_hour_rel_+07_amount: 13.43300
data_price_hour_abs_22_amount: 13.43300
data_price_hour_rel_+08_amount: 12.15400
data_price_hour_abs_23_amount: 12.15400