date_now: 2026-05-21 16:58:41
date_now_epoch: 1779375521619
date_now_day: 21
date_now_month: 5
date_now_year: 2026
date_start: 2026-05-21 00:00:00
date_end: 2026-05-21 23:59:59
price_low: 0.73700
price_high: 20.47000
price_median: 11.88400
price_average: 10.91513
price_current: 7.17100
price_unit: Cent/kWh
price_threshold_00: 0.73700
price_threshold_01: 0.88100
price_threshold_02: 1.21400
price_threshold_03: 3.52000
price_threshold_04: 4.27500
price_threshold_05: 7.17100
price_threshold_06: 8.12000
price_threshold_07: 10.41400
price_threshold_08: 10.50000
price_threshold_09: 11.35500
price_threshold_10: 11.60100
price_threshold_11: 11.60200
price_threshold_12: 12.16600
price_threshold_13: 12.84100
price_threshold_14: 13.13900
price_threshold_15: 13.30300
price_threshold_16: 13.58900
price_threshold_17: 14.28200
price_threshold_18: 14.36200
price_threshold_19: 14.63900
price_threshold_20: 16.33600
price_threshold_21: 16.60400
price_threshold_22: 18.84200
price_threshold_23: 20.47000
data_price_hour_rel_-16_amount: 13.30300
data_price_hour_abs_00_amount: 13.30300
data_price_hour_rel_-15_amount: 12.16600
data_price_hour_abs_01_amount: 12.16600
data_price_hour_rel_-14_amount: 11.60200
data_price_hour_abs_02_amount: 11.60200
data_price_hour_rel_-13_amount: 11.35500
data_price_hour_abs_03_amount: 11.35500
data_price_hour_rel_-12_amount: 11.60100
data_price_hour_abs_04_amount: 11.60100
data_price_hour_rel_-11_amount: 12.84100
data_price_hour_abs_05_amount: 12.84100
data_price_hour_rel_-10_amount: 14.28200
data_price_hour_abs_06_amount: 14.28200
data_price_hour_rel_-09_amount: 14.36200
data_price_hour_abs_07_amount: 14.36200
data_price_hour_rel_-08_amount: 13.13900
data_price_hour_abs_08_amount: 13.13900
data_price_hour_rel_-07_amount: 10.41400
data_price_hour_abs_09_amount: 10.41400
data_price_hour_rel_-06_amount: 8.12000
data_price_hour_abs_10_amount: 8.12000
data_price_hour_rel_-05_amount: 4.27500
data_price_hour_abs_11_amount: 4.27500
data_price_hour_rel_-04_amount: 1.21400
data_price_hour_abs_12_amount: 1.21400
data_price_hour_rel_-03_amount: 0.73700
data_price_hour_abs_13_amount: 0.73700
data_price_hour_rel_-02_amount: 0.88100
data_price_hour_abs_14_amount: 0.88100
data_price_hour_rel_-01_amount: 3.52000
data_price_hour_abs_15_amount: 3.52000
data_price_hour_rel_+00_amount: 7.17100
data_price_hour_abs_16_amount: 7.17100
data_price_hour_rel_+01_amount: 10.50000
data_price_hour_abs_17_amount: 10.50000
data_price_hour_rel_+02_amount: 13.58900
data_price_hour_abs_18_amount: 13.58900
data_price_hour_rel_+03_amount: 16.33600
data_price_hour_abs_19_amount: 16.33600
data_price_hour_rel_+04_amount: 20.47000
data_price_hour_abs_20_amount: 20.47000
data_price_hour_rel_+05_amount: 18.84200
data_price_hour_abs_21_amount: 18.84200
data_price_hour_rel_+06_amount: 16.60400
data_price_hour_abs_22_amount: 16.60400
data_price_hour_rel_+07_amount: 14.63900
data_price_hour_abs_23_amount: 14.63900