date_now: 2026-05-23 15:18:22
date_now_epoch: 1779542302418
date_now_day: 23
date_now_month: 5
date_now_year: 2026
date_start: 2026-05-23 00:00:00
date_end: 2026-05-23 23:59:59
price_low: -3.18200
price_high: 17.45200
price_median: 11.78150
price_average: 7.97829
price_current: -0.40000
price_unit: Cent/kWh
price_threshold_00: -3.18200
price_threshold_01: -1.84200
price_threshold_02: -1.23900
price_threshold_03: -0.40000
price_threshold_04: -0.39000
price_threshold_05: -0.03300
price_threshold_06: -0.02900
price_threshold_07: 0.16000
price_threshold_08: 4.44500
price_threshold_09: 4.98600
price_threshold_10: 9.70900
price_threshold_11: 11.63700
price_threshold_12: 11.92600
price_threshold_13: 12.07600
price_threshold_14: 12.17300
price_threshold_15: 12.53700
price_threshold_16: 12.58700
price_threshold_17: 13.00000
price_threshold_18: 13.67600
price_threshold_19: 14.46500
price_threshold_20: 14.96600
price_threshold_21: 15.69200
price_threshold_22: 17.10700
price_threshold_23: 17.45200
data_price_hour_rel_-15_amount: 13.67600
data_price_hour_abs_00_amount: 13.67600
data_price_hour_rel_-14_amount: 13.00000
data_price_hour_abs_01_amount: 13.00000
data_price_hour_rel_-13_amount: 12.58700
data_price_hour_abs_02_amount: 12.58700
data_price_hour_rel_-12_amount: 12.53700
data_price_hour_abs_03_amount: 12.53700
data_price_hour_rel_-11_amount: 12.17300
data_price_hour_abs_04_amount: 12.17300
data_price_hour_rel_-10_amount: 11.92600
data_price_hour_abs_05_amount: 11.92600
data_price_hour_rel_-09_amount: 11.63700
data_price_hour_abs_06_amount: 11.63700
data_price_hour_rel_-08_amount: 9.70900
data_price_hour_abs_07_amount: 9.70900
data_price_hour_rel_-07_amount: 4.98600
data_price_hour_abs_08_amount: 4.98600
data_price_hour_rel_-06_amount: 0.16000
data_price_hour_abs_09_amount: 0.16000
data_price_hour_rel_-05_amount: -0.03300
data_price_hour_abs_10_amount: -0.03300
data_price_hour_rel_-04_amount: -0.39000
data_price_hour_abs_11_amount: -0.39000
data_price_hour_rel_-03_amount: -1.23900
data_price_hour_abs_12_amount: -1.23900
data_price_hour_rel_-02_amount: -3.18200
data_price_hour_abs_13_amount: -3.18200
data_price_hour_rel_-01_amount: -1.84200
data_price_hour_abs_14_amount: -1.84200
data_price_hour_rel_+00_amount: -0.40000
data_price_hour_abs_15_amount: -0.40000
data_price_hour_rel_+01_amount: -0.02900
data_price_hour_abs_16_amount: -0.02900
data_price_hour_rel_+02_amount: 4.44500
data_price_hour_abs_17_amount: 4.44500
data_price_hour_rel_+03_amount: 12.07600
data_price_hour_abs_18_amount: 12.07600
data_price_hour_rel_+04_amount: 14.96600
data_price_hour_abs_19_amount: 14.96600
data_price_hour_rel_+05_amount: 17.45200
data_price_hour_abs_20_amount: 17.45200
data_price_hour_rel_+06_amount: 17.10700
data_price_hour_abs_21_amount: 17.10700
data_price_hour_rel_+07_amount: 15.69200
data_price_hour_abs_22_amount: 15.69200
data_price_hour_rel_+08_amount: 14.46500
data_price_hour_abs_23_amount: 14.46500