date_now: 2026-05-19 16:53:32
date_now_epoch: 1779202412196
date_now_day: 19
date_now_month: 5
date_now_year: 2026
date_start: 2026-05-19 00:00:00
date_end: 2026-05-19 23:59:59
price_low: 7.31500
price_high: 18.09000
price_median: 13.89300
price_average: 12.81192
price_current: 10.22500
price_unit: Cent/kWh
price_threshold_00: 7.31500
price_threshold_01: 7.37400
price_threshold_02: 7.98100
price_threshold_03: 8.20900
price_threshold_04: 8.75700
price_threshold_05: 9.42700
price_threshold_06: 10.22500
price_threshold_07: 10.87400
price_threshold_08: 12.72900
price_threshold_09: 13.18000
price_threshold_10: 13.18600
price_threshold_11: 13.85400
price_threshold_12: 13.93200
price_threshold_13: 14.15700
price_threshold_14: 14.19400
price_threshold_15: 14.49500
price_threshold_16: 14.55500
price_threshold_17: 14.69200
price_threshold_18: 14.82500
price_threshold_19: 15.37700
price_threshold_20: 16.36300
price_threshold_21: 16.44600
price_threshold_22: 17.24900
price_threshold_23: 18.09000
data_price_hour_rel_-16_amount: 14.82500
data_price_hour_abs_00_amount: 14.82500
data_price_hour_rel_-15_amount: 14.19400
data_price_hour_abs_01_amount: 14.19400
data_price_hour_rel_-14_amount: 13.93200
data_price_hour_abs_02_amount: 13.93200
data_price_hour_rel_-13_amount: 13.85400
data_price_hour_abs_03_amount: 13.85400
data_price_hour_rel_-12_amount: 14.15700
data_price_hour_abs_04_amount: 14.15700
data_price_hour_rel_-11_amount: 14.69200
data_price_hour_abs_05_amount: 14.69200
data_price_hour_rel_-10_amount: 16.44600
data_price_hour_abs_06_amount: 16.44600
data_price_hour_rel_-09_amount: 15.37700
data_price_hour_abs_07_amount: 15.37700
data_price_hour_rel_-08_amount: 13.18600
data_price_hour_abs_08_amount: 13.18600
data_price_hour_rel_-07_amount: 10.87400
data_price_hour_abs_09_amount: 10.87400
data_price_hour_rel_-06_amount: 9.42700
data_price_hour_abs_10_amount: 9.42700
data_price_hour_rel_-05_amount: 8.20900
data_price_hour_abs_11_amount: 8.20900
data_price_hour_rel_-04_amount: 7.31500
data_price_hour_abs_12_amount: 7.31500
data_price_hour_rel_-03_amount: 7.37400
data_price_hour_abs_13_amount: 7.37400
data_price_hour_rel_-02_amount: 7.98100
data_price_hour_abs_14_amount: 7.98100
data_price_hour_rel_-01_amount: 8.75700
data_price_hour_abs_15_amount: 8.75700
data_price_hour_rel_+00_amount: 10.22500
data_price_hour_abs_16_amount: 10.22500
data_price_hour_rel_+01_amount: 12.72900
data_price_hour_abs_17_amount: 12.72900
data_price_hour_rel_+02_amount: 14.49500
data_price_hour_abs_18_amount: 14.49500
data_price_hour_rel_+03_amount: 17.24900
data_price_hour_abs_19_amount: 17.24900
data_price_hour_rel_+04_amount: 18.09000
data_price_hour_abs_20_amount: 18.09000
data_price_hour_rel_+05_amount: 16.36300
data_price_hour_abs_21_amount: 16.36300
data_price_hour_rel_+06_amount: 14.55500
data_price_hour_abs_22_amount: 14.55500
data_price_hour_rel_+07_amount: 13.18000
data_price_hour_abs_23_amount: 13.18000