date_now: 2026-03-04 13:50:54
date_now_epoch: 1772628654338
date_now_day: 4
date_now_month: 3
date_now_year: 2026
date_start: 2026-03-04 00:00:00
date_end: 2026-03-04 23:59:59
price_low: 3.29800
price_high: 31.08600
price_median: 13.31100
price_average: 14.74013
price_current: 3.29800
price_unit: Cent/kWh
price_threshold_00: 3.29800
price_threshold_01: 4.25000
price_threshold_02: 6.54100
price_threshold_03: 7.83000
price_threshold_04: 9.91100
price_threshold_05: 11.04200
price_threshold_06: 12.47400
price_threshold_07: 12.48100
price_threshold_08: 12.53200
price_threshold_09: 12.78200
price_threshold_10: 12.82000
price_threshold_11: 12.90100
price_threshold_12: 13.72100
price_threshold_13: 14.11600
price_threshold_14: 14.22400
price_threshold_15: 15.07600
price_threshold_16: 15.18800
price_threshold_17: 16.98600
price_threshold_18: 19.33500
price_threshold_19: 20.03000
price_threshold_20: 23.96300
price_threshold_21: 24.42700
price_threshold_22: 26.74900
price_threshold_23: 31.08600
data_price_hour_rel_-13_amount: 12.90100
data_price_hour_abs_00_amount: 12.90100
data_price_hour_rel_-12_amount: 12.78200
data_price_hour_abs_01_amount: 12.78200
data_price_hour_rel_-11_amount: 12.53200
data_price_hour_abs_02_amount: 12.53200
data_price_hour_rel_-10_amount: 12.47400
data_price_hour_abs_03_amount: 12.47400
data_price_hour_rel_-09_amount: 12.82000
data_price_hour_abs_04_amount: 12.82000
data_price_hour_rel_-08_amount: 14.11600
data_price_hour_abs_05_amount: 14.11600
data_price_hour_rel_-07_amount: 20.03000
data_price_hour_abs_06_amount: 20.03000
data_price_hour_rel_-06_amount: 26.74900
data_price_hour_abs_07_amount: 26.74900
data_price_hour_rel_-05_amount: 19.33500
data_price_hour_abs_08_amount: 19.33500
data_price_hour_rel_-04_amount: 15.07600
data_price_hour_abs_09_amount: 15.07600
data_price_hour_rel_-03_amount: 11.04200
data_price_hour_abs_10_amount: 11.04200
data_price_hour_rel_-02_amount: 7.83000
data_price_hour_abs_11_amount: 7.83000
data_price_hour_rel_-01_amount: 4.25000
data_price_hour_abs_12_amount: 4.25000
data_price_hour_rel_+00_amount: 3.29800
data_price_hour_abs_13_amount: 3.29800
data_price_hour_rel_+01_amount: 6.54100
data_price_hour_abs_14_amount: 6.54100
data_price_hour_rel_+02_amount: 9.91100
data_price_hour_abs_15_amount: 9.91100
data_price_hour_rel_+03_amount: 13.72100
data_price_hour_abs_16_amount: 13.72100
data_price_hour_rel_+04_amount: 24.42700
data_price_hour_abs_17_amount: 24.42700
data_price_hour_rel_+05_amount: 31.08600
data_price_hour_abs_18_amount: 31.08600
data_price_hour_rel_+06_amount: 23.96300
data_price_hour_abs_19_amount: 23.96300
data_price_hour_rel_+07_amount: 16.98600
data_price_hour_abs_20_amount: 16.98600
data_price_hour_rel_+08_amount: 15.18800
data_price_hour_abs_21_amount: 15.18800
data_price_hour_rel_+09_amount: 14.22400
data_price_hour_abs_22_amount: 14.22400
data_price_hour_rel_+10_amount: 12.48100
data_price_hour_abs_23_amount: 12.48100