date_now: 2026-01-11 13:35:32
date_now_epoch: 1768134932748
date_now_day: 11
date_now_month: 1
date_now_year: 2026
date_start: 2026-01-11 00:00:00
date_end: 2026-01-11 23:59:59
price_low: 8.16000
price_high: 11.62500
price_median: 9.62800
price_average: 9.57771
price_current: 9.65200
price_unit: Cent/kWh
price_threshold_00: 8.16000
price_threshold_01: 8.22600
price_threshold_02: 8.26800
price_threshold_03: 8.42600
price_threshold_04: 8.48600
price_threshold_05: 8.52300
price_threshold_06: 8.80400
price_threshold_07: 9.20600
price_threshold_08: 9.27500
price_threshold_09: 9.30200
price_threshold_10: 9.50100
price_threshold_11: 9.60400
price_threshold_12: 9.65200
price_threshold_13: 9.69000
price_threshold_14: 9.70900
price_threshold_15: 9.88800
price_threshold_16: 9.99200
price_threshold_17: 10.06800
price_threshold_18: 10.12800
price_threshold_19: 10.31000
price_threshold_20: 10.62100
price_threshold_21: 11.17600
price_threshold_22: 11.22500
price_threshold_23: 11.62500
data_price_hour_rel_-13_amount: 9.69000
data_price_hour_abs_00_amount: 9.69000
data_price_hour_rel_-12_amount: 9.27500
data_price_hour_abs_01_amount: 9.27500
data_price_hour_rel_-11_amount: 8.80400
data_price_hour_abs_02_amount: 8.80400
data_price_hour_rel_-10_amount: 8.48600
data_price_hour_abs_03_amount: 8.48600
data_price_hour_rel_-09_amount: 8.26800
data_price_hour_abs_04_amount: 8.26800
data_price_hour_rel_-08_amount: 8.22600
data_price_hour_abs_05_amount: 8.22600
data_price_hour_rel_-07_amount: 8.16000
data_price_hour_abs_06_amount: 8.16000
data_price_hour_rel_-06_amount: 8.42600
data_price_hour_abs_07_amount: 8.42600
data_price_hour_rel_-05_amount: 9.20600
data_price_hour_abs_08_amount: 9.20600
data_price_hour_rel_-04_amount: 10.31000
data_price_hour_abs_09_amount: 10.31000
data_price_hour_rel_-03_amount: 10.06800
data_price_hour_abs_10_amount: 10.06800
data_price_hour_rel_-02_amount: 9.99200
data_price_hour_abs_11_amount: 9.99200
data_price_hour_rel_-01_amount: 9.70900
data_price_hour_abs_12_amount: 9.70900
data_price_hour_rel_+00_amount: 9.65200
data_price_hour_abs_13_amount: 9.65200
data_price_hour_rel_+01_amount: 9.88800
data_price_hour_abs_14_amount: 9.88800
data_price_hour_rel_+02_amount: 10.12800
data_price_hour_abs_15_amount: 10.12800
data_price_hour_rel_+03_amount: 11.17600
data_price_hour_abs_16_amount: 11.17600
data_price_hour_rel_+04_amount: 11.62500
data_price_hour_abs_17_amount: 11.62500
data_price_hour_rel_+05_amount: 11.22500
data_price_hour_abs_18_amount: 11.22500
data_price_hour_rel_+06_amount: 10.62100
data_price_hour_abs_19_amount: 10.62100
data_price_hour_rel_+07_amount: 9.60400
data_price_hour_abs_20_amount: 9.60400
data_price_hour_rel_+08_amount: 9.50100
data_price_hour_abs_21_amount: 9.50100
data_price_hour_rel_+09_amount: 9.30200
data_price_hour_abs_22_amount: 9.30200
data_price_hour_rel_+10_amount: 8.52300
data_price_hour_abs_23_amount: 8.52300