date_now: 2026-03-31 15:11:41
date_now_epoch: 1774962701180
date_now_day: 31
date_now_month: 3
date_now_year: 2026
date_start: 2026-03-31 00:00:00
date_end: 2026-03-31 23:59:59
price_low: 5.34900
price_high: 17.60100
price_median: 10.86450
price_average: 11.78300
price_current: 6.30500
price_unit: Cent/kWh
price_threshold_00: 5.34900
price_threshold_01: 5.52300
price_threshold_02: 6.30500
price_threshold_03: 7.86700
price_threshold_04: 8.22200
price_threshold_05: 8.73500
price_threshold_06: 10.05400
price_threshold_07: 10.12600
price_threshold_08: 10.16800
price_threshold_09: 10.26800
price_threshold_10: 10.42600
price_threshold_11: 10.80400
price_threshold_12: 10.92500
price_threshold_13: 11.09700
price_threshold_14: 13.55600
price_threshold_15: 13.72000
price_threshold_16: 14.84800
price_threshold_17: 15.10000
price_threshold_18: 15.21300
price_threshold_19: 15.83300
price_threshold_20: 16.37900
price_threshold_21: 17.17300
price_threshold_22: 17.50000
price_threshold_23: 17.60100
data_price_hour_rel_-15_amount: 10.92500
data_price_hour_abs_00_amount: 10.92500
data_price_hour_rel_-14_amount: 10.26800
data_price_hour_abs_01_amount: 10.26800
data_price_hour_rel_-13_amount: 10.12600
data_price_hour_abs_02_amount: 10.12600
data_price_hour_rel_-12_amount: 10.05400
data_price_hour_abs_03_amount: 10.05400
data_price_hour_rel_-11_amount: 10.16800
data_price_hour_abs_04_amount: 10.16800
data_price_hour_rel_-10_amount: 10.80400
data_price_hour_abs_05_amount: 10.80400
data_price_hour_rel_-09_amount: 13.72000
data_price_hour_abs_06_amount: 13.72000
data_price_hour_rel_-08_amount: 15.21300
data_price_hour_abs_07_amount: 15.21300
data_price_hour_rel_-07_amount: 16.37900
data_price_hour_abs_08_amount: 16.37900
data_price_hour_rel_-06_amount: 13.55600
data_price_hour_abs_09_amount: 13.55600
data_price_hour_rel_-05_amount: 10.42600
data_price_hour_abs_10_amount: 10.42600
data_price_hour_rel_-04_amount: 8.73500
data_price_hour_abs_11_amount: 8.73500
data_price_hour_rel_-03_amount: 7.86700
data_price_hour_abs_12_amount: 7.86700
data_price_hour_rel_-02_amount: 5.52300
data_price_hour_abs_13_amount: 5.52300
data_price_hour_rel_-01_amount: 5.34900
data_price_hour_abs_14_amount: 5.34900
data_price_hour_rel_+00_amount: 6.30500
data_price_hour_abs_15_amount: 6.30500
data_price_hour_rel_+01_amount: 8.22200
data_price_hour_abs_16_amount: 8.22200
data_price_hour_rel_+02_amount: 11.09700
data_price_hour_abs_17_amount: 11.09700
data_price_hour_rel_+03_amount: 15.10000
data_price_hour_abs_18_amount: 15.10000
data_price_hour_rel_+04_amount: 17.50000
data_price_hour_abs_19_amount: 17.50000
data_price_hour_rel_+05_amount: 17.60100
data_price_hour_abs_20_amount: 17.60100
data_price_hour_rel_+06_amount: 17.17300
data_price_hour_abs_21_amount: 17.17300
data_price_hour_rel_+07_amount: 15.83300
data_price_hour_abs_22_amount: 15.83300
data_price_hour_rel_+08_amount: 14.84800
data_price_hour_abs_23_amount: 14.84800