date_now: 2026-03-09 13:56:20
date_now_epoch: 1773060980078
date_now_day: 9
date_now_month: 3
date_now_year: 2026
date_start: 2026-03-09 00:00:00
date_end: 2026-03-09 23:59:59
price_low: 6.72900
price_high: 24.39700
price_median: 12.98850
price_average: 13.57888
price_current: 6.72900
price_unit: Cent/kWh
price_threshold_00: 6.72900
price_threshold_01: 6.76900
price_threshold_02: 8.10500
price_threshold_03: 8.13800
price_threshold_04: 10.11200
price_threshold_05: 10.91200
price_threshold_06: 10.92700
price_threshold_07: 11.04800
price_threshold_08: 11.29900
price_threshold_09: 11.40900
price_threshold_10: 11.63900
price_threshold_11: 12.70700
price_threshold_12: 13.27000
price_threshold_13: 13.70000
price_threshold_14: 14.32700
price_threshold_15: 14.34400
price_threshold_16: 15.21600
price_threshold_17: 16.26100
price_threshold_18: 16.39300
price_threshold_19: 18.08900
price_threshold_20: 18.70300
price_threshold_21: 19.15800
price_threshold_22: 22.24100
price_threshold_23: 24.39700
data_price_hour_rel_-13_amount: 11.40900
data_price_hour_abs_00_amount: 11.40900
data_price_hour_rel_-12_amount: 10.92700
data_price_hour_abs_01_amount: 10.92700
data_price_hour_rel_-11_amount: 10.91200
data_price_hour_abs_02_amount: 10.91200
data_price_hour_rel_-10_amount: 11.04800
data_price_hour_abs_03_amount: 11.04800
data_price_hour_rel_-09_amount: 11.63900
data_price_hour_abs_04_amount: 11.63900
data_price_hour_rel_-08_amount: 13.70000
data_price_hour_abs_05_amount: 13.70000
data_price_hour_rel_-07_amount: 16.39300
data_price_hour_abs_06_amount: 16.39300
data_price_hour_rel_-06_amount: 19.15800
data_price_hour_abs_07_amount: 19.15800
data_price_hour_rel_-05_amount: 16.26100
data_price_hour_abs_08_amount: 16.26100
data_price_hour_rel_-04_amount: 12.70700
data_price_hour_abs_09_amount: 12.70700
data_price_hour_rel_-03_amount: 10.11200
data_price_hour_abs_10_amount: 10.11200
data_price_hour_rel_-02_amount: 8.10500
data_price_hour_abs_11_amount: 8.10500
data_price_hour_rel_-01_amount: 6.76900
data_price_hour_abs_12_amount: 6.76900
data_price_hour_rel_+00_amount: 6.72900
data_price_hour_abs_13_amount: 6.72900
data_price_hour_rel_+01_amount: 8.13800
data_price_hour_abs_14_amount: 8.13800
data_price_hour_rel_+02_amount: 11.29900
data_price_hour_abs_15_amount: 11.29900
data_price_hour_rel_+03_amount: 14.34400
data_price_hour_abs_16_amount: 14.34400
data_price_hour_rel_+04_amount: 18.70300
data_price_hour_abs_17_amount: 18.70300
data_price_hour_rel_+05_amount: 24.39700
data_price_hour_abs_18_amount: 24.39700
data_price_hour_rel_+06_amount: 22.24100
data_price_hour_abs_19_amount: 22.24100
data_price_hour_rel_+07_amount: 18.08900
data_price_hour_abs_20_amount: 18.08900
data_price_hour_rel_+08_amount: 15.21600
data_price_hour_abs_21_amount: 15.21600
data_price_hour_rel_+09_amount: 14.32700
data_price_hour_abs_22_amount: 14.32700
data_price_hour_rel_+10_amount: 13.27000
data_price_hour_abs_23_amount: 13.27000