date_now: 2026-02-13 13:53:07
date_now_epoch: 1770987187499
date_now_day: 13
date_now_month: 2
date_now_year: 2026
date_start: 2026-02-13 00:00:00
date_end: 2026-02-13 23:59:59
price_low: 8.18600
price_high: 13.60200
price_median: 10.42400
price_average: 10.68421
price_current: 9.75000
price_unit: Cent/kWh
price_threshold_00: 8.18600
price_threshold_01: 8.22200
price_threshold_02: 8.33500
price_threshold_03: 8.36600
price_threshold_04: 8.38600
price_threshold_05: 8.71900
price_threshold_06: 9.73000
price_threshold_07: 9.75000
price_threshold_08: 9.87300
price_threshold_09: 10.08600
price_threshold_10: 10.10300
price_threshold_11: 10.20900
price_threshold_12: 10.63900
price_threshold_13: 10.99500
price_threshold_14: 11.75800
price_threshold_15: 11.77300
price_threshold_16: 11.81000
price_threshold_17: 11.91500
price_threshold_18: 12.38500
price_threshold_19: 12.59100
price_threshold_20: 12.60000
price_threshold_21: 13.18900
price_threshold_22: 13.19900
price_threshold_23: 13.60200
data_price_hour_rel_-13_amount: 8.38600
data_price_hour_abs_00_amount: 8.38600
data_price_hour_rel_-12_amount: 8.36600
data_price_hour_abs_01_amount: 8.36600
data_price_hour_rel_-11_amount: 8.22200
data_price_hour_abs_02_amount: 8.22200
data_price_hour_rel_-10_amount: 8.18600
data_price_hour_abs_03_amount: 8.18600
data_price_hour_rel_-09_amount: 8.33500
data_price_hour_abs_04_amount: 8.33500
data_price_hour_rel_-08_amount: 8.71900
data_price_hour_abs_05_amount: 8.71900
data_price_hour_rel_-07_amount: 9.87300
data_price_hour_abs_06_amount: 9.87300
data_price_hour_rel_-06_amount: 11.77300
data_price_hour_abs_07_amount: 11.77300
data_price_hour_rel_-05_amount: 12.38500
data_price_hour_abs_08_amount: 12.38500
data_price_hour_rel_-04_amount: 11.91500
data_price_hour_abs_09_amount: 11.91500
data_price_hour_rel_-03_amount: 10.63900
data_price_hour_abs_10_amount: 10.63900
data_price_hour_rel_-02_amount: 10.10300
data_price_hour_abs_11_amount: 10.10300
data_price_hour_rel_-01_amount: 9.73000
data_price_hour_abs_12_amount: 9.73000
data_price_hour_rel_+00_amount: 9.75000
data_price_hour_abs_13_amount: 9.75000
data_price_hour_rel_+01_amount: 10.20900
data_price_hour_abs_14_amount: 10.20900
data_price_hour_rel_+02_amount: 11.81000
data_price_hour_abs_15_amount: 11.81000
data_price_hour_rel_+03_amount: 12.59100
data_price_hour_abs_16_amount: 12.59100
data_price_hour_rel_+04_amount: 13.19900
data_price_hour_abs_17_amount: 13.19900
data_price_hour_rel_+05_amount: 13.60200
data_price_hour_abs_18_amount: 13.60200
data_price_hour_rel_+06_amount: 13.18900
data_price_hour_abs_19_amount: 13.18900
data_price_hour_rel_+07_amount: 12.60000
data_price_hour_abs_20_amount: 12.60000
data_price_hour_rel_+08_amount: 11.75800
data_price_hour_abs_21_amount: 11.75800
data_price_hour_rel_+09_amount: 10.99500
data_price_hour_abs_22_amount: 10.99500
data_price_hour_rel_+10_amount: 10.08600
data_price_hour_abs_23_amount: 10.08600