date_now: 2026-01-16 13:38:12
date_now_epoch: 1768567092469
date_now_day: 16
date_now_month: 1
date_now_year: 2026
date_start: 2026-01-16 00:00:00
date_end: 2026-01-16 23:59:59
price_low: 6.72300
price_high: 17.03300
price_median: 10.36000
price_average: 10.97287
price_current: 9.93100
price_unit: Cent/kWh
price_threshold_00: 6.72300
price_threshold_01: 7.05700
price_threshold_02: 7.13800
price_threshold_03: 7.50000
price_threshold_04: 8.10500
price_threshold_05: 8.20500
price_threshold_06: 9.07200
price_threshold_07: 9.86000
price_threshold_08: 9.92000
price_threshold_09: 9.93100
price_threshold_10: 9.97900
price_threshold_11: 10.30300
price_threshold_12: 10.41700
price_threshold_13: 10.89300
price_threshold_14: 10.93100
price_threshold_15: 11.32000
price_threshold_16: 11.76100
price_threshold_17: 11.77100
price_threshold_18: 13.40000
price_threshold_19: 14.10000
price_threshold_20: 15.41800
price_threshold_21: 16.24400
price_threshold_22: 16.26800
price_threshold_23: 17.03300
data_price_hour_rel_-13_amount: 8.10500
data_price_hour_abs_00_amount: 8.10500
data_price_hour_rel_-12_amount: 7.50000
data_price_hour_abs_01_amount: 7.50000
data_price_hour_rel_-11_amount: 7.05700
data_price_hour_abs_02_amount: 7.05700
data_price_hour_rel_-10_amount: 6.72300
data_price_hour_abs_03_amount: 6.72300
data_price_hour_rel_-09_amount: 7.13800
data_price_hour_abs_04_amount: 7.13800
data_price_hour_rel_-08_amount: 8.20500
data_price_hour_abs_05_amount: 8.20500
data_price_hour_rel_-07_amount: 9.07200
data_price_hour_abs_06_amount: 9.07200
data_price_hour_rel_-06_amount: 9.86000
data_price_hour_abs_07_amount: 9.86000
data_price_hour_rel_-05_amount: 10.93100
data_price_hour_abs_08_amount: 10.93100
data_price_hour_rel_-04_amount: 10.89300
data_price_hour_abs_09_amount: 10.89300
data_price_hour_rel_-03_amount: 10.30300
data_price_hour_abs_10_amount: 10.30300
data_price_hour_rel_-02_amount: 9.97900
data_price_hour_abs_11_amount: 9.97900
data_price_hour_rel_-01_amount: 9.92000
data_price_hour_abs_12_amount: 9.92000
data_price_hour_rel_+00_amount: 9.93100
data_price_hour_abs_13_amount: 9.93100
data_price_hour_rel_+01_amount: 11.32000
data_price_hour_abs_14_amount: 11.32000
data_price_hour_rel_+02_amount: 14.10000
data_price_hour_abs_15_amount: 14.10000
data_price_hour_rel_+03_amount: 16.26800
data_price_hour_abs_16_amount: 16.26800
data_price_hour_rel_+04_amount: 17.03300
data_price_hour_abs_17_amount: 17.03300
data_price_hour_rel_+05_amount: 16.24400
data_price_hour_abs_18_amount: 16.24400
data_price_hour_rel_+06_amount: 15.41800
data_price_hour_abs_19_amount: 15.41800
data_price_hour_rel_+07_amount: 13.40000
data_price_hour_abs_20_amount: 13.40000
data_price_hour_rel_+08_amount: 11.76100
data_price_hour_abs_21_amount: 11.76100
data_price_hour_rel_+09_amount: 11.77100
data_price_hour_abs_22_amount: 11.77100
data_price_hour_rel_+10_amount: 10.41700
data_price_hour_abs_23_amount: 10.41700