date_now: 2026-03-24 14:05:22
date_now_epoch: 1774357522308
date_now_day: 24
date_now_month: 3
date_now_year: 2026
date_start: 2026-03-24 00:00:00
date_end: 2026-03-24 23:59:59
price_low: -0.00200
price_high: 14.10600
price_median: 9.89200
price_average: 7.68087
price_current: 0.00000
price_unit: Cent/kWh
price_threshold_00: -0.00200
price_threshold_01: -0.00100
price_threshold_02: 0.00000
price_threshold_03: 0.12000
price_threshold_04: 2.00000
price_threshold_05: 2.21000
price_threshold_06: 2.37300
price_threshold_07: 6.61000
price_threshold_08: 7.09100
price_threshold_09: 7.45000
price_threshold_10: 7.74300
price_threshold_11: 9.74600
price_threshold_12: 10.03800
price_threshold_13: 10.09700
price_threshold_14: 10.11000
price_threshold_15: 10.16400
price_threshold_16: 11.00000
price_threshold_17: 11.08200
price_threshold_18: 11.28400
price_threshold_19: 11.30500
price_threshold_20: 12.43200
price_threshold_21: 13.58400
price_threshold_22: 13.79900
price_threshold_23: 14.10600
data_price_hour_rel_-14_amount: 14.10600
data_price_hour_abs_00_amount: 14.10600
data_price_hour_rel_-13_amount: 12.43200
data_price_hour_abs_01_amount: 12.43200
data_price_hour_rel_-12_amount: 11.00000
data_price_hour_abs_02_amount: 11.00000
data_price_hour_rel_-11_amount: 10.16400
data_price_hour_abs_03_amount: 10.16400
data_price_hour_rel_-10_amount: 10.03800
data_price_hour_abs_04_amount: 10.03800
data_price_hour_rel_-09_amount: 10.09700
data_price_hour_abs_05_amount: 10.09700
data_price_hour_rel_-08_amount: 11.08200
data_price_hour_abs_06_amount: 11.08200
data_price_hour_rel_-07_amount: 11.30500
data_price_hour_abs_07_amount: 11.30500
data_price_hour_rel_-06_amount: 9.74600
data_price_hour_abs_08_amount: 9.74600
data_price_hour_rel_-05_amount: 7.09100
data_price_hour_abs_09_amount: 7.09100
data_price_hour_rel_-04_amount: 2.37300
data_price_hour_abs_10_amount: 2.37300
data_price_hour_rel_-03_amount: 0.12000
data_price_hour_abs_11_amount: 0.12000
data_price_hour_rel_-02_amount: -0.00100
data_price_hour_abs_12_amount: -0.00100
data_price_hour_rel_-01_amount: -0.00200
data_price_hour_abs_13_amount: -0.00200
data_price_hour_rel_+00_amount: 0.00000
data_price_hour_abs_14_amount: 0.00000
data_price_hour_rel_+01_amount: 2.00000
data_price_hour_abs_15_amount: 2.00000
data_price_hour_rel_+02_amount: 7.74300
data_price_hour_abs_16_amount: 7.74300
data_price_hour_rel_+03_amount: 11.28400
data_price_hour_abs_17_amount: 11.28400
data_price_hour_rel_+04_amount: 13.58400
data_price_hour_abs_18_amount: 13.58400
data_price_hour_rel_+05_amount: 13.79900
data_price_hour_abs_19_amount: 13.79900
data_price_hour_rel_+06_amount: 10.11000
data_price_hour_abs_20_amount: 10.11000
data_price_hour_rel_+07_amount: 7.45000
data_price_hour_abs_21_amount: 7.45000
data_price_hour_rel_+08_amount: 6.61000
data_price_hour_abs_22_amount: 6.61000
data_price_hour_rel_+09_amount: 2.21000
data_price_hour_abs_23_amount: 2.21000