date_now: 2026-03-13 13:52:38
date_now_epoch: 1773406358956
date_now_day: 13
date_now_month: 3
date_now_year: 2026
date_start: 2026-03-13 00:00:00
date_end: 2026-03-13 23:59:59
price_low: -0.90000
price_high: 16.57500
price_median: 0.63550
price_average: 4.84371
price_current: -0.25500
price_unit: Cent/kWh
price_threshold_00: -0.90000
price_threshold_01: -0.83500
price_threshold_02: -0.50000
price_threshold_03: -0.25500
price_threshold_04: -0.02400
price_threshold_05: 0.11500
price_threshold_06: 0.11700
price_threshold_07: 0.14600
price_threshold_08: 0.28900
price_threshold_09: 0.29100
price_threshold_10: 0.41000
price_threshold_11: 0.62900
price_threshold_12: 0.64200
price_threshold_13: 0.84600
price_threshold_14: 1.99400
price_threshold_15: 4.70700
price_threshold_16: 10.13100
price_threshold_17: 11.58100
price_threshold_18: 12.34200
price_threshold_19: 13.03400
price_threshold_20: 14.19300
price_threshold_21: 14.57200
price_threshold_22: 16.14900
price_threshold_23: 16.57500
data_price_hour_rel_-13_amount: 0.62900
data_price_hour_abs_00_amount: 0.62900
data_price_hour_rel_-12_amount: 0.41000
data_price_hour_abs_01_amount: 0.41000
data_price_hour_rel_-11_amount: 0.28900
data_price_hour_abs_02_amount: 0.28900
data_price_hour_rel_-10_amount: 0.11500
data_price_hour_abs_03_amount: 0.11500
data_price_hour_rel_-09_amount: 0.14600
data_price_hour_abs_04_amount: 0.14600
data_price_hour_rel_-08_amount: 0.29100
data_price_hour_abs_05_amount: 0.29100
data_price_hour_rel_-07_amount: 0.84600
data_price_hour_abs_06_amount: 0.84600
data_price_hour_rel_-06_amount: 1.99400
data_price_hour_abs_07_amount: 1.99400
data_price_hour_rel_-05_amount: 0.64200
data_price_hour_abs_08_amount: 0.64200
data_price_hour_rel_-04_amount: -0.02400
data_price_hour_abs_09_amount: -0.02400
data_price_hour_rel_-03_amount: -0.50000
data_price_hour_abs_10_amount: -0.50000
data_price_hour_rel_-02_amount: -0.90000
data_price_hour_abs_11_amount: -0.90000
data_price_hour_rel_-01_amount: -0.83500
data_price_hour_abs_12_amount: -0.83500
data_price_hour_rel_+00_amount: -0.25500
data_price_hour_abs_13_amount: -0.25500
data_price_hour_rel_+01_amount: 0.11700
data_price_hour_abs_14_amount: 0.11700
data_price_hour_rel_+02_amount: 4.70700
data_price_hour_abs_15_amount: 4.70700
data_price_hour_rel_+03_amount: 10.13100
data_price_hour_abs_16_amount: 10.13100
data_price_hour_rel_+04_amount: 14.19300
data_price_hour_abs_17_amount: 14.19300
data_price_hour_rel_+05_amount: 16.14900
data_price_hour_abs_18_amount: 16.14900
data_price_hour_rel_+06_amount: 16.57500
data_price_hour_abs_19_amount: 16.57500
data_price_hour_rel_+07_amount: 14.57200
data_price_hour_abs_20_amount: 14.57200
data_price_hour_rel_+08_amount: 13.03400
data_price_hour_abs_21_amount: 13.03400
data_price_hour_rel_+09_amount: 12.34200
data_price_hour_abs_22_amount: 12.34200
data_price_hour_rel_+10_amount: 11.58100
data_price_hour_abs_23_amount: 11.58100