date_now: 2026-03-22 13:43:28
date_now_epoch: 1774183408917
date_now_day: 22
date_now_month: 3
date_now_year: 2026
date_start: 2026-03-22 00:00:00
date_end: 2026-03-22 23:59:59
price_low: -1.17600
price_high: 17.41900
price_median: 9.55100
price_average: 8.32417
price_current: -1.03100
price_unit: Cent/kWh
price_threshold_00: -1.17600
price_threshold_01: -1.03100
price_threshold_02: -0.43600
price_threshold_03: -0.21800
price_threshold_04: -0.04300
price_threshold_05: 0.67700
price_threshold_06: 1.12500
price_threshold_07: 4.13300
price_threshold_08: 8.47100
price_threshold_09: 9.31500
price_threshold_10: 9.42000
price_threshold_11: 9.52600
price_threshold_12: 9.57600
price_threshold_13: 9.86000
price_threshold_14: 10.01100
price_threshold_15: 10.04100
price_threshold_16: 10.16600
price_threshold_17: 14.35100
price_threshold_18: 14.56400
price_threshold_19: 14.68000
price_threshold_20: 15.53800
price_threshold_21: 16.47300
price_threshold_22: 17.33800
price_threshold_23: 17.41900
data_price_hour_rel_-13_amount: 10.04100
data_price_hour_abs_00_amount: 10.04100
data_price_hour_rel_-12_amount: 9.57600
data_price_hour_abs_01_amount: 9.57600
data_price_hour_rel_-11_amount: 9.42000
data_price_hour_abs_02_amount: 9.42000
data_price_hour_rel_-10_amount: 9.52600
data_price_hour_abs_03_amount: 9.52600
data_price_hour_rel_-09_amount: 9.86000
data_price_hour_abs_04_amount: 9.86000
data_price_hour_rel_-08_amount: 10.16600
data_price_hour_abs_05_amount: 10.16600
data_price_hour_rel_-07_amount: 10.01100
data_price_hour_abs_06_amount: 10.01100
data_price_hour_rel_-06_amount: 8.47100
data_price_hour_abs_07_amount: 8.47100
data_price_hour_rel_-05_amount: 4.13300
data_price_hour_abs_08_amount: 4.13300
data_price_hour_rel_-04_amount: 0.67700
data_price_hour_abs_09_amount: 0.67700
data_price_hour_rel_-03_amount: -0.04300
data_price_hour_abs_10_amount: -0.04300
data_price_hour_rel_-02_amount: -0.43600
data_price_hour_abs_11_amount: -0.43600
data_price_hour_rel_-01_amount: -1.17600
data_price_hour_abs_12_amount: -1.17600
data_price_hour_rel_+00_amount: -1.03100
data_price_hour_abs_13_amount: -1.03100
data_price_hour_rel_+01_amount: -0.21800
data_price_hour_abs_14_amount: -0.21800
data_price_hour_rel_+02_amount: 1.12500
data_price_hour_abs_15_amount: 1.12500
data_price_hour_rel_+03_amount: 9.31500
data_price_hour_abs_16_amount: 9.31500
data_price_hour_rel_+04_amount: 14.56400
data_price_hour_abs_17_amount: 14.56400
data_price_hour_rel_+05_amount: 17.41900
data_price_hour_abs_18_amount: 17.41900
data_price_hour_rel_+06_amount: 17.33800
data_price_hour_abs_19_amount: 17.33800
data_price_hour_rel_+07_amount: 16.47300
data_price_hour_abs_20_amount: 16.47300
data_price_hour_rel_+08_amount: 15.53800
data_price_hour_abs_21_amount: 15.53800
data_price_hour_rel_+09_amount: 14.68000
data_price_hour_abs_22_amount: 14.68000
data_price_hour_rel_+10_amount: 14.35100
data_price_hour_abs_23_amount: 14.35100