date_now: 2026-04-03 14:57:48
date_now_epoch: 1775221068884
date_now_day: 3
date_now_month: 4
date_now_year: 2026
date_start: 2026-04-03 00:00:00
date_end: 2026-04-03 23:59:59
price_low: 0.16500
price_high: 13.58600
price_median: 9.26550
price_average: 8.46371
price_current: 0.16500
price_unit: Cent/kWh
price_threshold_00: 0.16500
price_threshold_01: 0.30500
price_threshold_02: 0.99500
price_threshold_03: 2.39400
price_threshold_04: 2.70100
price_threshold_05: 5.29600
price_threshold_06: 6.05900
price_threshold_07: 6.68000
price_threshold_08: 8.12800
price_threshold_09: 8.42000
price_threshold_10: 8.55900
price_threshold_11: 8.89700
price_threshold_12: 9.63400
price_threshold_13: 9.93900
price_threshold_14: 11.31800
price_threshold_15: 11.76700
price_threshold_16: 11.95200
price_threshold_17: 12.01800
price_threshold_18: 12.19900
price_threshold_19: 12.34000
price_threshold_20: 13.10400
price_threshold_21: 13.31300
price_threshold_22: 13.36000
price_threshold_23: 13.58600
data_price_hour_rel_-14_amount: 13.36000
data_price_hour_abs_00_amount: 13.36000
data_price_hour_rel_-13_amount: 12.19900
data_price_hour_abs_01_amount: 12.19900
data_price_hour_rel_-12_amount: 11.95200
data_price_hour_abs_02_amount: 11.95200
data_price_hour_rel_-11_amount: 11.76700
data_price_hour_abs_03_amount: 11.76700
data_price_hour_rel_-10_amount: 12.01800
data_price_hour_abs_04_amount: 12.01800
data_price_hour_rel_-09_amount: 12.34000
data_price_hour_abs_05_amount: 12.34000
data_price_hour_rel_-08_amount: 13.31300
data_price_hour_abs_06_amount: 13.31300
data_price_hour_rel_-07_amount: 13.58600
data_price_hour_abs_07_amount: 13.58600
data_price_hour_rel_-06_amount: 13.10400
data_price_hour_abs_08_amount: 13.10400
data_price_hour_rel_-05_amount: 11.31800
data_price_hour_abs_09_amount: 11.31800
data_price_hour_rel_-04_amount: 8.55900
data_price_hour_abs_10_amount: 8.55900
data_price_hour_rel_-03_amount: 5.29600
data_price_hour_abs_11_amount: 5.29600
data_price_hour_rel_-02_amount: 2.70100
data_price_hour_abs_12_amount: 2.70100
data_price_hour_rel_-01_amount: 0.99500
data_price_hour_abs_13_amount: 0.99500
data_price_hour_rel_+00_amount: 0.16500
data_price_hour_abs_14_amount: 0.16500
data_price_hour_rel_+01_amount: 0.30500
data_price_hour_abs_15_amount: 0.30500
data_price_hour_rel_+02_amount: 2.39400
data_price_hour_abs_16_amount: 2.39400
data_price_hour_rel_+03_amount: 6.68000
data_price_hour_abs_17_amount: 6.68000
data_price_hour_rel_+04_amount: 8.89700
data_price_hour_abs_18_amount: 8.89700
data_price_hour_rel_+05_amount: 9.93900
data_price_hour_abs_19_amount: 9.93900
data_price_hour_rel_+06_amount: 9.63400
data_price_hour_abs_20_amount: 9.63400
data_price_hour_rel_+07_amount: 8.42000
data_price_hour_abs_21_amount: 8.42000
data_price_hour_rel_+08_amount: 8.12800
data_price_hour_abs_22_amount: 8.12800
data_price_hour_rel_+09_amount: 6.05900
data_price_hour_abs_23_amount: 6.05900