date_now: 2026-04-08 15:14:42
date_now_epoch: 1775654082025
date_now_day: 8
date_now_month: 4
date_now_year: 2026
date_start: 2026-04-08 00:00:00
date_end: 2026-04-08 23:59:59
price_low: -3.27800
price_high: 17.00100
price_median: 10.53350
price_average: 8.69696
price_current: -1.31600
price_unit: Cent/kWh
price_threshold_00: -3.27800
price_threshold_01: -2.97400
price_threshold_02: -1.88300
price_threshold_03: -1.31600
price_threshold_04: -0.00500
price_threshold_05: 1.33500
price_threshold_06: 5.11200
price_threshold_07: 9.18800
price_threshold_08: 9.74500
price_threshold_09: 10.08200
price_threshold_10: 10.22100
price_threshold_11: 10.35000
price_threshold_12: 10.71700
price_threshold_13: 10.75100
price_threshold_14: 10.94800
price_threshold_15: 11.69300
price_threshold_16: 12.13900
price_threshold_17: 13.42500
price_threshold_18: 13.71000
price_threshold_19: 13.85100
price_threshold_20: 14.98000
price_threshold_21: 16.05500
price_threshold_22: 16.88000
price_threshold_23: 17.00100
data_price_hour_rel_-15_amount: 10.71700
data_price_hour_abs_00_amount: 10.71700
data_price_hour_rel_-14_amount: 10.22100
data_price_hour_abs_01_amount: 10.22100
data_price_hour_rel_-13_amount: 10.08200
data_price_hour_abs_02_amount: 10.08200
data_price_hour_rel_-12_amount: 10.35000
data_price_hour_abs_03_amount: 10.35000
data_price_hour_rel_-11_amount: 10.75100
data_price_hour_abs_04_amount: 10.75100
data_price_hour_rel_-10_amount: 11.69300
data_price_hour_abs_05_amount: 11.69300
data_price_hour_rel_-09_amount: 14.98000
data_price_hour_abs_06_amount: 14.98000
data_price_hour_rel_-08_amount: 16.88000
data_price_hour_abs_07_amount: 16.88000
data_price_hour_rel_-07_amount: 13.85100
data_price_hour_abs_08_amount: 13.85100
data_price_hour_rel_-06_amount: 9.74500
data_price_hour_abs_09_amount: 9.74500
data_price_hour_rel_-05_amount: 5.11200
data_price_hour_abs_10_amount: 5.11200
data_price_hour_rel_-04_amount: -0.00500
data_price_hour_abs_11_amount: -0.00500
data_price_hour_rel_-03_amount: -1.88300
data_price_hour_abs_12_amount: -1.88300
data_price_hour_rel_-02_amount: -3.27800
data_price_hour_abs_13_amount: -3.27800
data_price_hour_rel_-01_amount: -2.97400
data_price_hour_abs_14_amount: -2.97400
data_price_hour_rel_+00_amount: -1.31600
data_price_hour_abs_15_amount: -1.31600
data_price_hour_rel_+01_amount: 1.33500
data_price_hour_abs_16_amount: 1.33500
data_price_hour_rel_+02_amount: 9.18800
data_price_hour_abs_17_amount: 9.18800
data_price_hour_rel_+03_amount: 13.42500
data_price_hour_abs_18_amount: 13.42500
data_price_hour_rel_+04_amount: 17.00100
data_price_hour_abs_19_amount: 17.00100
data_price_hour_rel_+05_amount: 16.05500
data_price_hour_abs_20_amount: 16.05500
data_price_hour_rel_+06_amount: 13.71000
data_price_hour_abs_21_amount: 13.71000
data_price_hour_rel_+07_amount: 12.13900
data_price_hour_abs_22_amount: 12.13900
data_price_hour_rel_+08_amount: 10.94800
data_price_hour_abs_23_amount: 10.94800