date_now: 2026-06-07 15:45:49
date_now_epoch: 1780839949228
date_now_day: 7
date_now_month: 6
date_now_year: 2026
date_start: 2026-06-07 00:00:00
date_end: 2026-06-07 23:59:59
price_low: -4.47400
price_high: 14.11900
price_median: 2.21300
price_average: 4.26658
price_current: -3.64700
price_unit: Cent/kWh
price_threshold_00: -4.47400
price_threshold_01: -3.64700
price_threshold_02: -3.59400
price_threshold_03: -1.82600
price_threshold_04: -1.59600
price_threshold_05: -1.40500
price_threshold_06: -0.80000
price_threshold_07: -0.50500
price_threshold_08: -0.11400
price_threshold_09: -0.05500
price_threshold_10: 0.04600
price_threshold_11: 0.50500
price_threshold_12: 3.92100
price_threshold_13: 5.36300
price_threshold_14: 6.70100
price_threshold_15: 8.14200
price_threshold_16: 9.22100
price_threshold_17: 9.95100
price_threshold_18: 10.80000
price_threshold_19: 11.07000
price_threshold_20: 12.82700
price_threshold_21: 13.71400
price_threshold_22: 14.03400
price_threshold_23: 14.11900
data_price_hour_rel_-15_amount: 11.07000
data_price_hour_abs_00_amount: 11.07000
data_price_hour_rel_-14_amount: 9.95100
data_price_hour_abs_01_amount: 9.95100
data_price_hour_rel_-13_amount: 9.22100
data_price_hour_abs_02_amount: 9.22100
data_price_hour_rel_-12_amount: 8.14200
data_price_hour_abs_03_amount: 8.14200
data_price_hour_rel_-11_amount: 6.70100
data_price_hour_abs_04_amount: 6.70100
data_price_hour_rel_-10_amount: 3.92100
data_price_hour_abs_05_amount: 3.92100
data_price_hour_rel_-09_amount: 0.50500
data_price_hour_abs_06_amount: 0.50500
data_price_hour_rel_-08_amount: 0.04600
data_price_hour_abs_07_amount: 0.04600
data_price_hour_rel_-07_amount: -0.05500
data_price_hour_abs_08_amount: -0.05500
data_price_hour_rel_-06_amount: -0.50500
data_price_hour_abs_09_amount: -0.50500
data_price_hour_rel_-05_amount: -0.80000
data_price_hour_abs_10_amount: -0.80000
data_price_hour_rel_-04_amount: -1.40500
data_price_hour_abs_11_amount: -1.40500
data_price_hour_rel_-03_amount: -1.82600
data_price_hour_abs_12_amount: -1.82600
data_price_hour_rel_-02_amount: -3.59400
data_price_hour_abs_13_amount: -3.59400
data_price_hour_rel_-01_amount: -4.47400
data_price_hour_abs_14_amount: -4.47400
data_price_hour_rel_+00_amount: -3.64700
data_price_hour_abs_15_amount: -3.64700
data_price_hour_rel_+01_amount: -1.59600
data_price_hour_abs_16_amount: -1.59600
data_price_hour_rel_+02_amount: -0.11400
data_price_hour_abs_17_amount: -0.11400
data_price_hour_rel_+03_amount: 5.36300
data_price_hour_abs_18_amount: 5.36300
data_price_hour_rel_+04_amount: 10.80000
data_price_hour_abs_19_amount: 10.80000
data_price_hour_rel_+05_amount: 12.82700
data_price_hour_abs_20_amount: 12.82700
data_price_hour_rel_+06_amount: 13.71400
data_price_hour_abs_21_amount: 13.71400
data_price_hour_rel_+07_amount: 14.11900
data_price_hour_abs_22_amount: 14.11900
data_price_hour_rel_+08_amount: 14.03400
data_price_hour_abs_23_amount: 14.03400