date_now: 2026-04-13 15:20:13
date_now_epoch: 1776086413098
date_now_day: 13
date_now_month: 4
date_now_year: 2026
date_start: 2026-04-13 00:00:00
date_end: 2026-04-13 23:59:59
price_low: 9.73900
price_high: 17.38800
price_median: 12.08500
price_average: 12.73033
price_current: 10.46400
price_unit: Cent/kWh
price_threshold_00: 9.73900
price_threshold_01: 10.17000
price_threshold_02: 10.46400
price_threshold_03: 10.47400
price_threshold_04: 10.73200
price_threshold_05: 10.75900
price_threshold_06: 10.98000
price_threshold_07: 11.00200
price_threshold_08: 11.46000
price_threshold_09: 11.60000
price_threshold_10: 11.65400
price_threshold_11: 11.90700
price_threshold_12: 12.26300
price_threshold_13: 12.97600
price_threshold_14: 13.03800
price_threshold_15: 13.61200
price_threshold_16: 13.86300
price_threshold_17: 13.90500
price_threshold_18: 14.51200
price_threshold_19: 14.82000
price_threshold_20: 15.66100
price_threshold_21: 16.09700
price_threshold_22: 16.45200
price_threshold_23: 17.38800
data_price_hour_rel_-15_amount: 11.65400
data_price_hour_abs_00_amount: 11.65400
data_price_hour_rel_-14_amount: 10.98000
data_price_hour_abs_01_amount: 10.98000
data_price_hour_rel_-13_amount: 10.73200
data_price_hour_abs_02_amount: 10.73200
data_price_hour_rel_-12_amount: 10.75900
data_price_hour_abs_03_amount: 10.75900
data_price_hour_rel_-11_amount: 11.00200
data_price_hour_abs_04_amount: 11.00200
data_price_hour_rel_-10_amount: 11.90700
data_price_hour_abs_05_amount: 11.90700
data_price_hour_rel_-09_amount: 13.61200
data_price_hour_abs_06_amount: 13.61200
data_price_hour_rel_-08_amount: 14.51200
data_price_hour_abs_07_amount: 14.51200
data_price_hour_rel_-07_amount: 17.38800
data_price_hour_abs_08_amount: 17.38800
data_price_hour_rel_-06_amount: 16.09700
data_price_hour_abs_09_amount: 16.09700
data_price_hour_rel_-05_amount: 13.86300
data_price_hour_abs_10_amount: 13.86300
data_price_hour_rel_-04_amount: 11.60000
data_price_hour_abs_11_amount: 11.60000
data_price_hour_rel_-03_amount: 10.47400
data_price_hour_abs_12_amount: 10.47400
data_price_hour_rel_-02_amount: 9.73900
data_price_hour_abs_13_amount: 9.73900
data_price_hour_rel_-01_amount: 10.17000
data_price_hour_abs_14_amount: 10.17000
data_price_hour_rel_+00_amount: 10.46400
data_price_hour_abs_15_amount: 10.46400
data_price_hour_rel_+01_amount: 11.46000
data_price_hour_abs_16_amount: 11.46000
data_price_hour_rel_+02_amount: 13.03800
data_price_hour_abs_17_amount: 13.03800
data_price_hour_rel_+03_amount: 14.82000
data_price_hour_abs_18_amount: 14.82000
data_price_hour_rel_+04_amount: 16.45200
data_price_hour_abs_19_amount: 16.45200
data_price_hour_rel_+05_amount: 15.66100
data_price_hour_abs_20_amount: 15.66100
data_price_hour_rel_+06_amount: 13.90500
data_price_hour_abs_21_amount: 13.90500
data_price_hour_rel_+07_amount: 12.97600
data_price_hour_abs_22_amount: 12.97600
data_price_hour_rel_+08_amount: 12.26300
data_price_hour_abs_23_amount: 12.26300