date_now: 2026-05-30 15:22:35
date_now_epoch: 1780147355951
date_now_day: 30
date_now_month: 5
date_now_year: 2026
date_start: 2026-05-30 00:00:00
date_end: 2026-05-30 23:59:59
price_low: -0.14400
price_high: 17.18500
price_median: 11.40450
price_average: 8.58663
price_current: -0.00100
price_unit: Cent/kWh
price_threshold_00: -0.14400
price_threshold_01: -0.07500
price_threshold_02: -0.00500
price_threshold_03: -0.00100
price_threshold_04: -0.00100
price_threshold_05: 0.29600
price_threshold_06: 0.30100
price_threshold_07: 3.66800
price_threshold_08: 6.25000
price_threshold_09: 8.88700
price_threshold_10: 10.70100
price_threshold_11: 10.91000
price_threshold_12: 11.89900
price_threshold_13: 12.10900
price_threshold_14: 12.37700
price_threshold_15: 12.50500
price_threshold_16: 12.53600
price_threshold_17: 12.84500
price_threshold_18: 13.55200
price_threshold_19: 13.98700
price_threshold_20: 14.30400
price_threshold_21: 15.94000
price_threshold_22: 16.05300
price_threshold_23: 17.18500
data_price_hour_rel_-15_amount: 13.55200
data_price_hour_abs_00_amount: 13.55200
data_price_hour_rel_-14_amount: 12.84500
data_price_hour_abs_01_amount: 12.84500
data_price_hour_rel_-13_amount: 12.37700
data_price_hour_abs_02_amount: 12.37700
data_price_hour_rel_-12_amount: 12.10900
data_price_hour_abs_03_amount: 12.10900
data_price_hour_rel_-11_amount: 12.53600
data_price_hour_abs_04_amount: 12.53600
data_price_hour_rel_-10_amount: 12.50500
data_price_hour_abs_05_amount: 12.50500
data_price_hour_rel_-09_amount: 11.89900
data_price_hour_abs_06_amount: 11.89900
data_price_hour_rel_-08_amount: 10.91000
data_price_hour_abs_07_amount: 10.91000
data_price_hour_rel_-07_amount: 8.88700
data_price_hour_abs_08_amount: 8.88700
data_price_hour_rel_-06_amount: 3.66800
data_price_hour_abs_09_amount: 3.66800
data_price_hour_rel_-05_amount: 0.29600
data_price_hour_abs_10_amount: 0.29600
data_price_hour_rel_-04_amount: -0.00100
data_price_hour_abs_11_amount: -0.00100
data_price_hour_rel_-03_amount: -0.00500
data_price_hour_abs_12_amount: -0.00500
data_price_hour_rel_-02_amount: -0.14400
data_price_hour_abs_13_amount: -0.14400
data_price_hour_rel_-01_amount: -0.07500
data_price_hour_abs_14_amount: -0.07500
data_price_hour_rel_+00_amount: -0.00100
data_price_hour_abs_15_amount: -0.00100
data_price_hour_rel_+01_amount: 0.30100
data_price_hour_abs_16_amount: 0.30100
data_price_hour_rel_+02_amount: 6.25000
data_price_hour_abs_17_amount: 6.25000
data_price_hour_rel_+03_amount: 10.70100
data_price_hour_abs_18_amount: 10.70100
data_price_hour_rel_+04_amount: 13.98700
data_price_hour_abs_19_amount: 13.98700
data_price_hour_rel_+05_amount: 16.05300
data_price_hour_abs_20_amount: 16.05300
data_price_hour_rel_+06_amount: 17.18500
data_price_hour_abs_21_amount: 17.18500
data_price_hour_rel_+07_amount: 15.94000
data_price_hour_abs_22_amount: 15.94000
data_price_hour_rel_+08_amount: 14.30400
data_price_hour_abs_23_amount: 14.30400