date_now: 2026-06-17 17:18:15
date_now_epoch: 1781709495082
date_now_day: 17
date_now_month: 6
date_now_year: 2026
date_start: 2026-06-17 00:00:00
date_end: 2026-06-17 23:59:59
price_low: 6.27900
price_high: 16.41200
price_median: 12.74800
price_average: 11.76313
price_current: 10.64300
price_unit: Cent/kWh
price_threshold_00: 6.27900
price_threshold_01: 6.62600
price_threshold_02: 7.22300
price_threshold_03: 7.59800
price_threshold_04: 7.84900
price_threshold_05: 8.80900
price_threshold_06: 8.82500
price_threshold_07: 10.58000
price_threshold_08: 10.64300
price_threshold_09: 12.07400
price_threshold_10: 12.17600
price_threshold_11: 12.74200
price_threshold_12: 12.75400
price_threshold_13: 12.80500
price_threshold_14: 12.93300
price_threshold_15: 13.53900
price_threshold_16: 13.66800
price_threshold_17: 14.02700
price_threshold_18: 14.12300
price_threshold_19: 14.25600
price_threshold_20: 14.27400
price_threshold_21: 15.86100
price_threshold_22: 16.23900
price_threshold_23: 16.41200
data_price_hour_rel_-17_amount: 14.12300
data_price_hour_abs_00_amount: 14.12300
data_price_hour_rel_-16_amount: 13.53900
data_price_hour_abs_01_amount: 13.53900
data_price_hour_rel_-15_amount: 12.93300
data_price_hour_abs_02_amount: 12.93300
data_price_hour_rel_-14_amount: 12.75400
data_price_hour_abs_03_amount: 12.75400
data_price_hour_rel_-13_amount: 12.74200
data_price_hour_abs_04_amount: 12.74200
data_price_hour_rel_-12_amount: 12.80500
data_price_hour_abs_05_amount: 12.80500
data_price_hour_rel_-11_amount: 14.02700
data_price_hour_abs_06_amount: 14.02700
data_price_hour_rel_-10_amount: 13.66800
data_price_hour_abs_07_amount: 13.66800
data_price_hour_rel_-09_amount: 12.17600
data_price_hour_abs_08_amount: 12.17600
data_price_hour_rel_-08_amount: 10.58000
data_price_hour_abs_09_amount: 10.58000
data_price_hour_rel_-07_amount: 8.82500
data_price_hour_abs_10_amount: 8.82500
data_price_hour_rel_-06_amount: 7.84900
data_price_hour_abs_11_amount: 7.84900
data_price_hour_rel_-05_amount: 7.22300
data_price_hour_abs_12_amount: 7.22300
data_price_hour_rel_-04_amount: 6.27900
data_price_hour_abs_13_amount: 6.27900
data_price_hour_rel_-03_amount: 6.62600
data_price_hour_abs_14_amount: 6.62600
data_price_hour_rel_-02_amount: 7.59800
data_price_hour_abs_15_amount: 7.59800
data_price_hour_rel_-01_amount: 8.80900
data_price_hour_abs_16_amount: 8.80900
data_price_hour_rel_+00_amount: 10.64300
data_price_hour_abs_17_amount: 10.64300
data_price_hour_rel_+01_amount: 12.07400
data_price_hour_abs_18_amount: 12.07400
data_price_hour_rel_+02_amount: 14.25600
data_price_hour_abs_19_amount: 14.25600
data_price_hour_rel_+03_amount: 16.23900
data_price_hour_abs_20_amount: 16.23900
data_price_hour_rel_+04_amount: 16.41200
data_price_hour_abs_21_amount: 16.41200
data_price_hour_rel_+05_amount: 15.86100
data_price_hour_abs_22_amount: 15.86100
data_price_hour_rel_+06_amount: 14.27400
data_price_hour_abs_23_amount: 14.27400