date_now: 2026-05-03 15:03:06
date_now_epoch: 1777813386346
date_now_day: 3
date_now_month: 5
date_now_year: 2026
date_start: 2026-05-03 00:00:00
date_end: 2026-05-03 23:59:59
price_low: -1.44400
price_high: 14.08700
price_median: 10.39950
price_average: 7.49725
price_current: -0.39700
price_unit: Cent/kWh
price_threshold_00: -1.44400
price_threshold_01: -1.08800
price_threshold_02: -0.67900
price_threshold_03: -0.39700
price_threshold_04: -0.14300
price_threshold_05: 0.12900
price_threshold_06: 0.91300
price_threshold_07: 3.26600
price_threshold_08: 7.17400
price_threshold_09: 8.07100
price_threshold_10: 8.53400
price_threshold_11: 10.17000
price_threshold_12: 10.62900
price_threshold_13: 10.70700
price_threshold_14: 10.84800
price_threshold_15: 11.01600
price_threshold_16: 11.60300
price_threshold_17: 12.05700
price_threshold_18: 12.11200
price_threshold_19: 12.12000
price_threshold_20: 13.03800
price_threshold_21: 13.48000
price_threshold_22: 13.73100
price_threshold_23: 14.08700
data_price_hour_rel_-15_amount: 12.12000
data_price_hour_abs_00_amount: 12.12000
data_price_hour_rel_-14_amount: 11.60300
data_price_hour_abs_01_amount: 11.60300
data_price_hour_rel_-13_amount: 11.01600
data_price_hour_abs_02_amount: 11.01600
data_price_hour_rel_-12_amount: 10.84800
data_price_hour_abs_03_amount: 10.84800
data_price_hour_rel_-11_amount: 10.62900
data_price_hour_abs_04_amount: 10.62900
data_price_hour_rel_-10_amount: 10.70700
data_price_hour_abs_05_amount: 10.70700
data_price_hour_rel_-09_amount: 10.17000
data_price_hour_abs_06_amount: 10.17000
data_price_hour_rel_-08_amount: 8.53400
data_price_hour_abs_07_amount: 8.53400
data_price_hour_rel_-07_amount: 7.17400
data_price_hour_abs_08_amount: 7.17400
data_price_hour_rel_-06_amount: 3.26600
data_price_hour_abs_09_amount: 3.26600
data_price_hour_rel_-05_amount: 0.12900
data_price_hour_abs_10_amount: 0.12900
data_price_hour_rel_-04_amount: -0.14300
data_price_hour_abs_11_amount: -0.14300
data_price_hour_rel_-03_amount: -0.67900
data_price_hour_abs_12_amount: -0.67900
data_price_hour_rel_-02_amount: -1.44400
data_price_hour_abs_13_amount: -1.44400
data_price_hour_rel_-01_amount: -1.08800
data_price_hour_abs_14_amount: -1.08800
data_price_hour_rel_+00_amount: -0.39700
data_price_hour_abs_15_amount: -0.39700
data_price_hour_rel_+01_amount: 0.91300
data_price_hour_abs_16_amount: 0.91300
data_price_hour_rel_+02_amount: 8.07100
data_price_hour_abs_17_amount: 8.07100
data_price_hour_rel_+03_amount: 12.05700
data_price_hour_abs_18_amount: 12.05700
data_price_hour_rel_+04_amount: 13.48000
data_price_hour_abs_19_amount: 13.48000
data_price_hour_rel_+05_amount: 14.08700
data_price_hour_abs_20_amount: 14.08700
data_price_hour_rel_+06_amount: 13.73100
data_price_hour_abs_21_amount: 13.73100
data_price_hour_rel_+07_amount: 13.03800
data_price_hour_abs_22_amount: 13.03800
data_price_hour_rel_+08_amount: 12.11200
data_price_hour_abs_23_amount: 12.11200