date_now: 2026-05-15 15:59:26
date_now_epoch: 1778853566017
date_now_day: 15
date_now_month: 5
date_now_year: 2026
date_start: 2026-05-15 00:00:00
date_end: 2026-05-15 23:59:59
price_low: 4.01500
price_high: 15.34600
price_median: 12.45200
price_average: 10.98133
price_current: 5.10000
price_unit: Cent/kWh
price_threshold_00: 4.01500
price_threshold_01: 4.03200
price_threshold_02: 5.10000
price_threshold_03: 5.43000
price_threshold_04: 6.68200
price_threshold_05: 7.73200
price_threshold_06: 8.17800
price_threshold_07: 10.45400
price_threshold_08: 10.50500
price_threshold_09: 12.19400
price_threshold_10: 12.37100
price_threshold_11: 12.40000
price_threshold_12: 12.50400
price_threshold_13: 12.63100
price_threshold_14: 12.71600
price_threshold_15: 13.13700
price_threshold_16: 13.25200
price_threshold_17: 13.55100
price_threshold_18: 13.61000
price_threshold_19: 13.79700
price_threshold_20: 14.33100
price_threshold_21: 14.46900
price_threshold_22: 15.11500
price_threshold_23: 15.34600
data_price_hour_rel_-15_amount: 13.79700
data_price_hour_abs_00_amount: 13.79700
data_price_hour_rel_-14_amount: 13.13700
data_price_hour_abs_01_amount: 13.13700
data_price_hour_rel_-13_amount: 12.63100
data_price_hour_abs_02_amount: 12.63100
data_price_hour_rel_-12_amount: 12.19400
data_price_hour_abs_03_amount: 12.19400
data_price_hour_rel_-11_amount: 12.37100
data_price_hour_abs_04_amount: 12.37100
data_price_hour_rel_-10_amount: 12.71600
data_price_hour_abs_05_amount: 12.71600
data_price_hour_rel_-09_amount: 13.61000
data_price_hour_abs_06_amount: 13.61000
data_price_hour_rel_-08_amount: 13.25200
data_price_hour_abs_07_amount: 13.25200
data_price_hour_rel_-07_amount: 12.40000
data_price_hour_abs_08_amount: 12.40000
data_price_hour_rel_-06_amount: 10.45400
data_price_hour_abs_09_amount: 10.45400
data_price_hour_rel_-05_amount: 8.17800
data_price_hour_abs_10_amount: 8.17800
data_price_hour_rel_-04_amount: 6.68200
data_price_hour_abs_11_amount: 6.68200
data_price_hour_rel_-03_amount: 5.43000
data_price_hour_abs_12_amount: 5.43000
data_price_hour_rel_-02_amount: 4.03200
data_price_hour_abs_13_amount: 4.03200
data_price_hour_rel_-01_amount: 4.01500
data_price_hour_abs_14_amount: 4.01500
data_price_hour_rel_+00_amount: 5.10000
data_price_hour_abs_15_amount: 5.10000
data_price_hour_rel_+01_amount: 7.73200
data_price_hour_abs_16_amount: 7.73200
data_price_hour_rel_+02_amount: 10.50500
data_price_hour_abs_17_amount: 10.50500
data_price_hour_rel_+03_amount: 12.50400
data_price_hour_abs_18_amount: 12.50400
data_price_hour_rel_+04_amount: 14.33100
data_price_hour_abs_19_amount: 14.33100
data_price_hour_rel_+05_amount: 15.34600
data_price_hour_abs_20_amount: 15.34600
data_price_hour_rel_+06_amount: 15.11500
data_price_hour_abs_21_amount: 15.11500
data_price_hour_rel_+07_amount: 14.46900
data_price_hour_abs_22_amount: 14.46900
data_price_hour_rel_+08_amount: 13.55100
data_price_hour_abs_23_amount: 13.55100