date_now: 2026-03-07 13:39:57
date_now_epoch: 1772887197035
date_now_day: 7
date_now_month: 3
date_now_year: 2026
date_start: 2026-03-07 00:00:00
date_end: 2026-03-07 23:59:59
price_low: 0.14200
price_high: 18.08700
price_median: 12.79400
price_average: 11.01650
price_current: 0.14200
price_unit: Cent/kWh
price_threshold_00: 0.14200
price_threshold_01: 1.30300
price_threshold_02: 1.81800
price_threshold_03: 3.05400
price_threshold_04: 7.44500
price_threshold_05: 8.32900
price_threshold_06: 10.27900
price_threshold_07: 11.29000
price_threshold_08: 12.43900
price_threshold_09: 12.47500
price_threshold_10: 12.56700
price_threshold_11: 12.63200
price_threshold_12: 12.95600
price_threshold_13: 12.95800
price_threshold_14: 13.06500
price_threshold_15: 13.06800
price_threshold_16: 13.42000
price_threshold_17: 13.51600
price_threshold_18: 13.56200
price_threshold_19: 13.76100
price_threshold_20: 14.73700
price_threshold_21: 14.82000
price_threshold_22: 16.67300
price_threshold_23: 18.08700
data_price_hour_rel_-13_amount: 13.51600
data_price_hour_abs_00_amount: 13.51600
data_price_hour_rel_-12_amount: 13.06800
data_price_hour_abs_01_amount: 13.06800
data_price_hour_rel_-11_amount: 12.56700
data_price_hour_abs_02_amount: 12.56700
data_price_hour_rel_-10_amount: 12.43900
data_price_hour_abs_03_amount: 12.43900
data_price_hour_rel_-09_amount: 12.47500
data_price_hour_abs_04_amount: 12.47500
data_price_hour_rel_-08_amount: 12.95800
data_price_hour_abs_05_amount: 12.95800
data_price_hour_rel_-07_amount: 13.56200
data_price_hour_abs_06_amount: 13.56200
data_price_hour_rel_-06_amount: 12.95600
data_price_hour_abs_07_amount: 12.95600
data_price_hour_rel_-05_amount: 11.29000
data_price_hour_abs_08_amount: 11.29000
data_price_hour_rel_-04_amount: 10.27900
data_price_hour_abs_09_amount: 10.27900
data_price_hour_rel_-03_amount: 7.44500
data_price_hour_abs_10_amount: 7.44500
data_price_hour_rel_-02_amount: 3.05400
data_price_hour_abs_11_amount: 3.05400
data_price_hour_rel_-01_amount: 1.30300
data_price_hour_abs_12_amount: 1.30300
data_price_hour_rel_+00_amount: 0.14200
data_price_hour_abs_13_amount: 0.14200
data_price_hour_rel_+01_amount: 1.81800
data_price_hour_abs_14_amount: 1.81800
data_price_hour_rel_+02_amount: 8.32900
data_price_hour_abs_15_amount: 8.32900
data_price_hour_rel_+03_amount: 12.63200
data_price_hour_abs_16_amount: 12.63200
data_price_hour_rel_+04_amount: 14.73700
data_price_hour_abs_17_amount: 14.73700
data_price_hour_rel_+05_amount: 18.08700
data_price_hour_abs_18_amount: 18.08700
data_price_hour_rel_+06_amount: 16.67300
data_price_hour_abs_19_amount: 16.67300
data_price_hour_rel_+07_amount: 14.82000
data_price_hour_abs_20_amount: 14.82000
data_price_hour_rel_+08_amount: 13.76100
data_price_hour_abs_21_amount: 13.76100
data_price_hour_rel_+09_amount: 13.42000
data_price_hour_abs_22_amount: 13.42000
data_price_hour_rel_+10_amount: 13.06500
data_price_hour_abs_23_amount: 13.06500