date_now: 2026-07-09 16:50:19
date_now_epoch: 1783608619251
date_now_day: 9
date_now_month: 7
date_now_year: 2026
date_start: 2026-07-09 00:00:00
date_end: 2026-07-09 23:59:59
price_low: 3.80100
price_high: 21.33100
price_median: 12.88650
price_average: 12.42142
price_current: 8.10100
price_unit: Cent/kWh
price_threshold_00: 3.80100
price_threshold_01: 4.36300
price_threshold_02: 5.10400
price_threshold_03: 6.66900
price_threshold_04: 8.10100
price_threshold_05: 8.68300
price_threshold_06: 9.96300
price_threshold_07: 10.84100
price_threshold_08: 11.80300
price_threshold_09: 12.48500
price_threshold_10: 12.54400
price_threshold_11: 12.73200
price_threshold_12: 13.04100
price_threshold_13: 13.32100
price_threshold_14: 13.39600
price_threshold_15: 13.83000
price_threshold_16: 14.03300
price_threshold_17: 14.76600
price_threshold_18: 14.91500
price_threshold_19: 16.27500
price_threshold_20: 16.65000
price_threshold_21: 18.39700
price_threshold_22: 21.07000
price_threshold_23: 21.33100
data_price_hour_rel_-16_amount: 14.03300
data_price_hour_abs_00_amount: 14.03300
data_price_hour_rel_-15_amount: 13.32100
data_price_hour_abs_01_amount: 13.32100
data_price_hour_rel_-14_amount: 12.73200
data_price_hour_abs_02_amount: 12.73200
data_price_hour_rel_-13_amount: 12.48500
data_price_hour_abs_03_amount: 12.48500
data_price_hour_rel_-12_amount: 12.54400
data_price_hour_abs_04_amount: 12.54400
data_price_hour_rel_-11_amount: 13.39600
data_price_hour_abs_05_amount: 13.39600
data_price_hour_rel_-10_amount: 14.91500
data_price_hour_abs_06_amount: 14.91500
data_price_hour_rel_-09_amount: 14.76600
data_price_hour_abs_07_amount: 14.76600
data_price_hour_rel_-08_amount: 13.83000
data_price_hour_abs_08_amount: 13.83000
data_price_hour_rel_-07_amount: 11.80300
data_price_hour_abs_09_amount: 11.80300
data_price_hour_rel_-06_amount: 9.96300
data_price_hour_abs_10_amount: 9.96300
data_price_hour_rel_-05_amount: 8.68300
data_price_hour_abs_11_amount: 8.68300
data_price_hour_rel_-04_amount: 6.66900
data_price_hour_abs_12_amount: 6.66900
data_price_hour_rel_-03_amount: 4.36300
data_price_hour_abs_13_amount: 4.36300
data_price_hour_rel_-02_amount: 3.80100
data_price_hour_abs_14_amount: 3.80100
data_price_hour_rel_-01_amount: 5.10400
data_price_hour_abs_15_amount: 5.10400
data_price_hour_rel_+00_amount: 8.10100
data_price_hour_abs_16_amount: 8.10100
data_price_hour_rel_+01_amount: 10.84100
data_price_hour_abs_17_amount: 10.84100
data_price_hour_rel_+02_amount: 13.04100
data_price_hour_abs_18_amount: 13.04100
data_price_hour_rel_+03_amount: 16.65000
data_price_hour_abs_19_amount: 16.65000
data_price_hour_rel_+04_amount: 21.07000
data_price_hour_abs_20_amount: 21.07000
data_price_hour_rel_+05_amount: 21.33100
data_price_hour_abs_21_amount: 21.33100
data_price_hour_rel_+06_amount: 18.39700
data_price_hour_abs_22_amount: 18.39700
data_price_hour_rel_+07_amount: 16.27500
data_price_hour_abs_23_amount: 16.27500