date_now: 2026-05-11 16:42:48
date_now_epoch: 1778510568206
date_now_day: 11
date_now_month: 5
date_now_year: 2026
date_start: 2026-05-11 00:00:00
date_end: 2026-05-11 23:59:59
price_low: 9.59800
price_high: 15.40500
price_median: 11.75450
price_average: 11.92575
price_current: 10.04900
price_unit: Cent/kWh
price_threshold_00: 9.59800
price_threshold_01: 9.62000
price_threshold_02: 9.87800
price_threshold_03: 10.04900
price_threshold_04: 10.54900
price_threshold_05: 10.89500
price_threshold_06: 11.04300
price_threshold_07: 11.23400
price_threshold_08: 11.26600
price_threshold_09: 11.30900
price_threshold_10: 11.34300
price_threshold_11: 11.63000
price_threshold_12: 11.87900
price_threshold_13: 12.07700
price_threshold_14: 12.21400
price_threshold_15: 12.29800
price_threshold_16: 12.63100
price_threshold_17: 12.78700
price_threshold_18: 13.07200
price_threshold_19: 13.11200
price_threshold_20: 13.64800
price_threshold_21: 13.68000
price_threshold_22: 15.00100
price_threshold_23: 15.40500
data_price_hour_rel_-16_amount: 11.87900
data_price_hour_abs_00_amount: 11.87900
data_price_hour_rel_-15_amount: 11.23400
data_price_hour_abs_01_amount: 11.23400
data_price_hour_rel_-14_amount: 11.04300
data_price_hour_abs_02_amount: 11.04300
data_price_hour_rel_-13_amount: 11.26600
data_price_hour_abs_03_amount: 11.26600
data_price_hour_rel_-12_amount: 11.30900
data_price_hour_abs_04_amount: 11.30900
data_price_hour_rel_-11_amount: 12.21400
data_price_hour_abs_05_amount: 12.21400
data_price_hour_rel_-10_amount: 13.64800
data_price_hour_abs_06_amount: 13.64800
data_price_hour_rel_-09_amount: 15.40500
data_price_hour_abs_07_amount: 15.40500
data_price_hour_rel_-08_amount: 15.00100
data_price_hour_abs_08_amount: 15.00100
data_price_hour_rel_-07_amount: 13.68000
data_price_hour_abs_09_amount: 13.68000
data_price_hour_rel_-06_amount: 12.63100
data_price_hour_abs_10_amount: 12.63100
data_price_hour_rel_-05_amount: 11.34300
data_price_hour_abs_11_amount: 11.34300
data_price_hour_rel_-04_amount: 10.54900
data_price_hour_abs_12_amount: 10.54900
data_price_hour_rel_-03_amount: 9.87800
data_price_hour_abs_13_amount: 9.87800
data_price_hour_rel_-02_amount: 9.59800
data_price_hour_abs_14_amount: 9.59800
data_price_hour_rel_-01_amount: 9.62000
data_price_hour_abs_15_amount: 9.62000
data_price_hour_rel_+00_amount: 10.04900
data_price_hour_abs_16_amount: 10.04900
data_price_hour_rel_+01_amount: 11.63000
data_price_hour_abs_17_amount: 11.63000
data_price_hour_rel_+02_amount: 12.29800
data_price_hour_abs_18_amount: 12.29800
data_price_hour_rel_+03_amount: 13.07200
data_price_hour_abs_19_amount: 13.07200
data_price_hour_rel_+04_amount: 13.11200
data_price_hour_abs_20_amount: 13.11200
data_price_hour_rel_+05_amount: 12.78700
data_price_hour_abs_21_amount: 12.78700
data_price_hour_rel_+06_amount: 12.07700
data_price_hour_abs_22_amount: 12.07700
data_price_hour_rel_+07_amount: 10.89500
data_price_hour_abs_23_amount: 10.89500