date_now: 2026-05-22 16:32:19
date_now_epoch: 1779460339212
date_now_day: 22
date_now_month: 5
date_now_year: 2026
date_start: 2026-05-22 00:00:00
date_end: 2026-05-22 23:59:59
price_low: 0.00000
price_high: 21.84300
price_median: 13.15700
price_average: 10.63504
price_current: 7.02400
price_unit: Cent/kWh
price_threshold_00: 0.00000
price_threshold_01: 0.00100
price_threshold_02: 0.10000
price_threshold_03: 0.39400
price_threshold_04: 2.03100
price_threshold_05: 4.24800
price_threshold_06: 7.02400
price_threshold_07: 9.18800
price_threshold_08: 10.42000
price_threshold_09: 12.31400
price_threshold_10: 12.89500
price_threshold_11: 13.15000
price_threshold_12: 13.16400
price_threshold_13: 13.49500
price_threshold_14: 13.57200
price_threshold_15: 13.69000
price_threshold_16: 13.81800
price_threshold_17: 14.07400
price_threshold_18: 14.43200
price_threshold_19: 14.43600
price_threshold_20: 15.46400
price_threshold_21: 16.12200
price_threshold_22: 19.36600
price_threshold_23: 21.84300
data_price_hour_rel_-16_amount: 14.43200
data_price_hour_abs_00_amount: 14.43200
data_price_hour_rel_-15_amount: 13.69000
data_price_hour_abs_01_amount: 13.69000
data_price_hour_rel_-14_amount: 13.16400
data_price_hour_abs_02_amount: 13.16400
data_price_hour_rel_-13_amount: 12.89500
data_price_hour_abs_03_amount: 12.89500
data_price_hour_rel_-12_amount: 13.15000
data_price_hour_abs_04_amount: 13.15000
data_price_hour_rel_-11_amount: 13.57200
data_price_hour_abs_05_amount: 13.57200
data_price_hour_rel_-10_amount: 14.43600
data_price_hour_abs_06_amount: 14.43600
data_price_hour_rel_-09_amount: 13.81800
data_price_hour_abs_07_amount: 13.81800
data_price_hour_rel_-08_amount: 12.31400
data_price_hour_abs_08_amount: 12.31400
data_price_hour_rel_-07_amount: 9.18800
data_price_hour_abs_09_amount: 9.18800
data_price_hour_rel_-06_amount: 4.24800
data_price_hour_abs_10_amount: 4.24800
data_price_hour_rel_-05_amount: 0.39400
data_price_hour_abs_11_amount: 0.39400
data_price_hour_rel_-04_amount: 0.00100
data_price_hour_abs_12_amount: 0.00100
data_price_hour_rel_-03_amount: 0.00000
data_price_hour_abs_13_amount: 0.00000
data_price_hour_rel_-02_amount: 0.10000
data_price_hour_abs_14_amount: 0.10000
data_price_hour_rel_-01_amount: 2.03100
data_price_hour_abs_15_amount: 2.03100
data_price_hour_rel_+00_amount: 7.02400
data_price_hour_abs_16_amount: 7.02400
data_price_hour_rel_+01_amount: 10.42000
data_price_hour_abs_17_amount: 10.42000
data_price_hour_rel_+02_amount: 13.49500
data_price_hour_abs_18_amount: 13.49500
data_price_hour_rel_+03_amount: 16.12200
data_price_hour_abs_19_amount: 16.12200
data_price_hour_rel_+04_amount: 21.84300
data_price_hour_abs_20_amount: 21.84300
data_price_hour_rel_+05_amount: 19.36600
data_price_hour_abs_21_amount: 19.36600
data_price_hour_rel_+06_amount: 15.46400
data_price_hour_abs_22_amount: 15.46400
data_price_hour_rel_+07_amount: 14.07400
data_price_hour_abs_23_amount: 14.07400