date_now: 2026-02-08 13:42:19
date_now_epoch: 1770554539430
date_now_day: 8
date_now_month: 2
date_now_year: 2026
date_start: 2026-02-08 00:00:00
date_end: 2026-02-08 23:59:59
price_low: 9.48600
price_high: 13.12700
price_median: 10.01650
price_average: 10.40538
price_current: 9.54500
price_unit: Cent/kWh
price_threshold_00: 9.48600
price_threshold_01: 9.50000
price_threshold_02: 9.54500
price_threshold_03: 9.57500
price_threshold_04: 9.58100
price_threshold_05: 9.64300
price_threshold_06: 9.65700
price_threshold_07: 9.72200
price_threshold_08: 9.75700
price_threshold_09: 9.90500
price_threshold_10: 9.96000
price_threshold_11: 9.99800
price_threshold_12: 10.03500
price_threshold_13: 10.19900
price_threshold_14: 10.20400
price_threshold_15: 10.26500
price_threshold_16: 10.33200
price_threshold_17: 10.51400
price_threshold_18: 10.76300
price_threshold_19: 11.17900
price_threshold_20: 11.32800
price_threshold_21: 12.69100
price_threshold_22: 12.76300
price_threshold_23: 13.12700
data_price_hour_rel_-13_amount: 10.20400
data_price_hour_abs_00_amount: 10.20400
data_price_hour_rel_-12_amount: 9.90500
data_price_hour_abs_01_amount: 9.90500
data_price_hour_rel_-11_amount: 9.75700
data_price_hour_abs_02_amount: 9.75700
data_price_hour_rel_-10_amount: 9.64300
data_price_hour_abs_03_amount: 9.64300
data_price_hour_rel_-09_amount: 9.48600
data_price_hour_abs_04_amount: 9.48600
data_price_hour_rel_-08_amount: 9.57500
data_price_hour_abs_05_amount: 9.57500
data_price_hour_rel_-07_amount: 9.50000
data_price_hour_abs_06_amount: 9.50000
data_price_hour_rel_-06_amount: 9.58100
data_price_hour_abs_07_amount: 9.58100
data_price_hour_rel_-05_amount: 10.03500
data_price_hour_abs_08_amount: 10.03500
data_price_hour_rel_-04_amount: 10.19900
data_price_hour_abs_09_amount: 10.19900
data_price_hour_rel_-03_amount: 10.26500
data_price_hour_abs_10_amount: 10.26500
data_price_hour_rel_-02_amount: 9.96000
data_price_hour_abs_11_amount: 9.96000
data_price_hour_rel_-01_amount: 9.65700
data_price_hour_abs_12_amount: 9.65700
data_price_hour_rel_+00_amount: 9.54500
data_price_hour_abs_13_amount: 9.54500
data_price_hour_rel_+01_amount: 9.72200
data_price_hour_abs_14_amount: 9.72200
data_price_hour_rel_+02_amount: 10.33200
data_price_hour_abs_15_amount: 10.33200
data_price_hour_rel_+03_amount: 11.17900
data_price_hour_abs_16_amount: 11.17900
data_price_hour_rel_+04_amount: 12.76300
data_price_hour_abs_17_amount: 12.76300
data_price_hour_rel_+05_amount: 13.12700
data_price_hour_abs_18_amount: 13.12700
data_price_hour_rel_+06_amount: 12.69100
data_price_hour_abs_19_amount: 12.69100
data_price_hour_rel_+07_amount: 11.32800
data_price_hour_abs_20_amount: 11.32800
data_price_hour_rel_+08_amount: 10.76300
data_price_hour_abs_21_amount: 10.76300
data_price_hour_rel_+09_amount: 10.51400
data_price_hour_abs_22_amount: 10.51400
data_price_hour_rel_+10_amount: 9.99800
data_price_hour_abs_23_amount: 9.99800