date_now: 2026-06-09 16:42:49
date_now_epoch: 1781016169759
date_now_day: 9
date_now_month: 6
date_now_year: 2026
date_start: 2026-06-09 00:00:00
date_end: 2026-06-09 23:59:59
price_low: 0.01500
price_high: 15.62800
price_median: 11.56700
price_average: 9.68758
price_current: 3.05900
price_unit: Cent/kWh
price_threshold_00: 0.01500
price_threshold_01: 0.15200
price_threshold_02: 0.35300
price_threshold_03: 2.52200
price_threshold_04: 3.05900
price_threshold_05: 6.09000
price_threshold_06: 7.57300
price_threshold_07: 8.23400
price_threshold_08: 10.70000
price_threshold_09: 11.04800
price_threshold_10: 11.12200
price_threshold_11: 11.55000
price_threshold_12: 11.58400
price_threshold_13: 11.85500
price_threshold_14: 12.21600
price_threshold_15: 12.68900
price_threshold_16: 12.90100
price_threshold_17: 13.01500
price_threshold_18: 13.13100
price_threshold_19: 13.46300
price_threshold_20: 13.73000
price_threshold_21: 14.49900
price_threshold_22: 15.37300
price_threshold_23: 15.62800
data_price_hour_rel_-16_amount: 12.90100
data_price_hour_abs_00_amount: 12.90100
data_price_hour_rel_-15_amount: 12.21600
data_price_hour_abs_01_amount: 12.21600
data_price_hour_rel_-14_amount: 11.55000
data_price_hour_abs_02_amount: 11.55000
data_price_hour_rel_-13_amount: 11.12200
data_price_hour_abs_03_amount: 11.12200
data_price_hour_rel_-12_amount: 11.04800
data_price_hour_abs_04_amount: 11.04800
data_price_hour_rel_-11_amount: 11.58400
data_price_hour_abs_05_amount: 11.58400
data_price_hour_rel_-10_amount: 13.01500
data_price_hour_abs_06_amount: 13.01500
data_price_hour_rel_-09_amount: 13.46300
data_price_hour_abs_07_amount: 13.46300
data_price_hour_rel_-08_amount: 12.68900
data_price_hour_abs_08_amount: 12.68900
data_price_hour_rel_-07_amount: 10.70000
data_price_hour_abs_09_amount: 10.70000
data_price_hour_rel_-06_amount: 8.23400
data_price_hour_abs_10_amount: 8.23400
data_price_hour_rel_-05_amount: 6.09000
data_price_hour_abs_11_amount: 6.09000
data_price_hour_rel_-04_amount: 2.52200
data_price_hour_abs_12_amount: 2.52200
data_price_hour_rel_-03_amount: 0.35300
data_price_hour_abs_13_amount: 0.35300
data_price_hour_rel_-02_amount: 0.01500
data_price_hour_abs_14_amount: 0.01500
data_price_hour_rel_-01_amount: 0.15200
data_price_hour_abs_15_amount: 0.15200
data_price_hour_rel_+00_amount: 3.05900
data_price_hour_abs_16_amount: 3.05900
data_price_hour_rel_+01_amount: 7.57300
data_price_hour_abs_17_amount: 7.57300
data_price_hour_rel_+02_amount: 11.85500
data_price_hour_abs_18_amount: 11.85500
data_price_hour_rel_+03_amount: 13.73000
data_price_hour_abs_19_amount: 13.73000
data_price_hour_rel_+04_amount: 15.37300
data_price_hour_abs_20_amount: 15.37300
data_price_hour_rel_+05_amount: 15.62800
data_price_hour_abs_21_amount: 15.62800
data_price_hour_rel_+06_amount: 14.49900
data_price_hour_abs_22_amount: 14.49900
data_price_hour_rel_+07_amount: 13.13100
data_price_hour_abs_23_amount: 13.13100