date_now: 2026-02-12 14:00:58
date_now_epoch: 1770901258225
date_now_day: 12
date_now_month: 2
date_now_year: 2026
date_start: 2026-02-12 00:00:00
date_end: 2026-02-12 23:59:59
price_low: 8.48900
price_high: 12.56600
price_median: 10.53650
price_average: 10.45442
price_current: 10.52100
price_unit: Cent/kWh
price_threshold_00: 8.48900
price_threshold_01: 8.60100
price_threshold_02: 8.62000
price_threshold_03: 8.75800
price_threshold_04: 8.81900
price_threshold_05: 8.93300
price_threshold_06: 8.94300
price_threshold_07: 9.71800
price_threshold_08: 9.96900
price_threshold_09: 9.98600
price_threshold_10: 10.35600
price_threshold_11: 10.52100
price_threshold_12: 10.55200
price_threshold_13: 10.79800
price_threshold_14: 10.91000
price_threshold_15: 11.07900
price_threshold_16: 11.11500
price_threshold_17: 11.60100
price_threshold_18: 11.75200
price_threshold_19: 12.08700
price_threshold_20: 12.12100
price_threshold_21: 12.30500
price_threshold_22: 12.30700
price_threshold_23: 12.56600
data_price_hour_rel_-14_amount: 8.81900
data_price_hour_abs_00_amount: 8.81900
data_price_hour_rel_-13_amount: 8.75800
data_price_hour_abs_01_amount: 8.75800
data_price_hour_rel_-12_amount: 8.62000
data_price_hour_abs_02_amount: 8.62000
data_price_hour_rel_-11_amount: 8.48900
data_price_hour_abs_03_amount: 8.48900
data_price_hour_rel_-10_amount: 8.60100
data_price_hour_abs_04_amount: 8.60100
data_price_hour_rel_-09_amount: 8.94300
data_price_hour_abs_05_amount: 8.94300
data_price_hour_rel_-08_amount: 9.98600
data_price_hour_abs_06_amount: 9.98600
data_price_hour_rel_-07_amount: 11.60100
data_price_hour_abs_07_amount: 11.60100
data_price_hour_rel_-06_amount: 12.30700
data_price_hour_abs_08_amount: 12.30700
data_price_hour_rel_-05_amount: 12.12100
data_price_hour_abs_09_amount: 12.12100
data_price_hour_rel_-04_amount: 11.75200
data_price_hour_abs_10_amount: 11.75200
data_price_hour_rel_-03_amount: 11.11500
data_price_hour_abs_11_amount: 11.11500
data_price_hour_rel_-02_amount: 10.55200
data_price_hour_abs_12_amount: 10.55200
data_price_hour_rel_-01_amount: 10.35600
data_price_hour_abs_13_amount: 10.35600
data_price_hour_rel_+00_amount: 10.52100
data_price_hour_abs_14_amount: 10.52100
data_price_hour_rel_+01_amount: 10.79800
data_price_hour_abs_15_amount: 10.79800
data_price_hour_rel_+02_amount: 11.07900
data_price_hour_abs_16_amount: 11.07900
data_price_hour_rel_+03_amount: 12.30500
data_price_hour_abs_17_amount: 12.30500
data_price_hour_rel_+04_amount: 12.56600
data_price_hour_abs_18_amount: 12.56600
data_price_hour_rel_+05_amount: 12.08700
data_price_hour_abs_19_amount: 12.08700
data_price_hour_rel_+06_amount: 10.91000
data_price_hour_abs_20_amount: 10.91000
data_price_hour_rel_+07_amount: 9.96900
data_price_hour_abs_21_amount: 9.96900
data_price_hour_rel_+08_amount: 9.71800
data_price_hour_abs_22_amount: 9.71800
data_price_hour_rel_+09_amount: 8.93300
data_price_hour_abs_23_amount: 8.93300