date_now: 2026-01-14 13:39:53
date_now_epoch: 1768394393620
date_now_day: 14
date_now_month: 1
date_now_year: 2026
date_start: 2026-01-14 00:00:00
date_end: 2026-01-14 23:59:59
price_low: 8.43000
price_high: 20.00200
price_median: 11.06950
price_average: 11.81400
price_current: 10.36000
price_unit: Cent/kWh
price_threshold_00: 8.43000
price_threshold_01: 8.55600
price_threshold_02: 8.58800
price_threshold_03: 8.61600
price_threshold_04: 8.76500
price_threshold_05: 8.98600
price_threshold_06: 9.51500
price_threshold_07: 9.70900
price_threshold_08: 10.34800
price_threshold_09: 10.36000
price_threshold_10: 10.51400
price_threshold_11: 10.75300
price_threshold_12: 11.38600
price_threshold_13: 11.64500
price_threshold_14: 11.82200
price_threshold_15: 12.17900
price_threshold_16: 12.89600
price_threshold_17: 13.20300
price_threshold_18: 13.40100
price_threshold_19: 14.46300
price_threshold_20: 15.28600
price_threshold_21: 15.87700
price_threshold_22: 18.23600
price_threshold_23: 20.00200
data_price_hour_rel_-13_amount: 8.55600
data_price_hour_abs_00_amount: 8.55600
data_price_hour_rel_-12_amount: 8.43000
data_price_hour_abs_01_amount: 8.43000
data_price_hour_rel_-11_amount: 8.58800
data_price_hour_abs_02_amount: 8.58800
data_price_hour_rel_-10_amount: 8.61600
data_price_hour_abs_03_amount: 8.61600
data_price_hour_rel_-09_amount: 8.76500
data_price_hour_abs_04_amount: 8.76500
data_price_hour_rel_-08_amount: 8.98600
data_price_hour_abs_05_amount: 8.98600
data_price_hour_rel_-07_amount: 9.51500
data_price_hour_abs_06_amount: 9.51500
data_price_hour_rel_-06_amount: 10.51400
data_price_hour_abs_07_amount: 10.51400
data_price_hour_rel_-05_amount: 12.89600
data_price_hour_abs_08_amount: 12.89600
data_price_hour_rel_-04_amount: 13.20300
data_price_hour_abs_09_amount: 13.20300
data_price_hour_rel_-03_amount: 11.64500
data_price_hour_abs_10_amount: 11.64500
data_price_hour_rel_-02_amount: 10.75300
data_price_hour_abs_11_amount: 10.75300
data_price_hour_rel_-01_amount: 10.34800
data_price_hour_abs_12_amount: 10.34800
data_price_hour_rel_+00_amount: 10.36000
data_price_hour_abs_13_amount: 10.36000
data_price_hour_rel_+01_amount: 11.82200
data_price_hour_abs_14_amount: 11.82200
data_price_hour_rel_+02_amount: 14.46300
data_price_hour_abs_15_amount: 14.46300
data_price_hour_rel_+03_amount: 15.28600
data_price_hour_abs_16_amount: 15.28600
data_price_hour_rel_+04_amount: 20.00200
data_price_hour_abs_17_amount: 20.00200
data_price_hour_rel_+05_amount: 18.23600
data_price_hour_abs_18_amount: 18.23600
data_price_hour_rel_+06_amount: 15.87700
data_price_hour_abs_19_amount: 15.87700
data_price_hour_rel_+07_amount: 13.40100
data_price_hour_abs_20_amount: 13.40100
data_price_hour_rel_+08_amount: 12.17900
data_price_hour_abs_21_amount: 12.17900
data_price_hour_rel_+09_amount: 11.38600
data_price_hour_abs_22_amount: 11.38600
data_price_hour_rel_+10_amount: 9.70900
data_price_hour_abs_23_amount: 9.70900