date_now: 2026-06-23 16:41:17
date_now_epoch: 1782225677582
date_now_day: 23
date_now_month: 6
date_now_year: 2026
date_start: 2026-06-23 00:00:00
date_end: 2026-06-23 23:59:59
price_low: 6.03500
price_high: 54.55100
price_median: 13.69400
price_average: 17.49129
price_current: 10.10700
price_unit: Cent/kWh
price_threshold_00: 6.03500
price_threshold_01: 6.71500
price_threshold_02: 6.76500
price_threshold_03: 7.65200
price_threshold_04: 8.13500
price_threshold_05: 9.63100
price_threshold_06: 10.10700
price_threshold_07: 11.21200
price_threshold_08: 12.17100
price_threshold_09: 13.37900
price_threshold_10: 13.50100
price_threshold_11: 13.58200
price_threshold_12: 13.80600
price_threshold_13: 13.91300
price_threshold_14: 14.23000
price_threshold_15: 14.60600
price_threshold_16: 16.01300
price_threshold_17: 16.42200
price_threshold_18: 16.96800
price_threshold_19: 19.94000
price_threshold_20: 33.51200
price_threshold_21: 34.07100
price_threshold_22: 52.87400
price_threshold_23: 54.55100
data_price_hour_rel_-16_amount: 14.60600
data_price_hour_abs_00_amount: 14.60600
data_price_hour_rel_-15_amount: 13.91300
data_price_hour_abs_01_amount: 13.91300
data_price_hour_rel_-14_amount: 13.50100
data_price_hour_abs_02_amount: 13.50100
data_price_hour_rel_-13_amount: 13.58200
data_price_hour_abs_03_amount: 13.58200
data_price_hour_rel_-12_amount: 13.80600
data_price_hour_abs_04_amount: 13.80600
data_price_hour_rel_-11_amount: 14.23000
data_price_hour_abs_05_amount: 14.23000
data_price_hour_rel_-10_amount: 16.42200
data_price_hour_abs_06_amount: 16.42200
data_price_hour_rel_-09_amount: 16.01300
data_price_hour_abs_07_amount: 16.01300
data_price_hour_rel_-08_amount: 13.37900
data_price_hour_abs_08_amount: 13.37900
data_price_hour_rel_-07_amount: 11.21200
data_price_hour_abs_09_amount: 11.21200
data_price_hour_rel_-06_amount: 9.63100
data_price_hour_abs_10_amount: 9.63100
data_price_hour_rel_-05_amount: 7.65200
data_price_hour_abs_11_amount: 7.65200
data_price_hour_rel_-04_amount: 6.71500
data_price_hour_abs_12_amount: 6.71500
data_price_hour_rel_-03_amount: 6.03500
data_price_hour_abs_13_amount: 6.03500
data_price_hour_rel_-02_amount: 6.76500
data_price_hour_abs_14_amount: 6.76500
data_price_hour_rel_-01_amount: 8.13500
data_price_hour_abs_15_amount: 8.13500
data_price_hour_rel_+00_amount: 10.10700
data_price_hour_abs_16_amount: 10.10700
data_price_hour_rel_+01_amount: 12.17100
data_price_hour_abs_17_amount: 12.17100
data_price_hour_rel_+02_amount: 16.96800
data_price_hour_abs_18_amount: 16.96800
data_price_hour_rel_+03_amount: 34.07100
data_price_hour_abs_19_amount: 34.07100
data_price_hour_rel_+04_amount: 54.55100
data_price_hour_abs_20_amount: 54.55100
data_price_hour_rel_+05_amount: 52.87400
data_price_hour_abs_21_amount: 52.87400
data_price_hour_rel_+06_amount: 33.51200
data_price_hour_abs_22_amount: 33.51200
data_price_hour_rel_+07_amount: 19.94000
data_price_hour_abs_23_amount: 19.94000