date_now: 2026-04-02 15:06:16
date_now_epoch: 1775135176977
date_now_day: 2
date_now_month: 4
date_now_year: 2026
date_start: 2026-04-02 00:00:00
date_end: 2026-04-02 23:59:59
price_low: 4.24600
price_high: 16.18400
price_median: 11.66400
price_average: 11.40363
price_current: 7.37700
price_unit: Cent/kWh
price_threshold_00: 4.24600
price_threshold_01: 5.28600
price_threshold_02: 5.97500
price_threshold_03: 7.37700
price_threshold_04: 7.42500
price_threshold_05: 9.06600
price_threshold_06: 9.27600
price_threshold_07: 10.74100
price_threshold_08: 10.88100
price_threshold_09: 10.91900
price_threshold_10: 11.41300
price_threshold_11: 11.42800
price_threshold_12: 11.90000
price_threshold_13: 11.92900
price_threshold_14: 12.39700
price_threshold_15: 12.71700
price_threshold_16: 13.43900
price_threshold_17: 13.50000
price_threshold_18: 14.65200
price_threshold_19: 15.20500
price_threshold_20: 15.76600
price_threshold_21: 15.96400
price_threshold_22: 16.00100
price_threshold_23: 16.18400
data_price_hour_rel_-15_amount: 12.71700
data_price_hour_abs_00_amount: 12.71700
data_price_hour_rel_-14_amount: 11.90000
data_price_hour_abs_01_amount: 11.90000
data_price_hour_rel_-13_amount: 11.41300
data_price_hour_abs_02_amount: 11.41300
data_price_hour_rel_-12_amount: 10.91900
data_price_hour_abs_03_amount: 10.91900
data_price_hour_rel_-11_amount: 10.74100
data_price_hour_abs_04_amount: 10.74100
data_price_hour_rel_-10_amount: 11.92900
data_price_hour_abs_05_amount: 11.92900
data_price_hour_rel_-09_amount: 15.20500
data_price_hour_abs_06_amount: 15.20500
data_price_hour_rel_-08_amount: 16.00100
data_price_hour_abs_07_amount: 16.00100
data_price_hour_rel_-07_amount: 15.76600
data_price_hour_abs_08_amount: 15.76600
data_price_hour_rel_-06_amount: 11.42800
data_price_hour_abs_09_amount: 11.42800
data_price_hour_rel_-05_amount: 9.06600
data_price_hour_abs_10_amount: 9.06600
data_price_hour_rel_-04_amount: 7.42500
data_price_hour_abs_11_amount: 7.42500
data_price_hour_rel_-03_amount: 5.97500
data_price_hour_abs_12_amount: 5.97500
data_price_hour_rel_-02_amount: 4.24600
data_price_hour_abs_13_amount: 4.24600
data_price_hour_rel_-01_amount: 5.28600
data_price_hour_abs_14_amount: 5.28600
data_price_hour_rel_+00_amount: 7.37700
data_price_hour_abs_15_amount: 7.37700
data_price_hour_rel_+01_amount: 9.27600
data_price_hour_abs_16_amount: 9.27600
data_price_hour_rel_+02_amount: 10.88100
data_price_hour_abs_17_amount: 10.88100
data_price_hour_rel_+03_amount: 13.43900
data_price_hour_abs_18_amount: 13.43900
data_price_hour_rel_+04_amount: 16.18400
data_price_hour_abs_19_amount: 16.18400
data_price_hour_rel_+05_amount: 15.96400
data_price_hour_abs_20_amount: 15.96400
data_price_hour_rel_+06_amount: 14.65200
data_price_hour_abs_21_amount: 14.65200
data_price_hour_rel_+07_amount: 13.50000
data_price_hour_abs_22_amount: 13.50000
data_price_hour_rel_+08_amount: 12.39700
data_price_hour_abs_23_amount: 12.39700