date_now: 2026-05-14 16:02:43
date_now_epoch: 1778767363508
date_now_day: 14
date_now_month: 5
date_now_year: 2026
date_start: 2026-05-14 00:00:00
date_end: 2026-05-14 23:59:59
price_low: 0.46000
price_high: 15.22000
price_median: 11.17300
price_average: 9.48517
price_current: 6.69100
price_unit: Cent/kWh
price_threshold_00: 0.46000
price_threshold_01: 0.75500
price_threshold_02: 1.60600
price_threshold_03: 1.78500
price_threshold_04: 3.55700
price_threshold_05: 5.86400
price_threshold_06: 6.69100
price_threshold_07: 8.51500
price_threshold_08: 9.47600
price_threshold_09: 9.92600
price_threshold_10: 10.80900
price_threshold_11: 11.14100
price_threshold_12: 11.20500
price_threshold_13: 11.29200
price_threshold_14: 11.56400
price_threshold_15: 11.92300
price_threshold_16: 12.17500
price_threshold_17: 12.60000
price_threshold_18: 13.05400
price_threshold_19: 13.63200
price_threshold_20: 14.25800
price_threshold_21: 15.04500
price_threshold_22: 15.09100
price_threshold_23: 15.22000
data_price_hour_rel_-16_amount: 13.05400
data_price_hour_abs_00_amount: 13.05400
data_price_hour_rel_-15_amount: 12.17500
data_price_hour_abs_01_amount: 12.17500
data_price_hour_rel_-14_amount: 11.92300
data_price_hour_abs_02_amount: 11.92300
data_price_hour_rel_-13_amount: 11.56400
data_price_hour_abs_03_amount: 11.56400
data_price_hour_rel_-12_amount: 11.29200
data_price_hour_abs_04_amount: 11.29200
data_price_hour_rel_-11_amount: 11.20500
data_price_hour_abs_05_amount: 11.20500
data_price_hour_rel_-10_amount: 11.14100
data_price_hour_abs_06_amount: 11.14100
data_price_hour_rel_-09_amount: 10.80900
data_price_hour_abs_07_amount: 10.80900
data_price_hour_rel_-08_amount: 9.92600
data_price_hour_abs_08_amount: 9.92600
data_price_hour_rel_-07_amount: 8.51500
data_price_hour_abs_09_amount: 8.51500
data_price_hour_rel_-06_amount: 5.86400
data_price_hour_abs_10_amount: 5.86400
data_price_hour_rel_-05_amount: 3.55700
data_price_hour_abs_11_amount: 3.55700
data_price_hour_rel_-04_amount: 1.60600
data_price_hour_abs_12_amount: 1.60600
data_price_hour_rel_-03_amount: 0.75500
data_price_hour_abs_13_amount: 0.75500
data_price_hour_rel_-02_amount: 0.46000
data_price_hour_abs_14_amount: 0.46000
data_price_hour_rel_-01_amount: 1.78500
data_price_hour_abs_15_amount: 1.78500
data_price_hour_rel_+00_amount: 6.69100
data_price_hour_abs_16_amount: 6.69100
data_price_hour_rel_+01_amount: 9.47600
data_price_hour_abs_17_amount: 9.47600
data_price_hour_rel_+02_amount: 12.60000
data_price_hour_abs_18_amount: 12.60000
data_price_hour_rel_+03_amount: 14.25800
data_price_hour_abs_19_amount: 14.25800
data_price_hour_rel_+04_amount: 15.04500
data_price_hour_abs_20_amount: 15.04500
data_price_hour_rel_+05_amount: 15.22000
data_price_hour_abs_21_amount: 15.22000
data_price_hour_rel_+06_amount: 15.09100
data_price_hour_abs_22_amount: 15.09100
data_price_hour_rel_+07_amount: 13.63200
data_price_hour_abs_23_amount: 13.63200