date_now: 2026-06-02 18:16:47
date_now_epoch: 1780417007454
date_now_day: 2
date_now_month: 6
date_now_year: 2026
date_start: 2026-06-02 00:00:00
date_end: 2026-06-02 23:59:59
price_low: 8.02900
price_high: 16.79400
price_median: 12.46550
price_average: 12.20229
price_current: 14.69800
price_unit: Cent/kWh
price_threshold_00: 8.02900
price_threshold_01: 8.47000
price_threshold_02: 8.49600
price_threshold_03: 9.05200
price_threshold_04: 9.07800
price_threshold_05: 9.97400
price_threshold_06: 10.54100
price_threshold_07: 11.22500
price_threshold_08: 12.06300
price_threshold_09: 12.09200
price_threshold_10: 12.10800
price_threshold_11: 12.42200
price_threshold_12: 12.50900
price_threshold_13: 12.52400
price_threshold_14: 13.10300
price_threshold_15: 13.11400
price_threshold_16: 13.17200
price_threshold_17: 13.18000
price_threshold_18: 14.04400
price_threshold_19: 14.20700
price_threshold_20: 14.69800
price_threshold_21: 15.23300
price_threshold_22: 16.72700
price_threshold_23: 16.79400
data_price_hour_rel_-18_amount: 14.20700
data_price_hour_abs_00_amount: 14.20700
data_price_hour_rel_-17_amount: 13.17200
data_price_hour_abs_01_amount: 13.17200
data_price_hour_rel_-16_amount: 12.50900
data_price_hour_abs_02_amount: 12.50900
data_price_hour_rel_-15_amount: 12.09200
data_price_hour_abs_03_amount: 12.09200
data_price_hour_rel_-14_amount: 12.06300
data_price_hour_abs_04_amount: 12.06300
data_price_hour_rel_-13_amount: 12.42200
data_price_hour_abs_05_amount: 12.42200
data_price_hour_rel_-12_amount: 13.10300
data_price_hour_abs_06_amount: 13.10300
data_price_hour_rel_-11_amount: 13.18000
data_price_hour_abs_07_amount: 13.18000
data_price_hour_rel_-10_amount: 12.10800
data_price_hour_abs_08_amount: 12.10800
data_price_hour_rel_-09_amount: 10.54100
data_price_hour_abs_09_amount: 10.54100
data_price_hour_rel_-08_amount: 9.05200
data_price_hour_abs_10_amount: 9.05200
data_price_hour_rel_-07_amount: 8.47000
data_price_hour_abs_11_amount: 8.47000
data_price_hour_rel_-06_amount: 8.02900
data_price_hour_abs_12_amount: 8.02900
data_price_hour_rel_-05_amount: 8.49600
data_price_hour_abs_13_amount: 8.49600
data_price_hour_rel_-04_amount: 9.07800
data_price_hour_abs_14_amount: 9.07800
data_price_hour_rel_-03_amount: 9.97400
data_price_hour_abs_15_amount: 9.97400
data_price_hour_rel_-02_amount: 11.22500
data_price_hour_abs_16_amount: 11.22500
data_price_hour_rel_-01_amount: 13.11400
data_price_hour_abs_17_amount: 13.11400
data_price_hour_rel_+00_amount: 14.69800
data_price_hour_abs_18_amount: 14.69800
data_price_hour_rel_+01_amount: 16.79400
data_price_hour_abs_19_amount: 16.79400
data_price_hour_rel_+02_amount: 16.72700
data_price_hour_abs_20_amount: 16.72700
data_price_hour_rel_+03_amount: 15.23300
data_price_hour_abs_21_amount: 15.23300
data_price_hour_rel_+04_amount: 14.04400
data_price_hour_abs_22_amount: 14.04400
data_price_hour_rel_+05_amount: 12.52400
data_price_hour_abs_23_amount: 12.52400