date_now: 2026-07-22 15:43:31
date_now_epoch: 1784727811876
date_now_day: 22
date_now_month: 7
date_now_year: 2026
date_start: 2026-07-22 00:00:00
date_end: 2026-07-22 23:59:59
price_low: 0.00400
price_high: 16.17600
price_median: 13.34450
price_average: 10.04354
price_current: 0.05000
price_unit: Cent/kWh
price_threshold_00: 0.00400
price_threshold_01: 0.05000
price_threshold_02: 0.12900
price_threshold_03: 0.91500
price_threshold_04: 1.03900
price_threshold_05: 3.09400
price_threshold_06: 6.32100
price_threshold_07: 6.61500
price_threshold_08: 9.09400
price_threshold_09: 10.81000
price_threshold_10: 13.06700
price_threshold_11: 13.19800
price_threshold_12: 13.49100
price_threshold_13: 13.59600
price_threshold_14: 13.78300
price_threshold_15: 14.32300
price_threshold_16: 14.35400
price_threshold_17: 14.53500
price_threshold_18: 14.82900
price_threshold_19: 14.94100
price_threshold_20: 15.21900
price_threshold_21: 15.70100
price_threshold_22: 15.76100
price_threshold_23: 16.17600
data_price_hour_rel_-15_amount: 15.21900
data_price_hour_abs_00_amount: 15.21900
data_price_hour_rel_-14_amount: 14.82900
data_price_hour_abs_01_amount: 14.82900
data_price_hour_rel_-13_amount: 14.32300
data_price_hour_abs_02_amount: 14.32300
data_price_hour_rel_-12_amount: 13.49100
data_price_hour_abs_03_amount: 13.49100
data_price_hour_rel_-11_amount: 13.06700
data_price_hour_abs_04_amount: 13.06700
data_price_hour_rel_-10_amount: 13.59600
data_price_hour_abs_05_amount: 13.59600
data_price_hour_rel_-09_amount: 14.94100
data_price_hour_abs_06_amount: 14.94100
data_price_hour_rel_-08_amount: 14.53500
data_price_hour_abs_07_amount: 14.53500
data_price_hour_rel_-07_amount: 13.19800
data_price_hour_abs_08_amount: 13.19800
data_price_hour_rel_-06_amount: 9.09400
data_price_hour_abs_09_amount: 9.09400
data_price_hour_rel_-05_amount: 6.61500
data_price_hour_abs_10_amount: 6.61500
data_price_hour_rel_-04_amount: 3.09400
data_price_hour_abs_11_amount: 3.09400
data_price_hour_rel_-03_amount: 1.03900
data_price_hour_abs_12_amount: 1.03900
data_price_hour_rel_-02_amount: 0.12900
data_price_hour_abs_13_amount: 0.12900
data_price_hour_rel_-01_amount: 0.00400
data_price_hour_abs_14_amount: 0.00400
data_price_hour_rel_+00_amount: 0.05000
data_price_hour_abs_15_amount: 0.05000
data_price_hour_rel_+01_amount: 0.91500
data_price_hour_abs_16_amount: 0.91500
data_price_hour_rel_+02_amount: 6.32100
data_price_hour_abs_17_amount: 6.32100
data_price_hour_rel_+03_amount: 10.81000
data_price_hour_abs_18_amount: 10.81000
data_price_hour_rel_+04_amount: 13.78300
data_price_hour_abs_19_amount: 13.78300
data_price_hour_rel_+05_amount: 15.70100
data_price_hour_abs_20_amount: 15.70100
data_price_hour_rel_+06_amount: 16.17600
data_price_hour_abs_21_amount: 16.17600
data_price_hour_rel_+07_amount: 15.76100
data_price_hour_abs_22_amount: 15.76100
data_price_hour_rel_+08_amount: 14.35400
data_price_hour_abs_23_amount: 14.35400