date_now: 2026-06-24 16:23:14
date_now_epoch: 1782310994277
date_now_day: 24
date_now_month: 6
date_now_year: 2026
date_start: 2026-06-24 00:00:00
date_end: 2026-06-24 23:59:59
price_low: 7.09800
price_high: 66.58200
price_median: 14.86800
price_average: 20.78392
price_current: 10.93800
price_unit: Cent/kWh
price_threshold_00: 7.09800
price_threshold_01: 7.35100
price_threshold_02: 7.45200
price_threshold_03: 8.45200
price_threshold_04: 8.93500
price_threshold_05: 10.24100
price_threshold_06: 10.93800
price_threshold_07: 11.93100
price_threshold_08: 12.96600
price_threshold_09: 14.40500
price_threshold_10: 14.44600
price_threshold_11: 14.80100
price_threshold_12: 14.93500
price_threshold_13: 15.16200
price_threshold_14: 16.26600
price_threshold_15: 17.26100
price_threshold_16: 17.81700
price_threshold_17: 17.88000
price_threshold_18: 19.67900
price_threshold_19: 26.36100
price_threshold_20: 45.51400
price_threshold_21: 46.32500
price_threshold_22: 66.01600
price_threshold_23: 66.58200
data_price_hour_rel_-16_amount: 17.88000
data_price_hour_abs_00_amount: 17.88000
data_price_hour_rel_-15_amount: 16.26600
data_price_hour_abs_01_amount: 16.26600
data_price_hour_rel_-14_amount: 14.80100
data_price_hour_abs_02_amount: 14.80100
data_price_hour_rel_-13_amount: 14.40500
data_price_hour_abs_03_amount: 14.40500
data_price_hour_rel_-12_amount: 14.44600
data_price_hour_abs_04_amount: 14.44600
data_price_hour_rel_-11_amount: 15.16200
data_price_hour_abs_05_amount: 15.16200
data_price_hour_rel_-10_amount: 17.81700
data_price_hour_abs_06_amount: 17.81700
data_price_hour_rel_-09_amount: 17.26100
data_price_hour_abs_07_amount: 17.26100
data_price_hour_rel_-08_amount: 14.93500
data_price_hour_abs_08_amount: 14.93500
data_price_hour_rel_-07_amount: 11.93100
data_price_hour_abs_09_amount: 11.93100
data_price_hour_rel_-06_amount: 10.24100
data_price_hour_abs_10_amount: 10.24100
data_price_hour_rel_-05_amount: 8.45200
data_price_hour_abs_11_amount: 8.45200
data_price_hour_rel_-04_amount: 7.35100
data_price_hour_abs_12_amount: 7.35100
data_price_hour_rel_-03_amount: 7.09800
data_price_hour_abs_13_amount: 7.09800
data_price_hour_rel_-02_amount: 7.45200
data_price_hour_abs_14_amount: 7.45200
data_price_hour_rel_-01_amount: 8.93500
data_price_hour_abs_15_amount: 8.93500
data_price_hour_rel_+00_amount: 10.93800
data_price_hour_abs_16_amount: 10.93800
data_price_hour_rel_+01_amount: 12.96600
data_price_hour_abs_17_amount: 12.96600
data_price_hour_rel_+02_amount: 19.67900
data_price_hour_abs_18_amount: 19.67900
data_price_hour_rel_+03_amount: 45.51400
data_price_hour_abs_19_amount: 45.51400
data_price_hour_rel_+04_amount: 66.58200
data_price_hour_abs_20_amount: 66.58200
data_price_hour_rel_+05_amount: 66.01600
data_price_hour_abs_21_amount: 66.01600
data_price_hour_rel_+06_amount: 46.32500
data_price_hour_abs_22_amount: 46.32500
data_price_hour_rel_+07_amount: 26.36100
data_price_hour_abs_23_amount: 26.36100