date_now: 2026-01-01 13:37:16
date_now_epoch: 1767271036115
date_now_day: 1
date_now_month: 1
date_now_year: 2026
date_start: 2026-01-01 00:00:00
date_end: 2026-01-01 23:59:59
price_low: -0.00100
price_high: 5.82800
price_median: 0.33000
price_average: 0.97554
price_current: -0.00100
price_unit: Cent/kWh
price_threshold_00: -0.00100
price_threshold_01: -0.00100
price_threshold_02: 0.00000
price_threshold_03: 0.00000
price_threshold_04: 0.00000
price_threshold_05: 0.00200
price_threshold_06: 0.00300
price_threshold_07: 0.00500
price_threshold_08: 0.00600
price_threshold_09: 0.02900
price_threshold_10: 0.08300
price_threshold_11: 0.30900
price_threshold_12: 0.35100
price_threshold_13: 0.62900
price_threshold_14: 0.73700
price_threshold_15: 0.89500
price_threshold_16: 1.00400
price_threshold_17: 1.03500
price_threshold_18: 1.80900
price_threshold_19: 1.95700
price_threshold_20: 2.18000
price_threshold_21: 2.31300
price_threshold_22: 4.24000
price_threshold_23: 5.82800
data_price_hour_rel_-13_amount: 5.82800
data_price_hour_abs_00_amount: 5.82800
data_price_hour_rel_-12_amount: 4.24000
data_price_hour_abs_01_amount: 4.24000
data_price_hour_rel_-11_amount: 1.95700
data_price_hour_abs_02_amount: 1.95700
data_price_hour_rel_-10_amount: 0.62900
data_price_hour_abs_03_amount: 0.62900
data_price_hour_rel_-09_amount: 0.30900
data_price_hour_abs_04_amount: 0.30900
data_price_hour_rel_-08_amount: 0.08300
data_price_hour_abs_05_amount: 0.08300
data_price_hour_rel_-07_amount: 0.00500
data_price_hour_abs_06_amount: 0.00500
data_price_hour_rel_-06_amount: 0.00300
data_price_hour_abs_07_amount: 0.00300
data_price_hour_rel_-05_amount: 0.00600
data_price_hour_abs_08_amount: 0.00600
data_price_hour_rel_-04_amount: 0.00000
data_price_hour_abs_09_amount: 0.00000
data_price_hour_rel_-03_amount: 0.00000
data_price_hour_abs_10_amount: 0.00000
data_price_hour_rel_-02_amount: 0.00000
data_price_hour_abs_11_amount: 0.00000
data_price_hour_rel_-01_amount: -0.00100
data_price_hour_abs_12_amount: -0.00100
data_price_hour_rel_+00_amount: -0.00100
data_price_hour_abs_13_amount: -0.00100
data_price_hour_rel_+01_amount: 0.00200
data_price_hour_abs_14_amount: 0.00200
data_price_hour_rel_+02_amount: 0.35100
data_price_hour_abs_15_amount: 0.35100
data_price_hour_rel_+03_amount: 1.03500
data_price_hour_abs_16_amount: 1.03500
data_price_hour_rel_+04_amount: 2.18000
data_price_hour_abs_17_amount: 2.18000
data_price_hour_rel_+05_amount: 2.31300
data_price_hour_abs_18_amount: 2.31300
data_price_hour_rel_+06_amount: 1.80900
data_price_hour_abs_19_amount: 1.80900
data_price_hour_rel_+07_amount: 1.00400
data_price_hour_abs_20_amount: 1.00400
data_price_hour_rel_+08_amount: 0.89500
data_price_hour_abs_21_amount: 0.89500
data_price_hour_rel_+09_amount: 0.73700
data_price_hour_abs_22_amount: 0.73700
data_price_hour_rel_+10_amount: 0.02900
data_price_hour_abs_23_amount: 0.02900