date_now: 2026-01-22 13:42:24
date_now_epoch: 1769085744267
date_now_day: 22
date_now_month: 1
date_now_year: 2026
date_start: 2026-01-22 00:00:00
date_end: 2026-01-22 23:59:59
price_low: 8.38600
price_high: 13.71200
price_median: 9.89950
price_average: 10.52825
price_current: 8.80700
price_unit: Cent/kWh
price_threshold_00: 8.38600
price_threshold_01: 8.80700
price_threshold_02: 8.90800
price_threshold_03: 9.14500
price_threshold_04: 9.18200
price_threshold_05: 9.25300
price_threshold_06: 9.28000
price_threshold_07: 9.28500
price_threshold_08: 9.31900
price_threshold_09: 9.49100
price_threshold_10: 9.52600
price_threshold_11: 9.73100
price_threshold_12: 10.06800
price_threshold_13: 10.33200
price_threshold_14: 10.69500
price_threshold_15: 10.77800
price_threshold_16: 10.93500
price_threshold_17: 11.44200
price_threshold_18: 12.15700
price_threshold_19: 12.55200
price_threshold_20: 12.96700
price_threshold_21: 13.09000
price_threshold_22: 13.63700
price_threshold_23: 13.71200
data_price_hour_rel_-13_amount: 9.28000
data_price_hour_abs_00_amount: 9.28000
data_price_hour_rel_-12_amount: 9.25300
data_price_hour_abs_01_amount: 9.25300
data_price_hour_rel_-11_amount: 9.14500
data_price_hour_abs_02_amount: 9.14500
data_price_hour_rel_-10_amount: 9.18200
data_price_hour_abs_03_amount: 9.18200
data_price_hour_rel_-09_amount: 9.28500
data_price_hour_abs_04_amount: 9.28500
data_price_hour_rel_-08_amount: 9.31900
data_price_hour_abs_05_amount: 9.31900
data_price_hour_rel_-07_amount: 10.06800
data_price_hour_abs_06_amount: 10.06800
data_price_hour_rel_-06_amount: 12.55200
data_price_hour_abs_07_amount: 12.55200
data_price_hour_rel_-05_amount: 13.71200
data_price_hour_abs_08_amount: 13.71200
data_price_hour_rel_-04_amount: 11.44200
data_price_hour_abs_09_amount: 11.44200
data_price_hour_rel_-03_amount: 9.52600
data_price_hour_abs_10_amount: 9.52600
data_price_hour_rel_-02_amount: 8.90800
data_price_hour_abs_11_amount: 8.90800
data_price_hour_rel_-01_amount: 8.38600
data_price_hour_abs_12_amount: 8.38600
data_price_hour_rel_+00_amount: 8.80700
data_price_hour_abs_13_amount: 8.80700
data_price_hour_rel_+01_amount: 9.49100
data_price_hour_abs_14_amount: 9.49100
data_price_hour_rel_+02_amount: 10.77800
data_price_hour_abs_15_amount: 10.77800
data_price_hour_rel_+03_amount: 13.09000
data_price_hour_abs_16_amount: 13.09000
data_price_hour_rel_+04_amount: 13.63700
data_price_hour_abs_17_amount: 13.63700
data_price_hour_rel_+05_amount: 12.96700
data_price_hour_abs_18_amount: 12.96700
data_price_hour_rel_+06_amount: 12.15700
data_price_hour_abs_19_amount: 12.15700
data_price_hour_rel_+07_amount: 10.93500
data_price_hour_abs_20_amount: 10.93500
data_price_hour_rel_+08_amount: 10.69500
data_price_hour_abs_21_amount: 10.69500
data_price_hour_rel_+09_amount: 10.33200
data_price_hour_abs_22_amount: 10.33200
data_price_hour_rel_+10_amount: 9.73100
data_price_hour_abs_23_amount: 9.73100