date_now: 2026-01-26 13:41:30
date_now_epoch: 1769431290414
date_now_day: 26
date_now_month: 1
date_now_year: 2026
date_start: 2026-01-26 00:00:00
date_end: 2026-01-26 23:59:59
price_low: 9.50300
price_high: 17.87000
price_median: 15.13000
price_average: 14.13100
price_current: 14.94000
price_unit: Cent/kWh
price_threshold_00: 9.50300
price_threshold_01: 9.58500
price_threshold_02: 9.71900
price_threshold_03: 9.87300
price_threshold_04: 10.11100
price_threshold_05: 10.39300
price_threshold_06: 11.16900
price_threshold_07: 11.42800
price_threshold_08: 12.15000
price_threshold_09: 13.71100
price_threshold_10: 14.77800
price_threshold_11: 14.94000
price_threshold_12: 15.32000
price_threshold_13: 15.41700
price_threshold_14: 15.60300
price_threshold_15: 15.99700
price_threshold_16: 16.63300
price_threshold_17: 16.99700
price_threshold_18: 17.03400
price_threshold_19: 17.51300
price_threshold_20: 17.79700
price_threshold_21: 17.80100
price_threshold_22: 17.80200
price_threshold_23: 17.87000
data_price_hour_rel_-13_amount: 10.39300
data_price_hour_abs_00_amount: 10.39300
data_price_hour_rel_-12_amount: 10.11100
data_price_hour_abs_01_amount: 10.11100
data_price_hour_rel_-11_amount: 9.87300
data_price_hour_abs_02_amount: 9.87300
data_price_hour_rel_-10_amount: 9.58500
data_price_hour_abs_03_amount: 9.58500
data_price_hour_rel_-09_amount: 9.50300
data_price_hour_abs_04_amount: 9.50300
data_price_hour_rel_-08_amount: 9.71900
data_price_hour_abs_05_amount: 9.71900
data_price_hour_rel_-07_amount: 11.42800
data_price_hour_abs_06_amount: 11.42800
data_price_hour_rel_-06_amount: 15.32000
data_price_hour_abs_07_amount: 15.32000
data_price_hour_rel_-05_amount: 17.51300
data_price_hour_abs_08_amount: 17.51300
data_price_hour_rel_-04_amount: 17.79700
data_price_hour_abs_09_amount: 17.79700
data_price_hour_rel_-03_amount: 17.80100
data_price_hour_abs_10_amount: 17.80100
data_price_hour_rel_-02_amount: 17.03400
data_price_hour_abs_11_amount: 17.03400
data_price_hour_rel_-01_amount: 15.60300
data_price_hour_abs_12_amount: 15.60300
data_price_hour_rel_+00_amount: 14.94000
data_price_hour_abs_13_amount: 14.94000
data_price_hour_rel_+01_amount: 14.77800
data_price_hour_abs_14_amount: 14.77800
data_price_hour_rel_+02_amount: 15.99700
data_price_hour_abs_15_amount: 15.99700
data_price_hour_rel_+03_amount: 16.63300
data_price_hour_abs_16_amount: 16.63300
data_price_hour_rel_+04_amount: 17.87000
data_price_hour_abs_17_amount: 17.87000
data_price_hour_rel_+05_amount: 17.80200
data_price_hour_abs_18_amount: 17.80200
data_price_hour_rel_+06_amount: 16.99700
data_price_hour_abs_19_amount: 16.99700
data_price_hour_rel_+07_amount: 15.41700
data_price_hour_abs_20_amount: 15.41700
data_price_hour_rel_+08_amount: 13.71100
data_price_hour_abs_21_amount: 13.71100
data_price_hour_rel_+09_amount: 12.15000
data_price_hour_abs_22_amount: 12.15000
data_price_hour_rel_+10_amount: 11.16900
data_price_hour_abs_23_amount: 11.16900