date_now: 2026-05-17 15:13:37
date_now_epoch: 1779023617039
date_now_day: 17
date_now_month: 5
date_now_year: 2026
date_start: 2026-05-17 00:00:00
date_end: 2026-05-17 23:59:59
price_low: 0.00000
price_high: 15.67100
price_median: 10.28850
price_average: 8.30046
price_current: 1.13100
price_unit: Cent/kWh
price_threshold_00: 0.00000
price_threshold_01: 0.05600
price_threshold_02: 0.08200
price_threshold_03: 0.09800
price_threshold_04: 0.34900
price_threshold_05: 1.13100
price_threshold_06: 1.89700
price_threshold_07: 5.24400
price_threshold_08: 5.38400
price_threshold_09: 8.08000
price_threshold_10: 9.87900
price_threshold_11: 10.03200
price_threshold_12: 10.54500
price_threshold_13: 10.91700
price_threshold_14: 11.39000
price_threshold_15: 11.55700
price_threshold_16: 11.90600
price_threshold_17: 12.77200
price_threshold_18: 12.93900
price_threshold_19: 14.25800
price_threshold_20: 14.30700
price_threshold_21: 15.13700
price_threshold_22: 15.58000
price_threshold_23: 15.67100
data_price_hour_rel_-15_amount: 12.77200
data_price_hour_abs_00_amount: 12.77200
data_price_hour_rel_-14_amount: 11.90600
data_price_hour_abs_01_amount: 11.90600
data_price_hour_rel_-13_amount: 11.55700
data_price_hour_abs_02_amount: 11.55700
data_price_hour_rel_-12_amount: 11.39000
data_price_hour_abs_03_amount: 11.39000
data_price_hour_rel_-11_amount: 10.91700
data_price_hour_abs_04_amount: 10.91700
data_price_hour_rel_-10_amount: 10.54500
data_price_hour_abs_05_amount: 10.54500
data_price_hour_rel_-09_amount: 9.87900
data_price_hour_abs_06_amount: 9.87900
data_price_hour_rel_-08_amount: 8.08000
data_price_hour_abs_07_amount: 8.08000
data_price_hour_rel_-07_amount: 5.38400
data_price_hour_abs_08_amount: 5.38400
data_price_hour_rel_-06_amount: 1.89700
data_price_hour_abs_09_amount: 1.89700
data_price_hour_rel_-05_amount: 0.34900
data_price_hour_abs_10_amount: 0.34900
data_price_hour_rel_-04_amount: 0.05600
data_price_hour_abs_11_amount: 0.05600
data_price_hour_rel_-03_amount: 0.08200
data_price_hour_abs_12_amount: 0.08200
data_price_hour_rel_-02_amount: 0.00000
data_price_hour_abs_13_amount: 0.00000
data_price_hour_rel_-01_amount: 0.09800
data_price_hour_abs_14_amount: 0.09800
data_price_hour_rel_+00_amount: 1.13100
data_price_hour_abs_15_amount: 1.13100
data_price_hour_rel_+01_amount: 5.24400
data_price_hour_abs_16_amount: 5.24400
data_price_hour_rel_+02_amount: 10.03200
data_price_hour_abs_17_amount: 10.03200
data_price_hour_rel_+03_amount: 12.93900
data_price_hour_abs_18_amount: 12.93900
data_price_hour_rel_+04_amount: 14.30700
data_price_hour_abs_19_amount: 14.30700
data_price_hour_rel_+05_amount: 15.58000
data_price_hour_abs_20_amount: 15.58000
data_price_hour_rel_+06_amount: 15.67100
data_price_hour_abs_21_amount: 15.67100
data_price_hour_rel_+07_amount: 15.13700
data_price_hour_abs_22_amount: 15.13700
data_price_hour_rel_+08_amount: 14.25800
data_price_hour_abs_23_amount: 14.25800