date_now: 2026-02-22 13:42:06
date_now_epoch: 1771764126946
date_now_day: 22
date_now_month: 2
date_now_year: 2026
date_start: 2026-02-22 00:00:00
date_end: 2026-02-22 23:59:59
price_low: 3.48800
price_high: 7.94400
price_median: 5.22300
price_average: 5.38629
price_current: 4.50800
price_unit: Cent/kWh
price_threshold_00: 3.48800
price_threshold_01: 3.82900
price_threshold_02: 3.90200
price_threshold_03: 4.09600
price_threshold_04: 4.15000
price_threshold_05: 4.33100
price_threshold_06: 4.40600
price_threshold_07: 4.50800
price_threshold_08: 4.73600
price_threshold_09: 4.79400
price_threshold_10: 5.05900
price_threshold_11: 5.19500
price_threshold_12: 5.25100
price_threshold_13: 5.39600
price_threshold_14: 5.51000
price_threshold_15: 5.54600
price_threshold_16: 5.66800
price_threshold_17: 5.69300
price_threshold_18: 6.76900
price_threshold_19: 6.85200
price_threshold_20: 7.04100
price_threshold_21: 7.51200
price_threshold_22: 7.59500
price_threshold_23: 7.94400
data_price_hour_rel_-13_amount: 5.66800
data_price_hour_abs_00_amount: 5.66800
data_price_hour_rel_-12_amount: 5.25100
data_price_hour_abs_01_amount: 5.25100
data_price_hour_rel_-11_amount: 4.40600
data_price_hour_abs_02_amount: 4.40600
data_price_hour_rel_-10_amount: 4.09600
data_price_hour_abs_03_amount: 4.09600
data_price_hour_rel_-09_amount: 3.90200
data_price_hour_abs_04_amount: 3.90200
data_price_hour_rel_-08_amount: 3.82900
data_price_hour_abs_05_amount: 3.82900
data_price_hour_rel_-07_amount: 3.48800
data_price_hour_abs_06_amount: 3.48800
data_price_hour_rel_-06_amount: 4.15000
data_price_hour_abs_07_amount: 4.15000
data_price_hour_rel_-05_amount: 4.73600
data_price_hour_abs_08_amount: 4.73600
data_price_hour_rel_-04_amount: 5.54600
data_price_hour_abs_09_amount: 5.54600
data_price_hour_rel_-03_amount: 5.51000
data_price_hour_abs_10_amount: 5.51000
data_price_hour_rel_-02_amount: 5.39600
data_price_hour_abs_11_amount: 5.39600
data_price_hour_rel_-01_amount: 5.05900
data_price_hour_abs_12_amount: 5.05900
data_price_hour_rel_+00_amount: 4.50800
data_price_hour_abs_13_amount: 4.50800
data_price_hour_rel_+01_amount: 4.33100
data_price_hour_abs_14_amount: 4.33100
data_price_hour_rel_+02_amount: 4.79400
data_price_hour_abs_15_amount: 4.79400
data_price_hour_rel_+03_amount: 5.69300
data_price_hour_abs_16_amount: 5.69300
data_price_hour_rel_+04_amount: 7.59500
data_price_hour_abs_17_amount: 7.59500
data_price_hour_rel_+05_amount: 7.94400
data_price_hour_abs_18_amount: 7.94400
data_price_hour_rel_+06_amount: 7.51200
data_price_hour_abs_19_amount: 7.51200
data_price_hour_rel_+07_amount: 6.85200
data_price_hour_abs_20_amount: 6.85200
data_price_hour_rel_+08_amount: 6.76900
data_price_hour_abs_21_amount: 6.76900
data_price_hour_rel_+09_amount: 7.04100
data_price_hour_abs_22_amount: 7.04100
data_price_hour_rel_+10_amount: 5.19500
data_price_hour_abs_23_amount: 5.19500