date_now: 2026-02-02 13:53:25
date_now_epoch: 1770036805665
date_now_day: 2
date_now_month: 2
date_now_year: 2026
date_start: 2026-02-02 00:00:00
date_end: 2026-02-02 23:59:59
price_low: 9.10000
price_high: 14.01600
price_median: 10.45000
price_average: 10.77446
price_current: 10.40000
price_unit: Cent/kWh
price_threshold_00: 9.10000
price_threshold_01: 9.13900
price_threshold_02: 9.17300
price_threshold_03: 9.47200
price_threshold_04: 9.50900
price_threshold_05: 9.79900
price_threshold_06: 9.95900
price_threshold_07: 10.12300
price_threshold_08: 10.20200
price_threshold_09: 10.22600
price_threshold_10: 10.29000
price_threshold_11: 10.40000
price_threshold_12: 10.50000
price_threshold_13: 10.50800
price_threshold_14: 10.65800
price_threshold_15: 10.92100
price_threshold_16: 10.97800
price_threshold_17: 11.46700
price_threshold_18: 11.82000
price_threshold_19: 11.89700
price_threshold_20: 12.28900
price_threshold_21: 12.45400
price_threshold_22: 13.68700
price_threshold_23: 14.01600
data_price_hour_rel_-13_amount: 9.95900
data_price_hour_abs_00_amount: 9.95900
data_price_hour_rel_-12_amount: 9.79900
data_price_hour_abs_01_amount: 9.79900
data_price_hour_rel_-11_amount: 9.50900
data_price_hour_abs_02_amount: 9.50900
data_price_hour_rel_-10_amount: 9.10000
data_price_hour_abs_03_amount: 9.10000
data_price_hour_rel_-09_amount: 9.17300
data_price_hour_abs_04_amount: 9.17300
data_price_hour_rel_-08_amount: 9.47200
data_price_hour_abs_05_amount: 9.47200
data_price_hour_rel_-07_amount: 10.65800
data_price_hour_abs_06_amount: 10.65800
data_price_hour_rel_-06_amount: 12.28900
data_price_hour_abs_07_amount: 12.28900
data_price_hour_rel_-05_amount: 13.68700
data_price_hour_abs_08_amount: 13.68700
data_price_hour_rel_-04_amount: 14.01600
data_price_hour_abs_09_amount: 14.01600
data_price_hour_rel_-03_amount: 12.45400
data_price_hour_abs_10_amount: 12.45400
data_price_hour_rel_-02_amount: 11.46700
data_price_hour_abs_11_amount: 11.46700
data_price_hour_rel_-01_amount: 10.92100
data_price_hour_abs_12_amount: 10.92100
data_price_hour_rel_+00_amount: 10.40000
data_price_hour_abs_13_amount: 10.40000
data_price_hour_rel_+01_amount: 10.29000
data_price_hour_abs_14_amount: 10.29000
data_price_hour_rel_+02_amount: 10.50800
data_price_hour_abs_15_amount: 10.50800
data_price_hour_rel_+03_amount: 10.97800
data_price_hour_abs_16_amount: 10.97800
data_price_hour_rel_+04_amount: 11.82000
data_price_hour_abs_17_amount: 11.82000
data_price_hour_rel_+05_amount: 11.89700
data_price_hour_abs_18_amount: 11.89700
data_price_hour_rel_+06_amount: 10.50000
data_price_hour_abs_19_amount: 10.50000
data_price_hour_rel_+07_amount: 10.22600
data_price_hour_abs_20_amount: 10.22600
data_price_hour_rel_+08_amount: 10.20200
data_price_hour_abs_21_amount: 10.20200
data_price_hour_rel_+09_amount: 10.12300
data_price_hour_abs_22_amount: 10.12300
data_price_hour_rel_+10_amount: 9.13900
data_price_hour_abs_23_amount: 9.13900