date_now: 2026-05-12 16:15:16
date_now_epoch: 1778595316023
date_now_day: 12
date_now_month: 5
date_now_year: 2026
date_start: 2026-05-12 00:00:00
date_end: 2026-05-12 23:59:59
price_low: 1.99700
price_high: 14.29900
price_median: 9.46800
price_average: 9.33075
price_current: 7.44100
price_unit: Cent/kWh
price_threshold_00: 1.99700
price_threshold_01: 2.73300
price_threshold_02: 4.47600
price_threshold_03: 4.59100
price_threshold_04: 6.35400
price_threshold_05: 7.44100
price_threshold_06: 7.95600
price_threshold_07: 8.99000
price_threshold_08: 9.13800
price_threshold_09: 9.17300
price_threshold_10: 9.40000
price_threshold_11: 9.40800
price_threshold_12: 9.52800
price_threshold_13: 9.60000
price_threshold_14: 9.90700
price_threshold_15: 11.12600
price_threshold_16: 11.21500
price_threshold_17: 11.48800
price_threshold_18: 11.83500
price_threshold_19: 12.25800
price_threshold_20: 13.12300
price_threshold_21: 13.62800
price_threshold_22: 14.27400
price_threshold_23: 14.29900
data_price_hour_rel_-16_amount: 9.90700
data_price_hour_abs_00_amount: 9.90700
data_price_hour_rel_-15_amount: 9.52800
data_price_hour_abs_01_amount: 9.52800
data_price_hour_rel_-14_amount: 9.17300
data_price_hour_abs_02_amount: 9.17300
data_price_hour_rel_-13_amount: 8.99000
data_price_hour_abs_03_amount: 8.99000
data_price_hour_rel_-12_amount: 9.13800
data_price_hour_abs_04_amount: 9.13800
data_price_hour_rel_-11_amount: 9.40000
data_price_hour_abs_05_amount: 9.40000
data_price_hour_rel_-10_amount: 11.12600
data_price_hour_abs_06_amount: 11.12600
data_price_hour_rel_-09_amount: 12.25800
data_price_hour_abs_07_amount: 12.25800
data_price_hour_rel_-08_amount: 11.21500
data_price_hour_abs_08_amount: 11.21500
data_price_hour_rel_-07_amount: 9.40800
data_price_hour_abs_09_amount: 9.40800
data_price_hour_rel_-06_amount: 7.95600
data_price_hour_abs_10_amount: 7.95600
data_price_hour_rel_-05_amount: 6.35400
data_price_hour_abs_11_amount: 6.35400
data_price_hour_rel_-04_amount: 4.59100
data_price_hour_abs_12_amount: 4.59100
data_price_hour_rel_-03_amount: 2.73300
data_price_hour_abs_13_amount: 2.73300
data_price_hour_rel_-02_amount: 1.99700
data_price_hour_abs_14_amount: 1.99700
data_price_hour_rel_-01_amount: 4.47600
data_price_hour_abs_15_amount: 4.47600
data_price_hour_rel_+00_amount: 7.44100
data_price_hour_abs_16_amount: 7.44100
data_price_hour_rel_+01_amount: 9.60000
data_price_hour_abs_17_amount: 9.60000
data_price_hour_rel_+02_amount: 11.48800
data_price_hour_abs_18_amount: 11.48800
data_price_hour_rel_+03_amount: 13.62800
data_price_hour_abs_19_amount: 13.62800
data_price_hour_rel_+04_amount: 14.29900
data_price_hour_abs_20_amount: 14.29900
data_price_hour_rel_+05_amount: 14.27400
data_price_hour_abs_21_amount: 14.27400
data_price_hour_rel_+06_amount: 13.12300
data_price_hour_abs_22_amount: 13.12300
data_price_hour_rel_+07_amount: 11.83500
data_price_hour_abs_23_amount: 11.83500