date_now: 2026-05-26 17:17:37
date_now_epoch: 1779808657959
date_now_day: 26
date_now_month: 5
date_now_year: 2026
date_start: 2026-05-26 00:00:00
date_end: 2026-05-26 23:59:59
price_low: -0.25000
price_high: 21.79500
price_median: 12.16150
price_average: 9.78687
price_current: 8.96900
price_unit: Cent/kWh
price_threshold_00: -0.25000
price_threshold_01: -0.18300
price_threshold_02: -0.08400
price_threshold_03: -0.00200
price_threshold_04: -0.00100
price_threshold_05: 0.65200
price_threshold_06: 1.31200
price_threshold_07: 7.88000
price_threshold_08: 8.96900
price_threshold_09: 11.95300
price_threshold_10: 12.06500
price_threshold_11: 12.11800
price_threshold_12: 12.20500
price_threshold_13: 12.56500
price_threshold_14: 12.89100
price_threshold_15: 13.05300
price_threshold_16: 13.47900
price_threshold_17: 13.63600
price_threshold_18: 14.15400
price_threshold_19: 14.31100
price_threshold_20: 15.37800
price_threshold_21: 18.47900
price_threshold_22: 18.51000
price_threshold_23: 21.79500
data_price_hour_rel_-17_amount: 13.63600
data_price_hour_abs_00_amount: 13.63600
data_price_hour_rel_-16_amount: 12.56500
data_price_hour_abs_01_amount: 12.56500
data_price_hour_rel_-15_amount: 12.06500
data_price_hour_abs_02_amount: 12.06500
data_price_hour_rel_-14_amount: 12.11800
data_price_hour_abs_03_amount: 12.11800
data_price_hour_rel_-13_amount: 11.95300
data_price_hour_abs_04_amount: 11.95300
data_price_hour_rel_-12_amount: 12.89100
data_price_hour_abs_05_amount: 12.89100
data_price_hour_rel_-11_amount: 14.31100
data_price_hour_abs_06_amount: 14.31100
data_price_hour_rel_-10_amount: 14.15400
data_price_hour_abs_07_amount: 14.15400
data_price_hour_rel_-09_amount: 12.20500
data_price_hour_abs_08_amount: 12.20500
data_price_hour_rel_-08_amount: 7.88000
data_price_hour_abs_09_amount: 7.88000
data_price_hour_rel_-07_amount: 0.65200
data_price_hour_abs_10_amount: 0.65200
data_price_hour_rel_-06_amount: -0.00100
data_price_hour_abs_11_amount: -0.00100
data_price_hour_rel_-05_amount: -0.18300
data_price_hour_abs_12_amount: -0.18300
data_price_hour_rel_-04_amount: -0.25000
data_price_hour_abs_13_amount: -0.25000
data_price_hour_rel_-03_amount: -0.08400
data_price_hour_abs_14_amount: -0.08400
data_price_hour_rel_-02_amount: -0.00200
data_price_hour_abs_15_amount: -0.00200
data_price_hour_rel_-01_amount: 1.31200
data_price_hour_abs_16_amount: 1.31200
data_price_hour_rel_+00_amount: 8.96900
data_price_hour_abs_17_amount: 8.96900
data_price_hour_rel_+01_amount: 13.47900
data_price_hour_abs_18_amount: 13.47900
data_price_hour_rel_+02_amount: 18.51000
data_price_hour_abs_19_amount: 18.51000
data_price_hour_rel_+03_amount: 21.79500
data_price_hour_abs_20_amount: 21.79500
data_price_hour_rel_+04_amount: 18.47900
data_price_hour_abs_21_amount: 18.47900
data_price_hour_rel_+05_amount: 15.37800
data_price_hour_abs_22_amount: 15.37800
data_price_hour_rel_+06_amount: 13.05300
data_price_hour_abs_23_amount: 13.05300