date_now: 2026-06-16 18:46:32
date_now_epoch: 1781628392709
date_now_day: 16
date_now_month: 6
date_now_year: 2026
date_start: 2026-06-16 00:00:00
date_end: 2026-06-16 23:59:59
price_low: 5.07300
price_high: 18.14200
price_median: 11.44500
price_average: 11.30800
price_current: 12.71100
price_unit: Cent/kWh
price_threshold_00: 5.07300
price_threshold_01: 5.42600
price_threshold_02: 6.02200
price_threshold_03: 6.65000
price_threshold_04: 8.05400
price_threshold_05: 8.14600
price_threshold_06: 8.59800
price_threshold_07: 10.95000
price_threshold_08: 10.97200
price_threshold_09: 11.09900
price_threshold_10: 11.12400
price_threshold_11: 11.37800
price_threshold_12: 11.51200
price_threshold_13: 11.73200
price_threshold_14: 12.28300
price_threshold_15: 12.63200
price_threshold_16: 12.71100
price_threshold_17: 12.79900
price_threshold_18: 13.17000
price_threshold_19: 14.31100
price_threshold_20: 14.81200
price_threshold_21: 16.38600
price_threshold_22: 17.41000
price_threshold_23: 18.14200
data_price_hour_rel_-18_amount: 12.28300
data_price_hour_abs_00_amount: 12.28300
data_price_hour_rel_-17_amount: 11.73200
data_price_hour_abs_01_amount: 11.73200
data_price_hour_rel_-16_amount: 11.37800
data_price_hour_abs_02_amount: 11.37800
data_price_hour_rel_-15_amount: 11.09900
data_price_hour_abs_03_amount: 11.09900
data_price_hour_rel_-14_amount: 11.12400
data_price_hour_abs_04_amount: 11.12400
data_price_hour_rel_-13_amount: 11.51200
data_price_hour_abs_05_amount: 11.51200
data_price_hour_rel_-12_amount: 12.79900
data_price_hour_abs_06_amount: 12.79900
data_price_hour_rel_-11_amount: 13.17000
data_price_hour_abs_07_amount: 13.17000
data_price_hour_rel_-10_amount: 12.63200
data_price_hour_abs_08_amount: 12.63200
data_price_hour_rel_-09_amount: 10.95000
data_price_hour_abs_09_amount: 10.95000
data_price_hour_rel_-08_amount: 8.59800
data_price_hour_abs_10_amount: 8.59800
data_price_hour_rel_-07_amount: 8.05400
data_price_hour_abs_11_amount: 8.05400
data_price_hour_rel_-06_amount: 6.65000
data_price_hour_abs_12_amount: 6.65000
data_price_hour_rel_-05_amount: 5.42600
data_price_hour_abs_13_amount: 5.42600
data_price_hour_rel_-04_amount: 5.07300
data_price_hour_abs_14_amount: 5.07300
data_price_hour_rel_-03_amount: 6.02200
data_price_hour_abs_15_amount: 6.02200
data_price_hour_rel_-02_amount: 8.14600
data_price_hour_abs_16_amount: 8.14600
data_price_hour_rel_-01_amount: 10.97200
data_price_hour_abs_17_amount: 10.97200
data_price_hour_rel_+00_amount: 12.71100
data_price_hour_abs_18_amount: 12.71100
data_price_hour_rel_+01_amount: 14.81200
data_price_hour_abs_19_amount: 14.81200
data_price_hour_rel_+02_amount: 17.41000
data_price_hour_abs_20_amount: 17.41000
data_price_hour_rel_+03_amount: 18.14200
data_price_hour_abs_21_amount: 18.14200
data_price_hour_rel_+04_amount: 16.38600
data_price_hour_abs_22_amount: 16.38600
data_price_hour_rel_+05_amount: 14.31100
data_price_hour_abs_23_amount: 14.31100