date_now: 2026-03-02 13:52:28
date_now_epoch: 1772455948809
date_now_day: 2
date_now_month: 3
date_now_year: 2026
date_start: 2026-03-02 00:00:00
date_end: 2026-03-02 23:59:59
price_low: 2.90700
price_high: 18.80000
price_median: 8.69650
price_average: 9.28658
price_current: 4.02500
price_unit: Cent/kWh
price_threshold_00: 2.90700
price_threshold_01: 4.02500
price_threshold_02: 5.35600
price_threshold_03: 6.40300
price_threshold_04: 6.51300
price_threshold_05: 6.69500
price_threshold_06: 6.90100
price_threshold_07: 6.95700
price_threshold_08: 6.99000
price_threshold_09: 7.40300
price_threshold_10: 8.49900
price_threshold_11: 8.50300
price_threshold_12: 8.89000
price_threshold_13: 8.94600
price_threshold_14: 9.64700
price_threshold_15: 9.68000
price_threshold_16: 10.01700
price_threshold_17: 10.76900
price_threshold_18: 10.91500
price_threshold_19: 12.48600
price_threshold_20: 13.86500
price_threshold_21: 14.36100
price_threshold_22: 17.35000
price_threshold_23: 18.80000
data_price_hour_rel_-13_amount: 6.51300
data_price_hour_abs_00_amount: 6.51300
data_price_hour_rel_-12_amount: 6.69500
data_price_hour_abs_01_amount: 6.69500
data_price_hour_rel_-11_amount: 6.90100
data_price_hour_abs_02_amount: 6.90100
data_price_hour_rel_-10_amount: 6.95700
data_price_hour_abs_03_amount: 6.95700
data_price_hour_rel_-09_amount: 7.40300
data_price_hour_abs_04_amount: 7.40300
data_price_hour_rel_-08_amount: 8.50300
data_price_hour_abs_05_amount: 8.50300
data_price_hour_rel_-07_amount: 10.01700
data_price_hour_abs_06_amount: 10.01700
data_price_hour_rel_-06_amount: 13.86500
data_price_hour_abs_07_amount: 13.86500
data_price_hour_rel_-05_amount: 12.48600
data_price_hour_abs_08_amount: 12.48600
data_price_hour_rel_-04_amount: 8.94600
data_price_hour_abs_09_amount: 8.94600
data_price_hour_rel_-03_amount: 6.99000
data_price_hour_abs_10_amount: 6.99000
data_price_hour_rel_-02_amount: 5.35600
data_price_hour_abs_11_amount: 5.35600
data_price_hour_rel_-01_amount: 2.90700
data_price_hour_abs_12_amount: 2.90700
data_price_hour_rel_+00_amount: 4.02500
data_price_hour_abs_13_amount: 4.02500
data_price_hour_rel_+01_amount: 6.40300
data_price_hour_abs_14_amount: 6.40300
data_price_hour_rel_+02_amount: 8.49900
data_price_hour_abs_15_amount: 8.49900
data_price_hour_rel_+03_amount: 10.91500
data_price_hour_abs_16_amount: 10.91500
data_price_hour_rel_+04_amount: 17.35000
data_price_hour_abs_17_amount: 17.35000
data_price_hour_rel_+05_amount: 18.80000
data_price_hour_abs_18_amount: 18.80000
data_price_hour_rel_+06_amount: 14.36100
data_price_hour_abs_19_amount: 14.36100
data_price_hour_rel_+07_amount: 10.76900
data_price_hour_abs_20_amount: 10.76900
data_price_hour_rel_+08_amount: 9.64700
data_price_hour_abs_21_amount: 9.64700
data_price_hour_rel_+09_amount: 9.68000
data_price_hour_abs_22_amount: 9.68000
data_price_hour_rel_+10_amount: 8.89000
data_price_hour_abs_23_amount: 8.89000