date_now: 2026-01-28 13:42:47
date_now_epoch: 1769604167708
date_now_day: 28
date_now_month: 1
date_now_year: 2026
date_start: 2026-01-28 00:00:00
date_end: 2026-01-28 23:59:59
price_low: 10.22400
price_high: 17.36500
price_median: 14.23700
price_average: 13.68300
price_current: 14.79100
price_unit: Cent/kWh
price_threshold_00: 10.22400
price_threshold_01: 10.44700
price_threshold_02: 10.44700
price_threshold_03: 10.47100
price_threshold_04: 10.54800
price_threshold_05: 10.66000
price_threshold_06: 11.09600
price_threshold_07: 11.37000
price_threshold_08: 11.70000
price_threshold_09: 11.90100
price_threshold_10: 13.42700
price_threshold_11: 14.11400
price_threshold_12: 14.36000
price_threshold_13: 14.50400
price_threshold_14: 14.71300
price_threshold_15: 14.79100
price_threshold_16: 15.70900
price_threshold_17: 16.12300
price_threshold_18: 16.42200
price_threshold_19: 16.62400
price_threshold_20: 17.04300
price_threshold_21: 17.10000
price_threshold_22: 17.23300
price_threshold_23: 17.36500
data_price_hour_rel_-13_amount: 10.54800
data_price_hour_abs_00_amount: 10.54800
data_price_hour_rel_-12_amount: 10.44700
data_price_hour_abs_01_amount: 10.44700
data_price_hour_rel_-11_amount: 10.44700
data_price_hour_abs_02_amount: 10.44700
data_price_hour_rel_-10_amount: 10.22400
data_price_hour_abs_03_amount: 10.22400
data_price_hour_rel_-09_amount: 10.47100
data_price_hour_abs_04_amount: 10.47100
data_price_hour_rel_-08_amount: 10.66000
data_price_hour_abs_05_amount: 10.66000
data_price_hour_rel_-07_amount: 11.37000
data_price_hour_abs_06_amount: 11.37000
data_price_hour_rel_-06_amount: 14.36000
data_price_hour_abs_07_amount: 14.36000
data_price_hour_rel_-05_amount: 17.10000
data_price_hour_abs_08_amount: 17.10000
data_price_hour_rel_-04_amount: 17.36500
data_price_hour_abs_09_amount: 17.36500
data_price_hour_rel_-03_amount: 17.23300
data_price_hour_abs_10_amount: 17.23300
data_price_hour_rel_-02_amount: 16.62400
data_price_hour_abs_11_amount: 16.62400
data_price_hour_rel_-01_amount: 15.70900
data_price_hour_abs_12_amount: 15.70900
data_price_hour_rel_+00_amount: 14.79100
data_price_hour_abs_13_amount: 14.79100
data_price_hour_rel_+01_amount: 14.50400
data_price_hour_abs_14_amount: 14.50400
data_price_hour_rel_+02_amount: 14.11400
data_price_hour_abs_15_amount: 14.11400
data_price_hour_rel_+03_amount: 14.71300
data_price_hour_abs_16_amount: 14.71300
data_price_hour_rel_+04_amount: 16.42200
data_price_hour_abs_17_amount: 16.42200
data_price_hour_rel_+05_amount: 17.04300
data_price_hour_abs_18_amount: 17.04300
data_price_hour_rel_+06_amount: 16.12300
data_price_hour_abs_19_amount: 16.12300
data_price_hour_rel_+07_amount: 13.42700
data_price_hour_abs_20_amount: 13.42700
data_price_hour_rel_+08_amount: 11.90100
data_price_hour_abs_21_amount: 11.90100
data_price_hour_rel_+09_amount: 11.70000
data_price_hour_abs_22_amount: 11.70000
data_price_hour_rel_+10_amount: 11.09600
data_price_hour_abs_23_amount: 11.09600