date_now: 2026-06-04 16:51:52
date_now_epoch: 1780584712875
date_now_day: 4
date_now_month: 6
date_now_year: 2026
date_start: 2026-06-04 00:00:00
date_end: 2026-06-04 23:59:59
price_low: -0.00500
price_high: 11.79600
price_median: 7.06700
price_average: 6.13413
price_current: 2.86400
price_unit: Cent/kWh
price_threshold_00: -0.00500
price_threshold_01: -0.00400
price_threshold_02: -0.00300
price_threshold_03: 0.00000
price_threshold_04: 0.16200
price_threshold_05: 0.47900
price_threshold_06: 2.86400
price_threshold_07: 3.41300
price_threshold_08: 6.69200
price_threshold_09: 6.74700
price_threshold_10: 6.82900
price_threshold_11: 7.01500
price_threshold_12: 7.11900
price_threshold_13: 7.39700
price_threshold_14: 7.54900
price_threshold_15: 7.56200
price_threshold_16: 8.62100
price_threshold_17: 8.70800
price_threshold_18: 10.00500
price_threshold_19: 10.15000
price_threshold_20: 11.16900
price_threshold_21: 11.41700
price_threshold_22: 11.53700
price_threshold_23: 11.79600
data_price_hour_rel_-16_amount: 8.62100
data_price_hour_abs_00_amount: 8.62100
data_price_hour_rel_-15_amount: 7.54900
data_price_hour_abs_01_amount: 7.54900
data_price_hour_rel_-14_amount: 6.69200
data_price_hour_abs_02_amount: 6.69200
data_price_hour_rel_-13_amount: 6.74700
data_price_hour_abs_03_amount: 6.74700
data_price_hour_rel_-12_amount: 6.82900
data_price_hour_abs_04_amount: 6.82900
data_price_hour_rel_-11_amount: 7.11900
data_price_hour_abs_05_amount: 7.11900
data_price_hour_rel_-10_amount: 7.39700
data_price_hour_abs_06_amount: 7.39700
data_price_hour_rel_-09_amount: 8.70800
data_price_hour_abs_07_amount: 8.70800
data_price_hour_rel_-08_amount: 7.56200
data_price_hour_abs_08_amount: 7.56200
data_price_hour_rel_-07_amount: 3.41300
data_price_hour_abs_09_amount: 3.41300
data_price_hour_rel_-06_amount: 0.47900
data_price_hour_abs_10_amount: 0.47900
data_price_hour_rel_-05_amount: 0.00000
data_price_hour_abs_11_amount: 0.00000
data_price_hour_rel_-04_amount: -0.00300
data_price_hour_abs_12_amount: -0.00300
data_price_hour_rel_-03_amount: -0.00500
data_price_hour_abs_13_amount: -0.00500
data_price_hour_rel_-02_amount: -0.00400
data_price_hour_abs_14_amount: -0.00400
data_price_hour_rel_-01_amount: 0.16200
data_price_hour_abs_15_amount: 0.16200
data_price_hour_rel_+00_amount: 2.86400
data_price_hour_abs_16_amount: 2.86400
data_price_hour_rel_+01_amount: 7.01500
data_price_hour_abs_17_amount: 7.01500
data_price_hour_rel_+02_amount: 10.15000
data_price_hour_abs_18_amount: 10.15000
data_price_hour_rel_+03_amount: 11.41700
data_price_hour_abs_19_amount: 11.41700
data_price_hour_rel_+04_amount: 11.79600
data_price_hour_abs_20_amount: 11.79600
data_price_hour_rel_+05_amount: 11.53700
data_price_hour_abs_21_amount: 11.53700
data_price_hour_rel_+06_amount: 11.16900
data_price_hour_abs_22_amount: 11.16900
data_price_hour_rel_+07_amount: 10.00500
data_price_hour_abs_23_amount: 10.00500