date_now: 2026-04-09 15:20:12
date_now_epoch: 1775740812342
date_now_day: 9
date_now_month: 4
date_now_year: 2026
date_start: 2026-04-09 00:00:00
date_end: 2026-04-09 23:59:59
price_low: -0.81400
price_high: 14.66000
price_median: 10.11000
price_average: 8.16321
price_current: -0.13000
price_unit: Cent/kWh
price_threshold_00: -0.81400
price_threshold_01: -0.78700
price_threshold_02: -0.13000
price_threshold_03: -0.10300
price_threshold_04: 0.12100
price_threshold_05: 2.70800
price_threshold_06: 5.50000
price_threshold_07: 8.10500
price_threshold_08: 8.25300
price_threshold_09: 9.96800
price_threshold_10: 10.02300
price_threshold_11: 10.11000
price_threshold_12: 10.11000
price_threshold_13: 10.18600
price_threshold_14: 10.49000
price_threshold_15: 10.51000
price_threshold_16: 11.09500
price_threshold_17: 11.53600
price_threshold_18: 11.58700
price_threshold_19: 12.73300
price_threshold_20: 12.80900
price_threshold_21: 13.53000
price_threshold_22: 13.71700
price_threshold_23: 14.66000
data_price_hour_rel_-15_amount: 10.49000
data_price_hour_abs_00_amount: 10.49000
data_price_hour_rel_-14_amount: 10.11000
data_price_hour_abs_01_amount: 10.11000
data_price_hour_rel_-13_amount: 10.11000
data_price_hour_abs_02_amount: 10.11000
data_price_hour_rel_-12_amount: 10.18600
data_price_hour_abs_03_amount: 10.18600
data_price_hour_rel_-11_amount: 10.51000
data_price_hour_abs_04_amount: 10.51000
data_price_hour_rel_-10_amount: 11.58700
data_price_hour_abs_05_amount: 11.58700
data_price_hour_rel_-09_amount: 13.53000
data_price_hour_abs_06_amount: 13.53000
data_price_hour_rel_-08_amount: 14.66000
data_price_hour_abs_07_amount: 14.66000
data_price_hour_rel_-07_amount: 12.80900
data_price_hour_abs_08_amount: 12.80900
data_price_hour_rel_-06_amount: 9.96800
data_price_hour_abs_09_amount: 9.96800
data_price_hour_rel_-05_amount: 5.50000
data_price_hour_abs_10_amount: 5.50000
data_price_hour_rel_-04_amount: 0.12100
data_price_hour_abs_11_amount: 0.12100
data_price_hour_rel_-03_amount: -0.10300
data_price_hour_abs_12_amount: -0.10300
data_price_hour_rel_-02_amount: -0.78700
data_price_hour_abs_13_amount: -0.78700
data_price_hour_rel_-01_amount: -0.81400
data_price_hour_abs_14_amount: -0.81400
data_price_hour_rel_+00_amount: -0.13000
data_price_hour_abs_15_amount: -0.13000
data_price_hour_rel_+01_amount: 2.70800
data_price_hour_abs_16_amount: 2.70800
data_price_hour_rel_+02_amount: 8.25300
data_price_hour_abs_17_amount: 8.25300
data_price_hour_rel_+03_amount: 11.53600
data_price_hour_abs_18_amount: 11.53600
data_price_hour_rel_+04_amount: 13.71700
data_price_hour_abs_19_amount: 13.71700
data_price_hour_rel_+05_amount: 12.73300
data_price_hour_abs_20_amount: 12.73300
data_price_hour_rel_+06_amount: 11.09500
data_price_hour_abs_21_amount: 11.09500
data_price_hour_rel_+07_amount: 10.02300
data_price_hour_abs_22_amount: 10.02300
data_price_hour_rel_+08_amount: 8.10500
data_price_hour_abs_23_amount: 8.10500