date_now: 2026-04-24 15:17:04
date_now_epoch: 1777036624630
date_now_day: 24
date_now_month: 4
date_now_year: 2026
date_start: 2026-04-24 00:00:00
date_end: 2026-04-24 23:59:59
price_low: -3.00000
price_high: 13.79900
price_median: 10.20750
price_average: 7.61108
price_current: -1.65600
price_unit: Cent/kWh
price_threshold_00: -3.00000
price_threshold_01: -2.61400
price_threshold_02: -1.65600
price_threshold_03: -0.69100
price_threshold_04: -0.16100
price_threshold_05: -0.00400
price_threshold_06: 1.95700
price_threshold_07: 5.09100
price_threshold_08: 8.09100
price_threshold_09: 10.01300
price_threshold_10: 10.07100
price_threshold_11: 10.16900
price_threshold_12: 10.24600
price_threshold_13: 10.48200
price_threshold_14: 10.53600
price_threshold_15: 11.34400
price_threshold_16: 11.63100
price_threshold_17: 11.76900
price_threshold_18: 12.18800
price_threshold_19: 13.10300
price_threshold_20: 13.18700
price_threshold_21: 13.38100
price_threshold_22: 13.73400
price_threshold_23: 13.79900
data_price_hour_rel_-15_amount: 10.24600
data_price_hour_abs_00_amount: 10.24600
data_price_hour_rel_-14_amount: 10.01300
data_price_hour_abs_01_amount: 10.01300
data_price_hour_rel_-13_amount: 10.07100
data_price_hour_abs_02_amount: 10.07100
data_price_hour_rel_-12_amount: 10.16900
data_price_hour_abs_03_amount: 10.16900
data_price_hour_rel_-11_amount: 10.53600
data_price_hour_abs_04_amount: 10.53600
data_price_hour_rel_-10_amount: 11.63100
data_price_hour_abs_05_amount: 11.63100
data_price_hour_rel_-09_amount: 13.18700
data_price_hour_abs_06_amount: 13.18700
data_price_hour_rel_-08_amount: 13.79900
data_price_hour_abs_07_amount: 13.79900
data_price_hour_rel_-07_amount: 11.76900
data_price_hour_abs_08_amount: 11.76900
data_price_hour_rel_-06_amount: 8.09100
data_price_hour_abs_09_amount: 8.09100
data_price_hour_rel_-05_amount: 1.95700
data_price_hour_abs_10_amount: 1.95700
data_price_hour_rel_-04_amount: -0.00400
data_price_hour_abs_11_amount: -0.00400
data_price_hour_rel_-03_amount: -0.69100
data_price_hour_abs_12_amount: -0.69100
data_price_hour_rel_-02_amount: -2.61400
data_price_hour_abs_13_amount: -2.61400
data_price_hour_rel_-01_amount: -3.00000
data_price_hour_abs_14_amount: -3.00000
data_price_hour_rel_+00_amount: -1.65600
data_price_hour_abs_15_amount: -1.65600
data_price_hour_rel_+01_amount: -0.16100
data_price_hour_abs_16_amount: -0.16100
data_price_hour_rel_+02_amount: 5.09100
data_price_hour_abs_17_amount: 5.09100
data_price_hour_rel_+03_amount: 10.48200
data_price_hour_abs_18_amount: 10.48200
data_price_hour_rel_+04_amount: 13.38100
data_price_hour_abs_19_amount: 13.38100
data_price_hour_rel_+05_amount: 13.73400
data_price_hour_abs_20_amount: 13.73400
data_price_hour_rel_+06_amount: 13.10300
data_price_hour_abs_21_amount: 13.10300
data_price_hour_rel_+07_amount: 12.18800
data_price_hour_abs_22_amount: 12.18800
data_price_hour_rel_+08_amount: 11.34400
data_price_hour_abs_23_amount: 11.34400