date_now: 2026-07-16 15:42:19
date_now_epoch: 1784209339350
date_now_day: 16
date_now_month: 7
date_now_year: 2026
date_start: 2026-07-16 00:00:00
date_end: 2026-07-16 23:59:59
price_low: 8.74800
price_high: 31.16900
price_median: 15.57100
price_average: 15.98629
price_current: 10.96000
price_unit: Cent/kWh
price_threshold_00: 8.74800
price_threshold_01: 9.46900
price_threshold_02: 9.64600
price_threshold_03: 10.72300
price_threshold_04: 10.96000
price_threshold_05: 11.83100
price_threshold_06: 11.96400
price_threshold_07: 13.71400
price_threshold_08: 13.99400
price_threshold_09: 14.89800
price_threshold_10: 15.21900
price_threshold_11: 15.29100
price_threshold_12: 15.85100
price_threshold_13: 15.92000
price_threshold_14: 15.99500
price_threshold_15: 16.60300
price_threshold_16: 17.27600
price_threshold_17: 17.54500
price_threshold_18: 17.77000
price_threshold_19: 18.03100
price_threshold_20: 20.68400
price_threshold_21: 24.11000
price_threshold_22: 26.26000
price_threshold_23: 31.16900
data_price_hour_rel_-15_amount: 16.60300
data_price_hour_abs_00_amount: 16.60300
data_price_hour_rel_-14_amount: 15.92000
data_price_hour_abs_01_amount: 15.92000
data_price_hour_rel_-13_amount: 15.29100
data_price_hour_abs_02_amount: 15.29100
data_price_hour_rel_-12_amount: 14.89800
data_price_hour_abs_03_amount: 14.89800
data_price_hour_rel_-11_amount: 15.21900
data_price_hour_abs_04_amount: 15.21900
data_price_hour_rel_-10_amount: 15.99500
data_price_hour_abs_05_amount: 15.99500
data_price_hour_rel_-09_amount: 17.54500
data_price_hour_abs_06_amount: 17.54500
data_price_hour_rel_-08_amount: 17.27600
data_price_hour_abs_07_amount: 17.27600
data_price_hour_rel_-07_amount: 15.85100
data_price_hour_abs_08_amount: 15.85100
data_price_hour_rel_-06_amount: 13.71400
data_price_hour_abs_09_amount: 13.71400
data_price_hour_rel_-05_amount: 11.83100
data_price_hour_abs_10_amount: 11.83100
data_price_hour_rel_-04_amount: 10.72300
data_price_hour_abs_11_amount: 10.72300
data_price_hour_rel_-03_amount: 9.46900
data_price_hour_abs_12_amount: 9.46900
data_price_hour_rel_-02_amount: 8.74800
data_price_hour_abs_13_amount: 8.74800
data_price_hour_rel_-01_amount: 9.64600
data_price_hour_abs_14_amount: 9.64600
data_price_hour_rel_+00_amount: 10.96000
data_price_hour_abs_15_amount: 10.96000
data_price_hour_rel_+01_amount: 11.96400
data_price_hour_abs_16_amount: 11.96400
data_price_hour_rel_+02_amount: 13.99400
data_price_hour_abs_17_amount: 13.99400
data_price_hour_rel_+03_amount: 17.77000
data_price_hour_abs_18_amount: 17.77000
data_price_hour_rel_+04_amount: 24.11000
data_price_hour_abs_19_amount: 24.11000
data_price_hour_rel_+05_amount: 31.16900
data_price_hour_abs_20_amount: 31.16900
data_price_hour_rel_+06_amount: 26.26000
data_price_hour_abs_21_amount: 26.26000
data_price_hour_rel_+07_amount: 20.68400
data_price_hour_abs_22_amount: 20.68400
data_price_hour_rel_+08_amount: 18.03100
data_price_hour_abs_23_amount: 18.03100