date_now: 2026-06-08 17:42:44
date_now_epoch: 1780933364409
date_now_day: 8
date_now_month: 6
date_now_year: 2026
date_start: 2026-06-08 00:00:00
date_end: 2026-06-08 23:59:59
price_low: 5.44800
price_high: 20.89000
price_median: 12.95300
price_average: 12.42521
price_current: 12.88800
price_unit: Cent/kWh
price_threshold_00: 5.44800
price_threshold_01: 5.52200
price_threshold_02: 5.56400
price_threshold_03: 6.86700
price_threshold_04: 7.59200
price_threshold_05: 8.88500
price_threshold_06: 10.09000
price_threshold_07: 10.25800
price_threshold_08: 12.48800
price_threshold_09: 12.76700
price_threshold_10: 12.82100
price_threshold_11: 12.88800
price_threshold_12: 13.01800
price_threshold_13: 13.27100
price_threshold_14: 13.42400
price_threshold_15: 13.85600
price_threshold_16: 14.04300
price_threshold_17: 14.56800
price_threshold_18: 15.06800
price_threshold_19: 15.13300
price_threshold_20: 15.23700
price_threshold_21: 18.57500
price_threshold_22: 19.93200
price_threshold_23: 20.89000
data_price_hour_rel_-17_amount: 14.04300
data_price_hour_abs_00_amount: 14.04300
data_price_hour_rel_-16_amount: 13.42400
data_price_hour_abs_01_amount: 13.42400
data_price_hour_rel_-15_amount: 13.27100
data_price_hour_abs_02_amount: 13.27100
data_price_hour_rel_-14_amount: 12.76700
data_price_hour_abs_03_amount: 12.76700
data_price_hour_rel_-13_amount: 13.01800
data_price_hour_abs_04_amount: 13.01800
data_price_hour_rel_-12_amount: 13.85600
data_price_hour_abs_05_amount: 13.85600
data_price_hour_rel_-11_amount: 15.06800
data_price_hour_abs_06_amount: 15.06800
data_price_hour_rel_-10_amount: 14.56800
data_price_hour_abs_07_amount: 14.56800
data_price_hour_rel_-09_amount: 12.48800
data_price_hour_abs_08_amount: 12.48800
data_price_hour_rel_-08_amount: 10.09000
data_price_hour_abs_09_amount: 10.09000
data_price_hour_rel_-07_amount: 7.59200
data_price_hour_abs_10_amount: 7.59200
data_price_hour_rel_-06_amount: 5.56400
data_price_hour_abs_11_amount: 5.56400
data_price_hour_rel_-05_amount: 5.44800
data_price_hour_abs_12_amount: 5.44800
data_price_hour_rel_-04_amount: 5.52200
data_price_hour_abs_13_amount: 5.52200
data_price_hour_rel_-03_amount: 6.86700
data_price_hour_abs_14_amount: 6.86700
data_price_hour_rel_-02_amount: 8.88500
data_price_hour_abs_15_amount: 8.88500
data_price_hour_rel_-01_amount: 10.25800
data_price_hour_abs_16_amount: 10.25800
data_price_hour_rel_+00_amount: 12.88800
data_price_hour_abs_17_amount: 12.88800
data_price_hour_rel_+01_amount: 15.13300
data_price_hour_abs_18_amount: 15.13300
data_price_hour_rel_+02_amount: 19.93200
data_price_hour_abs_19_amount: 19.93200
data_price_hour_rel_+03_amount: 20.89000
data_price_hour_abs_20_amount: 20.89000
data_price_hour_rel_+04_amount: 18.57500
data_price_hour_abs_21_amount: 18.57500
data_price_hour_rel_+05_amount: 15.23700
data_price_hour_abs_22_amount: 15.23700
data_price_hour_rel_+06_amount: 12.82100
data_price_hour_abs_23_amount: 12.82100