date_now: 2026-01-23 13:40:37
date_now_epoch: 1769172037975
date_now_day: 23
date_now_month: 1
date_now_year: 2026
date_start: 2026-01-23 00:00:00
date_end: 2026-01-23 23:59:59
price_low: 9.50000
price_high: 15.29400
price_median: 10.43750
price_average: 11.02942
price_current: 9.57600
price_unit: Cent/kWh
price_threshold_00: 9.50000
price_threshold_01: 9.56200
price_threshold_02: 9.57600
price_threshold_03: 9.59500
price_threshold_04: 9.62100
price_threshold_05: 9.70000
price_threshold_06: 9.70000
price_threshold_07: 9.70800
price_threshold_08: 9.72500
price_threshold_09: 9.78900
price_threshold_10: 10.01300
price_threshold_11: 10.39600
price_threshold_12: 10.47900
price_threshold_13: 10.72200
price_threshold_14: 10.82000
price_threshold_15: 10.87700
price_threshold_16: 11.53800
price_threshold_17: 11.68000
price_threshold_18: 12.40500
price_threshold_19: 12.84800
price_threshold_20: 13.30000
price_threshold_21: 13.60900
price_threshold_22: 14.24900
price_threshold_23: 15.29400
data_price_hour_rel_-13_amount: 9.78900
data_price_hour_abs_00_amount: 9.78900
data_price_hour_rel_-12_amount: 9.72500
data_price_hour_abs_01_amount: 9.72500
data_price_hour_rel_-11_amount: 9.59500
data_price_hour_abs_02_amount: 9.59500
data_price_hour_rel_-10_amount: 9.50000
data_price_hour_abs_03_amount: 9.50000
data_price_hour_rel_-09_amount: 9.56200
data_price_hour_abs_04_amount: 9.56200
data_price_hour_rel_-08_amount: 9.70000
data_price_hour_abs_05_amount: 9.70000
data_price_hour_rel_-07_amount: 10.82000
data_price_hour_abs_06_amount: 10.82000
data_price_hour_rel_-06_amount: 13.30000
data_price_hour_abs_07_amount: 13.30000
data_price_hour_rel_-05_amount: 15.29400
data_price_hour_abs_08_amount: 15.29400
data_price_hour_rel_-04_amount: 14.24900
data_price_hour_abs_09_amount: 14.24900
data_price_hour_rel_-03_amount: 11.53800
data_price_hour_abs_10_amount: 11.53800
data_price_hour_rel_-02_amount: 10.01300
data_price_hour_abs_11_amount: 10.01300
data_price_hour_rel_-01_amount: 9.62100
data_price_hour_abs_12_amount: 9.62100
data_price_hour_rel_+00_amount: 9.57600
data_price_hour_abs_13_amount: 9.57600
data_price_hour_rel_+01_amount: 9.70800
data_price_hour_abs_14_amount: 9.70800
data_price_hour_rel_+02_amount: 10.87700
data_price_hour_abs_15_amount: 10.87700
data_price_hour_rel_+03_amount: 12.40500
data_price_hour_abs_16_amount: 12.40500
data_price_hour_rel_+04_amount: 13.60900
data_price_hour_abs_17_amount: 13.60900
data_price_hour_rel_+05_amount: 12.84800
data_price_hour_abs_18_amount: 12.84800
data_price_hour_rel_+06_amount: 11.68000
data_price_hour_abs_19_amount: 11.68000
data_price_hour_rel_+07_amount: 10.72200
data_price_hour_abs_20_amount: 10.72200
data_price_hour_rel_+08_amount: 10.39600
data_price_hour_abs_21_amount: 10.39600
data_price_hour_rel_+09_amount: 10.47900
data_price_hour_abs_22_amount: 10.47900
data_price_hour_rel_+10_amount: 9.70000
data_price_hour_abs_23_amount: 9.70000