date_now: 2026-02-19 13:58:43
date_now_epoch: 1771505923314
date_now_day: 19
date_now_month: 2
date_now_year: 2026
date_start: 2026-02-19 00:00:00
date_end: 2026-02-19 23:59:59
price_low: 7.76600
price_high: 11.35200
price_median: 9.15500
price_average: 9.29408
price_current: 9.01000
price_unit: Cent/kWh
price_threshold_00: 7.76600
price_threshold_01: 8.14500
price_threshold_02: 8.18500
price_threshold_03: 8.19300
price_threshold_04: 8.37800
price_threshold_05: 8.41500
price_threshold_06: 8.51900
price_threshold_07: 8.71100
price_threshold_08: 8.92400
price_threshold_09: 9.01000
price_threshold_10: 9.01600
price_threshold_11: 9.10000
price_threshold_12: 9.21000
price_threshold_13: 9.25900
price_threshold_14: 9.51100
price_threshold_15: 9.63900
price_threshold_16: 9.69500
price_threshold_17: 9.81200
price_threshold_18: 10.04900
price_threshold_19: 10.10000
price_threshold_20: 10.36100
price_threshold_21: 10.56900
price_threshold_22: 11.13900
price_threshold_23: 11.35200
data_price_hour_rel_-13_amount: 8.37800
data_price_hour_abs_00_amount: 8.37800
data_price_hour_rel_-12_amount: 8.18500
data_price_hour_abs_01_amount: 8.18500
data_price_hour_rel_-11_amount: 8.19300
data_price_hour_abs_02_amount: 8.19300
data_price_hour_rel_-10_amount: 8.14500
data_price_hour_abs_03_amount: 8.14500
data_price_hour_rel_-09_amount: 7.76600
data_price_hour_abs_04_amount: 7.76600
data_price_hour_rel_-08_amount: 8.41500
data_price_hour_abs_05_amount: 8.41500
data_price_hour_rel_-07_amount: 8.71100
data_price_hour_abs_06_amount: 8.71100
data_price_hour_rel_-06_amount: 8.92400
data_price_hour_abs_07_amount: 8.92400
data_price_hour_rel_-05_amount: 9.69500
data_price_hour_abs_08_amount: 9.69500
data_price_hour_rel_-04_amount: 10.36100
data_price_hour_abs_09_amount: 10.36100
data_price_hour_rel_-03_amount: 10.10000
data_price_hour_abs_10_amount: 10.10000
data_price_hour_rel_-02_amount: 9.51100
data_price_hour_abs_11_amount: 9.51100
data_price_hour_rel_-01_amount: 9.10000
data_price_hour_abs_12_amount: 9.10000
data_price_hour_rel_+00_amount: 9.01000
data_price_hour_abs_13_amount: 9.01000
data_price_hour_rel_+01_amount: 9.01600
data_price_hour_abs_14_amount: 9.01600
data_price_hour_rel_+02_amount: 9.25900
data_price_hour_abs_15_amount: 9.25900
data_price_hour_rel_+03_amount: 9.63900
data_price_hour_abs_16_amount: 9.63900
data_price_hour_rel_+04_amount: 10.56900
data_price_hour_abs_17_amount: 10.56900
data_price_hour_rel_+05_amount: 11.35200
data_price_hour_abs_18_amount: 11.35200
data_price_hour_rel_+06_amount: 11.13900
data_price_hour_abs_19_amount: 11.13900
data_price_hour_rel_+07_amount: 10.04900
data_price_hour_abs_20_amount: 10.04900
data_price_hour_rel_+08_amount: 9.81200
data_price_hour_abs_21_amount: 9.81200
data_price_hour_rel_+09_amount: 9.21000
data_price_hour_abs_22_amount: 9.21000
data_price_hour_rel_+10_amount: 8.51900
data_price_hour_abs_23_amount: 8.51900