date_now: 2026-07-15 15:36:41
date_now_epoch: 1784122601650
date_now_day: 15
date_now_month: 7
date_now_year: 2026
date_start: 2026-07-15 00:00:00
date_end: 2026-07-15 23:59:59
price_low: 6.29200
price_high: 20.59800
price_median: 14.26600
price_average: 13.64254
price_current: 7.30800
price_unit: Cent/kWh
price_threshold_00: 6.29200
price_threshold_01: 6.36000
price_threshold_02: 7.30800
price_threshold_03: 7.43500
price_threshold_04: 9.62500
price_threshold_05: 9.71500
price_threshold_06: 11.14200
price_threshold_07: 11.81800
price_threshold_08: 13.51000
price_threshold_09: 13.66200
price_threshold_10: 13.90400
price_threshold_11: 14.08700
price_threshold_12: 14.44500
price_threshold_13: 14.55600
price_threshold_14: 15.02800
price_threshold_15: 15.35200
price_threshold_16: 15.59300
price_threshold_17: 16.58800
price_threshold_18: 16.66900
price_threshold_19: 17.14200
price_threshold_20: 17.58900
price_threshold_21: 18.83800
price_threshold_22: 20.16500
price_threshold_23: 20.59800
data_price_hour_rel_-15_amount: 15.35200
data_price_hour_abs_00_amount: 15.35200
data_price_hour_rel_-14_amount: 14.44500
data_price_hour_abs_01_amount: 14.44500
data_price_hour_rel_-13_amount: 13.90400
data_price_hour_abs_02_amount: 13.90400
data_price_hour_rel_-12_amount: 13.66200
data_price_hour_abs_03_amount: 13.66200
data_price_hour_rel_-11_amount: 14.08700
data_price_hour_abs_04_amount: 14.08700
data_price_hour_rel_-10_amount: 15.02800
data_price_hour_abs_05_amount: 15.02800
data_price_hour_rel_-09_amount: 16.66900
data_price_hour_abs_06_amount: 16.66900
data_price_hour_rel_-08_amount: 16.58800
data_price_hour_abs_07_amount: 16.58800
data_price_hour_rel_-07_amount: 15.59300
data_price_hour_abs_08_amount: 15.59300
data_price_hour_rel_-06_amount: 13.51000
data_price_hour_abs_09_amount: 13.51000
data_price_hour_rel_-05_amount: 11.14200
data_price_hour_abs_10_amount: 11.14200
data_price_hour_rel_-04_amount: 9.62500
data_price_hour_abs_11_amount: 9.62500
data_price_hour_rel_-03_amount: 7.43500
data_price_hour_abs_12_amount: 7.43500
data_price_hour_rel_-02_amount: 6.36000
data_price_hour_abs_13_amount: 6.36000
data_price_hour_rel_-01_amount: 6.29200
data_price_hour_abs_14_amount: 6.29200
data_price_hour_rel_+00_amount: 7.30800
data_price_hour_abs_15_amount: 7.30800
data_price_hour_rel_+01_amount: 9.71500
data_price_hour_abs_16_amount: 9.71500
data_price_hour_rel_+02_amount: 11.81800
data_price_hour_abs_17_amount: 11.81800
data_price_hour_rel_+03_amount: 14.55600
data_price_hour_abs_18_amount: 14.55600
data_price_hour_rel_+04_amount: 17.58900
data_price_hour_abs_19_amount: 17.58900
data_price_hour_rel_+05_amount: 20.59800
data_price_hour_abs_20_amount: 20.59800
data_price_hour_rel_+06_amount: 20.16500
data_price_hour_abs_21_amount: 20.16500
data_price_hour_rel_+07_amount: 18.83800
data_price_hour_abs_22_amount: 18.83800
data_price_hour_rel_+08_amount: 17.14200
data_price_hour_abs_23_amount: 17.14200