date_now: 2026-05-06 16:01:38
date_now_epoch: 1778076098279
date_now_day: 6
date_now_month: 5
date_now_year: 2026
date_start: 2026-05-06 00:00:00
date_end: 2026-05-06 23:59:59
price_low: 8.93400
price_high: 15.69200
price_median: 11.91350
price_average: 12.24458
price_current: 11.26600
price_unit: Cent/kWh
price_threshold_00: 8.93400
price_threshold_01: 9.13300
price_threshold_02: 10.00900
price_threshold_03: 10.31300
price_threshold_04: 10.41200
price_threshold_05: 10.88000
price_threshold_06: 11.26600
price_threshold_07: 11.30000
price_threshold_08: 11.31700
price_threshold_09: 11.33400
price_threshold_10: 11.42300
price_threshold_11: 11.82300
price_threshold_12: 12.00400
price_threshold_13: 12.13100
price_threshold_14: 12.50500
price_threshold_15: 12.82600
price_threshold_16: 13.11400
price_threshold_17: 13.79100
price_threshold_18: 14.15500
price_threshold_19: 14.24500
price_threshold_20: 14.34100
price_threshold_21: 15.46100
price_threshold_22: 15.46100
price_threshold_23: 15.69200
data_price_hour_rel_-16_amount: 12.00400
data_price_hour_abs_00_amount: 12.00400
data_price_hour_rel_-15_amount: 11.42300
data_price_hour_abs_01_amount: 11.42300
data_price_hour_rel_-14_amount: 11.31700
data_price_hour_abs_02_amount: 11.31700
data_price_hour_rel_-13_amount: 11.30000
data_price_hour_abs_03_amount: 11.30000
data_price_hour_rel_-12_amount: 11.33400
data_price_hour_abs_04_amount: 11.33400
data_price_hour_rel_-11_amount: 11.82300
data_price_hour_abs_05_amount: 11.82300
data_price_hour_rel_-10_amount: 13.11400
data_price_hour_abs_06_amount: 13.11400
data_price_hour_rel_-09_amount: 14.24500
data_price_hour_abs_07_amount: 14.24500
data_price_hour_rel_-08_amount: 14.15500
data_price_hour_abs_08_amount: 14.15500
data_price_hour_rel_-07_amount: 12.13100
data_price_hour_abs_09_amount: 12.13100
data_price_hour_rel_-06_amount: 10.88000
data_price_hour_abs_10_amount: 10.88000
data_price_hour_rel_-05_amount: 10.41200
data_price_hour_abs_11_amount: 10.41200
data_price_hour_rel_-04_amount: 10.00900
data_price_hour_abs_12_amount: 10.00900
data_price_hour_rel_-03_amount: 8.93400
data_price_hour_abs_13_amount: 8.93400
data_price_hour_rel_-02_amount: 9.13300
data_price_hour_abs_14_amount: 9.13300
data_price_hour_rel_-01_amount: 10.31300
data_price_hour_abs_15_amount: 10.31300
data_price_hour_rel_+00_amount: 11.26600
data_price_hour_abs_16_amount: 11.26600
data_price_hour_rel_+01_amount: 12.50500
data_price_hour_abs_17_amount: 12.50500
data_price_hour_rel_+02_amount: 13.79100
data_price_hour_abs_18_amount: 13.79100
data_price_hour_rel_+03_amount: 15.46100
data_price_hour_abs_19_amount: 15.46100
data_price_hour_rel_+04_amount: 15.69200
data_price_hour_abs_20_amount: 15.69200
data_price_hour_rel_+05_amount: 15.46100
data_price_hour_abs_21_amount: 15.46100
data_price_hour_rel_+06_amount: 14.34100
data_price_hour_abs_22_amount: 14.34100
data_price_hour_rel_+07_amount: 12.82600
data_price_hour_abs_23_amount: 12.82600