date_now: 2026-07-02 15:51:52
date_now_epoch: 1783000312418
date_now_day: 2
date_now_month: 7
date_now_year: 2026
date_start: 2026-07-02 00:00:00
date_end: 2026-07-02 23:59:59
price_low: -0.30000
price_high: 16.01700
price_median: 9.92850
price_average: 7.33100
price_current: -0.20000
price_unit: Cent/kWh
price_threshold_00: -0.30000
price_threshold_01: -0.20000
price_threshold_02: -0.19700
price_threshold_03: -0.16500
price_threshold_04: -0.05100
price_threshold_05: -0.00700
price_threshold_06: 0.29000
price_threshold_07: 0.55400
price_threshold_08: 4.50900
price_threshold_09: 4.68400
price_threshold_10: 9.04600
price_threshold_11: 9.13200
price_threshold_12: 10.72500
price_threshold_13: 11.29300
price_threshold_14: 11.40900
price_threshold_15: 11.44500
price_threshold_16: 11.76100
price_threshold_17: 11.79200
price_threshold_18: 12.03300
price_threshold_19: 12.10700
price_threshold_20: 12.69000
price_threshold_21: 13.03600
price_threshold_22: 14.34100
price_threshold_23: 16.01700
data_price_hour_rel_-15_amount: 16.01700
data_price_hour_abs_00_amount: 16.01700
data_price_hour_rel_-14_amount: 14.34100
data_price_hour_abs_01_amount: 14.34100
data_price_hour_rel_-13_amount: 13.03600
data_price_hour_abs_02_amount: 13.03600
data_price_hour_rel_-12_amount: 12.03300
data_price_hour_abs_03_amount: 12.03300
data_price_hour_rel_-11_amount: 11.40900
data_price_hour_abs_04_amount: 11.40900
data_price_hour_rel_-10_amount: 11.44500
data_price_hour_abs_05_amount: 11.44500
data_price_hour_rel_-09_amount: 12.10700
data_price_hour_abs_06_amount: 12.10700
data_price_hour_rel_-08_amount: 11.29300
data_price_hour_abs_07_amount: 11.29300
data_price_hour_rel_-07_amount: 9.13200
data_price_hour_abs_08_amount: 9.13200
data_price_hour_rel_-06_amount: 4.50900
data_price_hour_abs_09_amount: 4.50900
data_price_hour_rel_-05_amount: 0.55400
data_price_hour_abs_10_amount: 0.55400
data_price_hour_rel_-04_amount: -0.00700
data_price_hour_abs_11_amount: -0.00700
data_price_hour_rel_-03_amount: -0.16500
data_price_hour_abs_12_amount: -0.16500
data_price_hour_rel_-02_amount: -0.19700
data_price_hour_abs_13_amount: -0.19700
data_price_hour_rel_-01_amount: -0.30000
data_price_hour_abs_14_amount: -0.30000
data_price_hour_rel_+00_amount: -0.20000
data_price_hour_abs_15_amount: -0.20000
data_price_hour_rel_+01_amount: -0.05100
data_price_hour_abs_16_amount: -0.05100
data_price_hour_rel_+02_amount: 0.29000
data_price_hour_abs_17_amount: 0.29000
data_price_hour_rel_+03_amount: 4.68400
data_price_hour_abs_18_amount: 4.68400
data_price_hour_rel_+04_amount: 9.04600
data_price_hour_abs_19_amount: 9.04600
data_price_hour_rel_+05_amount: 10.72500
data_price_hour_abs_20_amount: 10.72500
data_price_hour_rel_+06_amount: 11.79200
data_price_hour_abs_21_amount: 11.79200
data_price_hour_rel_+07_amount: 12.69000
data_price_hour_abs_22_amount: 12.69000
data_price_hour_rel_+08_amount: 11.76100
data_price_hour_abs_23_amount: 11.76100