date_now: 2026-03-14 13:43:35
date_now_epoch: 1773492215986
date_now_day: 14
date_now_month: 3
date_now_year: 2026
date_start: 2026-03-14 00:00:00
date_end: 2026-03-14 23:59:59
price_low: 10.18600
price_high: 16.98400
price_median: 11.35850
price_average: 12.07288
price_current: 10.34300
price_unit: Cent/kWh
price_threshold_00: 10.18600
price_threshold_01: 10.34300
price_threshold_02: 10.35300
price_threshold_03: 10.39900
price_threshold_04: 10.42000
price_threshold_05: 10.51200
price_threshold_06: 10.56800
price_threshold_07: 10.75200
price_threshold_08: 10.90700
price_threshold_09: 10.90700
price_threshold_10: 11.15200
price_threshold_11: 11.29500
price_threshold_12: 11.42200
price_threshold_13: 11.61400
price_threshold_14: 11.67100
price_threshold_15: 12.18800
price_threshold_16: 12.80500
price_threshold_17: 13.00000
price_threshold_18: 13.52400
price_threshold_19: 13.74500
price_threshold_20: 13.86500
price_threshold_21: 15.02700
price_threshold_22: 16.11000
price_threshold_23: 16.98400
data_price_hour_rel_-13_amount: 11.29500
data_price_hour_abs_00_amount: 11.29500
data_price_hour_rel_-12_amount: 10.90700
data_price_hour_abs_01_amount: 10.90700
data_price_hour_rel_-11_amount: 10.39900
data_price_hour_abs_02_amount: 10.39900
data_price_hour_rel_-10_amount: 10.18600
data_price_hour_abs_03_amount: 10.18600
data_price_hour_rel_-09_amount: 10.51200
data_price_hour_abs_04_amount: 10.51200
data_price_hour_rel_-08_amount: 10.90700
data_price_hour_abs_05_amount: 10.90700
data_price_hour_rel_-07_amount: 11.15200
data_price_hour_abs_06_amount: 11.15200
data_price_hour_rel_-06_amount: 11.67100
data_price_hour_abs_07_amount: 11.67100
data_price_hour_rel_-05_amount: 12.18800
data_price_hour_abs_08_amount: 12.18800
data_price_hour_rel_-04_amount: 11.61400
data_price_hour_abs_09_amount: 11.61400
data_price_hour_rel_-03_amount: 10.75200
data_price_hour_abs_10_amount: 10.75200
data_price_hour_rel_-02_amount: 10.35300
data_price_hour_abs_11_amount: 10.35300
data_price_hour_rel_-01_amount: 10.42000
data_price_hour_abs_12_amount: 10.42000
data_price_hour_rel_+00_amount: 10.34300
data_price_hour_abs_13_amount: 10.34300
data_price_hour_rel_+01_amount: 10.56800
data_price_hour_abs_14_amount: 10.56800
data_price_hour_rel_+02_amount: 11.42200
data_price_hour_abs_15_amount: 11.42200
data_price_hour_rel_+03_amount: 13.00000
data_price_hour_abs_16_amount: 13.00000
data_price_hour_rel_+04_amount: 13.86500
data_price_hour_abs_17_amount: 13.86500
data_price_hour_rel_+05_amount: 16.11000
data_price_hour_abs_18_amount: 16.11000
data_price_hour_rel_+06_amount: 16.98400
data_price_hour_abs_19_amount: 16.98400
data_price_hour_rel_+07_amount: 15.02700
data_price_hour_abs_20_amount: 15.02700
data_price_hour_rel_+08_amount: 13.74500
data_price_hour_abs_21_amount: 13.74500
data_price_hour_rel_+09_amount: 13.52400
data_price_hour_abs_22_amount: 13.52400
data_price_hour_rel_+10_amount: 12.80500
data_price_hour_abs_23_amount: 12.80500