date_now: 2026-07-07 16:24:33
date_now_epoch: 1783434273688
date_now_day: 7
date_now_month: 7
date_now_year: 2026
date_start: 2026-07-07 00:00:00
date_end: 2026-07-07 23:59:59
price_low: -0.28400
price_high: 12.09800
price_median: 9.96900
price_average: 7.28013
price_current: -0.05200
price_unit: Cent/kWh
price_threshold_00: -0.28400
price_threshold_01: -0.27100
price_threshold_02: -0.14900
price_threshold_03: -0.08300
price_threshold_04: -0.05200
price_threshold_05: 0.49200
price_threshold_06: 0.70200
price_threshold_07: 4.33900
price_threshold_08: 6.07100
price_threshold_09: 8.61800
price_threshold_10: 9.46500
price_threshold_11: 9.83800
price_threshold_12: 10.10000
price_threshold_13: 10.24100
price_threshold_14: 10.79700
price_threshold_15: 10.79900
price_threshold_16: 11.46500
price_threshold_17: 11.48900
price_threshold_18: 11.56000
price_threshold_19: 11.70800
price_threshold_20: 11.84000
price_threshold_21: 11.86400
price_threshold_22: 12.07600
price_threshold_23: 12.09800
data_price_hour_rel_-16_amount: 12.09800
data_price_hour_abs_00_amount: 12.09800
data_price_hour_rel_-15_amount: 11.46500
data_price_hour_abs_01_amount: 11.46500
data_price_hour_rel_-14_amount: 10.79900
data_price_hour_abs_02_amount: 10.79900
data_price_hour_rel_-13_amount: 10.10000
data_price_hour_abs_03_amount: 10.10000
data_price_hour_rel_-12_amount: 9.83800
data_price_hour_abs_04_amount: 9.83800
data_price_hour_rel_-11_amount: 10.24100
data_price_hour_abs_05_amount: 10.24100
data_price_hour_rel_-10_amount: 11.56000
data_price_hour_abs_06_amount: 11.56000
data_price_hour_rel_-09_amount: 11.86400
data_price_hour_abs_07_amount: 11.86400
data_price_hour_rel_-08_amount: 11.48900
data_price_hour_abs_08_amount: 11.48900
data_price_hour_rel_-07_amount: 9.46500
data_price_hour_abs_09_amount: 9.46500
data_price_hour_rel_-06_amount: 4.33900
data_price_hour_abs_10_amount: 4.33900
data_price_hour_rel_-05_amount: 0.49200
data_price_hour_abs_11_amount: 0.49200
data_price_hour_rel_-04_amount: -0.08300
data_price_hour_abs_12_amount: -0.08300
data_price_hour_rel_-03_amount: -0.27100
data_price_hour_abs_13_amount: -0.27100
data_price_hour_rel_-02_amount: -0.28400
data_price_hour_abs_14_amount: -0.28400
data_price_hour_rel_-01_amount: -0.14900
data_price_hour_abs_15_amount: -0.14900
data_price_hour_rel_+00_amount: -0.05200
data_price_hour_abs_16_amount: -0.05200
data_price_hour_rel_+01_amount: 0.70200
data_price_hour_abs_17_amount: 0.70200
data_price_hour_rel_+02_amount: 6.07100
data_price_hour_abs_18_amount: 6.07100
data_price_hour_rel_+03_amount: 8.61800
data_price_hour_abs_19_amount: 8.61800
data_price_hour_rel_+04_amount: 10.79700
data_price_hour_abs_20_amount: 10.79700
data_price_hour_rel_+05_amount: 11.84000
data_price_hour_abs_21_amount: 11.84000
data_price_hour_rel_+06_amount: 12.07600
data_price_hour_abs_22_amount: 12.07600
data_price_hour_rel_+07_amount: 11.70800
data_price_hour_abs_23_amount: 11.70800