date_now: 2026-01-13 13:40:46
date_now_epoch: 1768308046861
date_now_day: 13
date_now_month: 1
date_now_year: 2026
date_start: 2026-01-13 00:00:00
date_end: 2026-01-13 23:59:59
price_low: 8.26700
price_high: 14.22000
price_median: 10.58600
price_average: 10.57104
price_current: 11.29800
price_unit: Cent/kWh
price_threshold_00: 8.26700
price_threshold_01: 8.26900
price_threshold_02: 8.26900
price_threshold_03: 8.41200
price_threshold_04: 8.43100
price_threshold_05: 8.67500
price_threshold_06: 8.87300
price_threshold_07: 9.00000
price_threshold_08: 9.09500
price_threshold_09: 9.22100
price_threshold_10: 9.75500
price_threshold_11: 9.87400
price_threshold_12: 11.29800
price_threshold_13: 11.33500
price_threshold_14: 11.60300
price_threshold_15: 11.76800
price_threshold_16: 12.05200
price_threshold_17: 12.21500
price_threshold_18: 12.22200
price_threshold_19: 12.23300
price_threshold_20: 12.38500
price_threshold_21: 12.98100
price_threshold_22: 13.25200
price_threshold_23: 14.22000
data_price_hour_rel_-13_amount: 8.43100
data_price_hour_abs_00_amount: 8.43100
data_price_hour_rel_-12_amount: 8.26900
data_price_hour_abs_01_amount: 8.26900
data_price_hour_rel_-11_amount: 8.26900
data_price_hour_abs_02_amount: 8.26900
data_price_hour_rel_-10_amount: 8.41200
data_price_hour_abs_03_amount: 8.41200
data_price_hour_rel_-09_amount: 8.67500
data_price_hour_abs_04_amount: 8.67500
data_price_hour_rel_-08_amount: 8.87300
data_price_hour_abs_05_amount: 8.87300
data_price_hour_rel_-07_amount: 9.75500
data_price_hour_abs_06_amount: 9.75500
data_price_hour_rel_-06_amount: 11.60300
data_price_hour_abs_07_amount: 11.60300
data_price_hour_rel_-05_amount: 12.98100
data_price_hour_abs_08_amount: 12.98100
data_price_hour_rel_-04_amount: 13.25200
data_price_hour_abs_09_amount: 13.25200
data_price_hour_rel_-03_amount: 14.22000
data_price_hour_abs_10_amount: 14.22000
data_price_hour_rel_-02_amount: 12.38500
data_price_hour_abs_11_amount: 12.38500
data_price_hour_rel_-01_amount: 11.76800
data_price_hour_abs_12_amount: 11.76800
data_price_hour_rel_+00_amount: 11.29800
data_price_hour_abs_13_amount: 11.29800
data_price_hour_rel_+01_amount: 12.22200
data_price_hour_abs_14_amount: 12.22200
data_price_hour_rel_+02_amount: 12.05200
data_price_hour_abs_15_amount: 12.05200
data_price_hour_rel_+03_amount: 12.21500
data_price_hour_abs_16_amount: 12.21500
data_price_hour_rel_+04_amount: 12.23300
data_price_hour_abs_17_amount: 12.23300
data_price_hour_rel_+05_amount: 11.33500
data_price_hour_abs_18_amount: 11.33500
data_price_hour_rel_+06_amount: 9.87400
data_price_hour_abs_19_amount: 9.87400
data_price_hour_rel_+07_amount: 9.09500
data_price_hour_abs_20_amount: 9.09500
data_price_hour_rel_+08_amount: 9.22100
data_price_hour_abs_21_amount: 9.22100
data_price_hour_rel_+09_amount: 9.00000
data_price_hour_abs_22_amount: 9.00000
data_price_hour_rel_+10_amount: 8.26700
data_price_hour_abs_23_amount: 8.26700