date_now: 2026-02-05 13:55:29
date_now_epoch: 1770296129066
date_now_day: 5
date_now_month: 2
date_now_year: 2026
date_start: 2026-02-05 00:00:00
date_end: 2026-02-05 23:59:59
price_low: 8.74300
price_high: 14.05000
price_median: 10.99300
price_average: 11.05429
price_current: 10.97600
price_unit: Cent/kWh
price_threshold_00: 8.74300
price_threshold_01: 8.78000
price_threshold_02: 8.84400
price_threshold_03: 8.95700
price_threshold_04: 9.03000
price_threshold_05: 9.15100
price_threshold_06: 10.00400
price_threshold_07: 10.28500
price_threshold_08: 10.58800
price_threshold_09: 10.77800
price_threshold_10: 10.82500
price_threshold_11: 10.97600
price_threshold_12: 11.01000
price_threshold_13: 11.33200
price_threshold_14: 11.69800
price_threshold_15: 11.81900
price_threshold_16: 12.08100
price_threshold_17: 12.10700
price_threshold_18: 12.15200
price_threshold_19: 12.53700
price_threshold_20: 12.60000
price_threshold_21: 13.29100
price_threshold_22: 13.66500
price_threshold_23: 14.05000
data_price_hour_rel_-13_amount: 9.03000
data_price_hour_abs_00_amount: 9.03000
data_price_hour_rel_-12_amount: 8.84400
data_price_hour_abs_01_amount: 8.84400
data_price_hour_rel_-11_amount: 8.74300
data_price_hour_abs_02_amount: 8.74300
data_price_hour_rel_-10_amount: 8.78000
data_price_hour_abs_03_amount: 8.78000
data_price_hour_rel_-09_amount: 8.95700
data_price_hour_abs_04_amount: 8.95700
data_price_hour_rel_-08_amount: 9.15100
data_price_hour_abs_05_amount: 9.15100
data_price_hour_rel_-07_amount: 10.28500
data_price_hour_abs_06_amount: 10.28500
data_price_hour_rel_-06_amount: 11.33200
data_price_hour_abs_07_amount: 11.33200
data_price_hour_rel_-05_amount: 12.53700
data_price_hour_abs_08_amount: 12.53700
data_price_hour_rel_-04_amount: 12.15200
data_price_hour_abs_09_amount: 12.15200
data_price_hour_rel_-03_amount: 11.81900
data_price_hour_abs_10_amount: 11.81900
data_price_hour_rel_-02_amount: 12.10700
data_price_hour_abs_11_amount: 12.10700
data_price_hour_rel_-01_amount: 10.82500
data_price_hour_abs_12_amount: 10.82500
data_price_hour_rel_+00_amount: 10.97600
data_price_hour_abs_13_amount: 10.97600
data_price_hour_rel_+01_amount: 11.01000
data_price_hour_abs_14_amount: 11.01000
data_price_hour_rel_+02_amount: 11.69800
data_price_hour_abs_15_amount: 11.69800
data_price_hour_rel_+03_amount: 12.60000
data_price_hour_abs_16_amount: 12.60000
data_price_hour_rel_+04_amount: 14.05000
data_price_hour_abs_17_amount: 14.05000
data_price_hour_rel_+05_amount: 13.66500
data_price_hour_abs_18_amount: 13.66500
data_price_hour_rel_+06_amount: 13.29100
data_price_hour_abs_19_amount: 13.29100
data_price_hour_rel_+07_amount: 12.08100
data_price_hour_abs_20_amount: 12.08100
data_price_hour_rel_+08_amount: 10.77800
data_price_hour_abs_21_amount: 10.77800
data_price_hour_rel_+09_amount: 10.58800
data_price_hour_abs_22_amount: 10.58800
data_price_hour_rel_+10_amount: 10.00400
data_price_hour_abs_23_amount: 10.00400