date_now: 2026-03-23 14:00:46
date_now_epoch: 1774270846329
date_now_day: 23
date_now_month: 3
date_now_year: 2026
date_start: 2026-03-23 00:00:00
date_end: 2026-03-23 23:59:59
price_low: 4.80800
price_high: 26.30100
price_median: 13.84050
price_average: 14.19142
price_current: 9.49800
price_unit: Cent/kWh
price_threshold_00: 4.80800
price_threshold_01: 4.92600
price_threshold_02: 7.48800
price_threshold_03: 8.14300
price_threshold_04: 9.49800
price_threshold_05: 10.80000
price_threshold_06: 11.44500
price_threshold_07: 12.51600
price_threshold_08: 12.59000
price_threshold_09: 12.85900
price_threshold_10: 13.11400
price_threshold_11: 13.82700
price_threshold_12: 13.85400
price_threshold_13: 14.04500
price_threshold_14: 14.76100
price_threshold_15: 15.57200
price_threshold_16: 15.57400
price_threshold_17: 17.73200
price_threshold_18: 18.22900
price_threshold_19: 18.61900
price_threshold_20: 19.07800
price_threshold_21: 20.65900
price_threshold_22: 24.15600
price_threshold_23: 26.30100
data_price_hour_rel_-14_amount: 13.11400
data_price_hour_abs_00_amount: 13.11400
data_price_hour_rel_-13_amount: 12.59000
data_price_hour_abs_01_amount: 12.59000
data_price_hour_rel_-12_amount: 12.51600
data_price_hour_abs_02_amount: 12.51600
data_price_hour_rel_-11_amount: 12.85900
data_price_hour_abs_03_amount: 12.85900
data_price_hour_rel_-10_amount: 13.82700
data_price_hour_abs_04_amount: 13.82700
data_price_hour_rel_-09_amount: 15.57200
data_price_hour_abs_05_amount: 15.57200
data_price_hour_rel_-08_amount: 18.22900
data_price_hour_abs_06_amount: 18.22900
data_price_hour_rel_-07_amount: 18.61900
data_price_hour_abs_07_amount: 18.61900
data_price_hour_rel_-06_amount: 14.76100
data_price_hour_abs_08_amount: 14.76100
data_price_hour_rel_-05_amount: 10.80000
data_price_hour_abs_09_amount: 10.80000
data_price_hour_rel_-04_amount: 8.14300
data_price_hour_abs_10_amount: 8.14300
data_price_hour_rel_-03_amount: 4.80800
data_price_hour_abs_11_amount: 4.80800
data_price_hour_rel_-02_amount: 4.92600
data_price_hour_abs_12_amount: 4.92600
data_price_hour_rel_-01_amount: 7.48800
data_price_hour_abs_13_amount: 7.48800
data_price_hour_rel_+00_amount: 9.49800
data_price_hour_abs_14_amount: 9.49800
data_price_hour_rel_+01_amount: 11.44500
data_price_hour_abs_15_amount: 11.44500
data_price_hour_rel_+02_amount: 13.85400
data_price_hour_abs_16_amount: 13.85400
data_price_hour_rel_+03_amount: 19.07800
data_price_hour_abs_17_amount: 19.07800
data_price_hour_rel_+04_amount: 26.30100
data_price_hour_abs_18_amount: 26.30100
data_price_hour_rel_+05_amount: 24.15600
data_price_hour_abs_19_amount: 24.15600
data_price_hour_rel_+06_amount: 20.65900
data_price_hour_abs_20_amount: 20.65900
data_price_hour_rel_+07_amount: 17.73200
data_price_hour_abs_21_amount: 17.73200
data_price_hour_rel_+08_amount: 15.57400
data_price_hour_abs_22_amount: 15.57400
data_price_hour_rel_+09_amount: 14.04500
data_price_hour_abs_23_amount: 14.04500