date_now: 2026-02-14 13:40:58
date_now_epoch: 1771072858609
date_now_day: 14
date_now_month: 2
date_now_year: 2026
date_start: 2026-02-14 00:00:00
date_end: 2026-02-14 23:59:59
price_low: 8.75100
price_high: 13.19300
price_median: 9.96300
price_average: 10.35387
price_current: 9.39700
price_unit: Cent/kWh
price_threshold_00: 8.75100
price_threshold_01: 8.86700
price_threshold_02: 8.87500
price_threshold_03: 8.90900
price_threshold_04: 9.02200
price_threshold_05: 9.18300
price_threshold_06: 9.31200
price_threshold_07: 9.39700
price_threshold_08: 9.51600
price_threshold_09: 9.69900
price_threshold_10: 9.71100
price_threshold_11: 9.81600
price_threshold_12: 10.11000
price_threshold_13: 10.18300
price_threshold_14: 10.39700
price_threshold_15: 10.49500
price_threshold_16: 10.74900
price_threshold_17: 11.12000
price_threshold_18: 11.68900
price_threshold_19: 11.69800
price_threshold_20: 12.31900
price_threshold_21: 12.61000
price_threshold_22: 12.87200
price_threshold_23: 13.19300
data_price_hour_rel_-13_amount: 9.69900
data_price_hour_abs_00_amount: 9.69900
data_price_hour_rel_-12_amount: 9.18300
data_price_hour_abs_01_amount: 9.18300
data_price_hour_rel_-11_amount: 8.90900
data_price_hour_abs_02_amount: 8.90900
data_price_hour_rel_-10_amount: 8.86700
data_price_hour_abs_03_amount: 8.86700
data_price_hour_rel_-09_amount: 8.75100
data_price_hour_abs_04_amount: 8.75100
data_price_hour_rel_-08_amount: 8.87500
data_price_hour_abs_05_amount: 8.87500
data_price_hour_rel_-07_amount: 9.02200
data_price_hour_abs_06_amount: 9.02200
data_price_hour_rel_-06_amount: 9.31200
data_price_hour_abs_07_amount: 9.31200
data_price_hour_rel_-05_amount: 10.18300
data_price_hour_abs_08_amount: 10.18300
data_price_hour_rel_-04_amount: 10.74900
data_price_hour_abs_09_amount: 10.74900
data_price_hour_rel_-03_amount: 10.39700
data_price_hour_abs_10_amount: 10.39700
data_price_hour_rel_-02_amount: 9.81600
data_price_hour_abs_11_amount: 9.81600
data_price_hour_rel_-01_amount: 9.51600
data_price_hour_abs_12_amount: 9.51600
data_price_hour_rel_+00_amount: 9.39700
data_price_hour_abs_13_amount: 9.39700
data_price_hour_rel_+01_amount: 9.71100
data_price_hour_abs_14_amount: 9.71100
data_price_hour_rel_+02_amount: 10.49500
data_price_hour_abs_15_amount: 10.49500
data_price_hour_rel_+03_amount: 11.68900
data_price_hour_abs_16_amount: 11.68900
data_price_hour_rel_+04_amount: 12.61000
data_price_hour_abs_17_amount: 12.61000
data_price_hour_rel_+05_amount: 13.19300
data_price_hour_abs_18_amount: 13.19300
data_price_hour_rel_+06_amount: 12.87200
data_price_hour_abs_19_amount: 12.87200
data_price_hour_rel_+07_amount: 12.31900
data_price_hour_abs_20_amount: 12.31900
data_price_hour_rel_+08_amount: 11.69800
data_price_hour_abs_21_amount: 11.69800
data_price_hour_rel_+09_amount: 11.12000
data_price_hour_abs_22_amount: 11.12000
data_price_hour_rel_+10_amount: 10.11000
data_price_hour_abs_23_amount: 10.11000