date_now: 2026-03-05 13:53:58
date_now_epoch: 1772715238996
date_now_day: 5
date_now_month: 3
date_now_year: 2026
date_start: 2026-03-05 00:00:00
date_end: 2026-03-05 23:59:59
price_low: 0.21200
price_high: 19.20200
price_median: 11.80950
price_average: 11.08563
price_current: 0.28300
price_unit: Cent/kWh
price_threshold_00: 0.21200
price_threshold_01: 0.28300
price_threshold_02: 2.29600
price_threshold_03: 3.88400
price_threshold_04: 6.41500
price_threshold_05: 9.00000
price_threshold_06: 9.70900
price_threshold_07: 10.87900
price_threshold_08: 10.92600
price_threshold_09: 10.99300
price_threshold_10: 11.10600
price_threshold_11: 11.64900
price_threshold_12: 11.97000
price_threshold_13: 12.69300
price_threshold_14: 13.01400
price_threshold_15: 13.05900
price_threshold_16: 13.52500
price_threshold_17: 13.77500
price_threshold_18: 13.93300
price_threshold_19: 15.43900
price_threshold_20: 16.50000
price_threshold_21: 17.55500
price_threshold_22: 18.03800
price_threshold_23: 19.20200
data_price_hour_rel_-13_amount: 11.64900
data_price_hour_abs_00_amount: 11.64900
data_price_hour_rel_-12_amount: 10.99300
data_price_hour_abs_01_amount: 10.99300
data_price_hour_rel_-11_amount: 10.92600
data_price_hour_abs_02_amount: 10.92600
data_price_hour_rel_-10_amount: 10.87900
data_price_hour_abs_03_amount: 10.87900
data_price_hour_rel_-09_amount: 11.10600
data_price_hour_abs_04_amount: 11.10600
data_price_hour_rel_-08_amount: 12.69300
data_price_hour_abs_05_amount: 12.69300
data_price_hour_rel_-07_amount: 15.43900
data_price_hour_abs_06_amount: 15.43900
data_price_hour_rel_-06_amount: 17.55500
data_price_hour_abs_07_amount: 17.55500
data_price_hour_rel_-05_amount: 13.93300
data_price_hour_abs_08_amount: 13.93300
data_price_hour_rel_-04_amount: 9.70900
data_price_hour_abs_09_amount: 9.70900
data_price_hour_rel_-03_amount: 6.41500
data_price_hour_abs_10_amount: 6.41500
data_price_hour_rel_-02_amount: 2.29600
data_price_hour_abs_11_amount: 2.29600
data_price_hour_rel_-01_amount: 0.21200
data_price_hour_abs_12_amount: 0.21200
data_price_hour_rel_+00_amount: 0.28300
data_price_hour_abs_13_amount: 0.28300
data_price_hour_rel_+01_amount: 3.88400
data_price_hour_abs_14_amount: 3.88400
data_price_hour_rel_+02_amount: 9.00000
data_price_hour_abs_15_amount: 9.00000
data_price_hour_rel_+03_amount: 13.77500
data_price_hour_abs_16_amount: 13.77500
data_price_hour_rel_+04_amount: 18.03800
data_price_hour_abs_17_amount: 18.03800
data_price_hour_rel_+05_amount: 19.20200
data_price_hour_abs_18_amount: 19.20200
data_price_hour_rel_+06_amount: 16.50000
data_price_hour_abs_19_amount: 16.50000
data_price_hour_rel_+07_amount: 13.52500
data_price_hour_abs_20_amount: 13.52500
data_price_hour_rel_+08_amount: 13.05900
data_price_hour_abs_21_amount: 13.05900
data_price_hour_rel_+09_amount: 13.01400
data_price_hour_abs_22_amount: 13.01400
data_price_hour_rel_+10_amount: 11.97000
data_price_hour_abs_23_amount: 11.97000