date_now: 2026-07-06 17:24:25
date_now_epoch: 1783351465194
date_now_day: 6
date_now_month: 7
date_now_year: 2026
date_start: 2026-07-06 00:00:00
date_end: 2026-07-06 23:59:59
price_low: 0.50000
price_high: 15.12000
price_median: 11.69000
price_average: 9.88292
price_current: 6.65800
price_unit: Cent/kWh
price_threshold_00: 0.50000
price_threshold_01: 0.98100
price_threshold_02: 2.04500
price_threshold_03: 2.05100
price_threshold_04: 4.30200
price_threshold_05: 6.65800
price_threshold_06: 7.20700
price_threshold_07: 9.02800
price_threshold_08: 9.93400
price_threshold_09: 11.06200
price_threshold_10: 11.55500
price_threshold_11: 11.59300
price_threshold_12: 11.78700
price_threshold_13: 11.97600
price_threshold_14: 12.08600
price_threshold_15: 12.45400
price_threshold_16: 13.38700
price_threshold_17: 13.50000
price_threshold_18: 13.60300
price_threshold_19: 13.83300
price_threshold_20: 13.85600
price_threshold_21: 13.95600
price_threshold_22: 14.71600
price_threshold_23: 15.12000
data_price_hour_rel_-17_amount: 13.85600
data_price_hour_abs_00_amount: 13.85600
data_price_hour_rel_-16_amount: 12.45400
data_price_hour_abs_01_amount: 12.45400
data_price_hour_rel_-15_amount: 11.97600
data_price_hour_abs_02_amount: 11.97600
data_price_hour_rel_-14_amount: 11.55500
data_price_hour_abs_03_amount: 11.55500
data_price_hour_rel_-13_amount: 11.59300
data_price_hour_abs_04_amount: 11.59300
data_price_hour_rel_-12_amount: 12.08600
data_price_hour_abs_05_amount: 12.08600
data_price_hour_rel_-11_amount: 13.60300
data_price_hour_abs_06_amount: 13.60300
data_price_hour_rel_-10_amount: 13.95600
data_price_hour_abs_07_amount: 13.95600
data_price_hour_rel_-09_amount: 13.38700
data_price_hour_abs_08_amount: 13.38700
data_price_hour_rel_-08_amount: 11.06200
data_price_hour_abs_09_amount: 11.06200
data_price_hour_rel_-07_amount: 9.02800
data_price_hour_abs_10_amount: 9.02800
data_price_hour_rel_-06_amount: 7.20700
data_price_hour_abs_11_amount: 7.20700
data_price_hour_rel_-05_amount: 4.30200
data_price_hour_abs_12_amount: 4.30200
data_price_hour_rel_-04_amount: 2.04500
data_price_hour_abs_13_amount: 2.04500
data_price_hour_rel_-03_amount: 0.98100
data_price_hour_abs_14_amount: 0.98100
data_price_hour_rel_-02_amount: 0.50000
data_price_hour_abs_15_amount: 0.50000
data_price_hour_rel_-01_amount: 2.05100
data_price_hour_abs_16_amount: 2.05100
data_price_hour_rel_+00_amount: 6.65800
data_price_hour_abs_17_amount: 6.65800
data_price_hour_rel_+01_amount: 9.93400
data_price_hour_abs_18_amount: 9.93400
data_price_hour_rel_+02_amount: 11.78700
data_price_hour_abs_19_amount: 11.78700
data_price_hour_rel_+03_amount: 13.83300
data_price_hour_abs_20_amount: 13.83300
data_price_hour_rel_+04_amount: 15.12000
data_price_hour_abs_21_amount: 15.12000
data_price_hour_rel_+05_amount: 14.71600
data_price_hour_abs_22_amount: 14.71600
data_price_hour_rel_+06_amount: 13.50000
data_price_hour_abs_23_amount: 13.50000