date_now: 2026-01-29 13:51:35
date_now_epoch: 1769691095339
date_now_day: 29
date_now_month: 1
date_now_year: 2026
date_start: 2026-01-29 00:00:00
date_end: 2026-01-29 23:59:59
price_low: 10.00200
price_high: 16.80400
price_median: 14.29050
price_average: 13.24033
price_current: 14.28200
price_unit: Cent/kWh
price_threshold_00: 10.00200
price_threshold_01: 10.09300
price_threshold_02: 10.18800
price_threshold_03: 10.29800
price_threshold_04: 10.40000
price_threshold_05: 10.45500
price_threshold_06: 10.46400
price_threshold_07: 10.93200
price_threshold_08: 11.35700
price_threshold_09: 11.61200
price_threshold_10: 12.65600
price_threshold_11: 14.28200
price_threshold_12: 14.29900
price_threshold_13: 14.30400
price_threshold_14: 14.76100
price_threshold_15: 14.96000
price_threshold_16: 15.00400
price_threshold_17: 15.27900
price_threshold_18: 15.31000
price_threshold_19: 15.72400
price_threshold_20: 15.94800
price_threshold_21: 16.06800
price_threshold_22: 16.56800
price_threshold_23: 16.80400
data_price_hour_rel_-13_amount: 10.45500
data_price_hour_abs_00_amount: 10.45500
data_price_hour_rel_-12_amount: 10.40000
data_price_hour_abs_01_amount: 10.40000
data_price_hour_rel_-11_amount: 10.18800
data_price_hour_abs_02_amount: 10.18800
data_price_hour_rel_-10_amount: 10.00200
data_price_hour_abs_03_amount: 10.00200
data_price_hour_rel_-09_amount: 10.09300
data_price_hour_abs_04_amount: 10.09300
data_price_hour_rel_-08_amount: 10.46400
data_price_hour_abs_05_amount: 10.46400
data_price_hour_rel_-07_amount: 11.61200
data_price_hour_abs_06_amount: 11.61200
data_price_hour_rel_-06_amount: 14.96000
data_price_hour_abs_07_amount: 14.96000
data_price_hour_rel_-05_amount: 16.56800
data_price_hour_abs_08_amount: 16.56800
data_price_hour_rel_-04_amount: 16.80400
data_price_hour_abs_09_amount: 16.80400
data_price_hour_rel_-03_amount: 16.06800
data_price_hour_abs_10_amount: 16.06800
data_price_hour_rel_-02_amount: 15.27900
data_price_hour_abs_11_amount: 15.27900
data_price_hour_rel_-01_amount: 14.30400
data_price_hour_abs_12_amount: 14.30400
data_price_hour_rel_+00_amount: 14.28200
data_price_hour_abs_13_amount: 14.28200
data_price_hour_rel_+01_amount: 14.29900
data_price_hour_abs_14_amount: 14.29900
data_price_hour_rel_+02_amount: 14.76100
data_price_hour_abs_15_amount: 14.76100
data_price_hour_rel_+03_amount: 15.31000
data_price_hour_abs_16_amount: 15.31000
data_price_hour_rel_+04_amount: 15.94800
data_price_hour_abs_17_amount: 15.94800
data_price_hour_rel_+05_amount: 15.72400
data_price_hour_abs_18_amount: 15.72400
data_price_hour_rel_+06_amount: 15.00400
data_price_hour_abs_19_amount: 15.00400
data_price_hour_rel_+07_amount: 12.65600
data_price_hour_abs_20_amount: 12.65600
data_price_hour_rel_+08_amount: 11.35700
data_price_hour_abs_21_amount: 11.35700
data_price_hour_rel_+09_amount: 10.93200
data_price_hour_abs_22_amount: 10.93200
data_price_hour_rel_+10_amount: 10.29800
data_price_hour_abs_23_amount: 10.29800