date_now: 2026-02-16 13:56:49
date_now_epoch: 1771246609310
date_now_day: 16
date_now_month: 2
date_now_year: 2026
date_start: 2026-02-16 00:00:00
date_end: 2026-02-16 23:59:59
price_low: 6.44100
price_high: 13.03600
price_median: 9.54350
price_average: 9.48446
price_current: 9.44000
price_unit: Cent/kWh
price_threshold_00: 6.44100
price_threshold_01: 6.44100
price_threshold_02: 6.53800
price_threshold_03: 6.60500
price_threshold_04: 6.89300
price_threshold_05: 6.99900
price_threshold_06: 7.93300
price_threshold_07: 9.20000
price_threshold_08: 9.27600
price_threshold_09: 9.40700
price_threshold_10: 9.44000
price_threshold_11: 9.48600
price_threshold_12: 9.60100
price_threshold_13: 10.10300
price_threshold_14: 10.15400
price_threshold_15: 10.19200
price_threshold_16: 10.39000
price_threshold_17: 10.40800
price_threshold_18: 10.44300
price_threshold_19: 11.53000
price_threshold_20: 11.56300
price_threshold_21: 12.63600
price_threshold_22: 12.91200
price_threshold_23: 13.03600
data_price_hour_rel_-13_amount: 6.89300
data_price_hour_abs_00_amount: 6.89300
data_price_hour_rel_-12_amount: 6.53800
data_price_hour_abs_01_amount: 6.53800
data_price_hour_rel_-11_amount: 6.44100
data_price_hour_abs_02_amount: 6.44100
data_price_hour_rel_-10_amount: 6.44100
data_price_hour_abs_03_amount: 6.44100
data_price_hour_rel_-09_amount: 6.60500
data_price_hour_abs_04_amount: 6.60500
data_price_hour_rel_-08_amount: 6.99900
data_price_hour_abs_05_amount: 6.99900
data_price_hour_rel_-07_amount: 7.93300
data_price_hour_abs_06_amount: 7.93300
data_price_hour_rel_-06_amount: 9.40700
data_price_hour_abs_07_amount: 9.40700
data_price_hour_rel_-05_amount: 10.10300
data_price_hour_abs_08_amount: 10.10300
data_price_hour_rel_-04_amount: 10.44300
data_price_hour_abs_09_amount: 10.44300
data_price_hour_rel_-03_amount: 10.15400
data_price_hour_abs_10_amount: 10.15400
data_price_hour_rel_-02_amount: 9.48600
data_price_hour_abs_11_amount: 9.48600
data_price_hour_rel_-01_amount: 9.20000
data_price_hour_abs_12_amount: 9.20000
data_price_hour_rel_+00_amount: 9.44000
data_price_hour_abs_13_amount: 9.44000
data_price_hour_rel_+01_amount: 9.60100
data_price_hour_abs_14_amount: 9.60100
data_price_hour_rel_+02_amount: 10.40800
data_price_hour_abs_15_amount: 10.40800
data_price_hour_rel_+03_amount: 11.53000
data_price_hour_abs_16_amount: 11.53000
data_price_hour_rel_+04_amount: 13.03600
data_price_hour_abs_17_amount: 13.03600
data_price_hour_rel_+05_amount: 12.91200
data_price_hour_abs_18_amount: 12.91200
data_price_hour_rel_+06_amount: 12.63600
data_price_hour_abs_19_amount: 12.63600
data_price_hour_rel_+07_amount: 11.56300
data_price_hour_abs_20_amount: 11.56300
data_price_hour_rel_+08_amount: 10.39000
data_price_hour_abs_21_amount: 10.39000
data_price_hour_rel_+09_amount: 10.19200
data_price_hour_abs_22_amount: 10.19200
data_price_hour_rel_+10_amount: 9.27600
data_price_hour_abs_23_amount: 9.27600