date_now: 2026-07-21 15:40:40
date_now_epoch: 1784641240720
date_now_day: 21
date_now_month: 7
date_now_year: 2026
date_start: 2026-07-21 00:00:00
date_end: 2026-07-21 23:59:59
price_low: 0.10000
price_high: 17.45600
price_median: 14.13200
price_average: 11.29600
price_current: 1.36700
price_unit: Cent/kWh
price_threshold_00: 0.10000
price_threshold_01: 0.10100
price_threshold_02: 0.70500
price_threshold_03: 1.36700
price_threshold_04: 4.36400
price_threshold_05: 6.22300
price_threshold_06: 8.36900
price_threshold_07: 10.25700
price_threshold_08: 11.49500
price_threshold_09: 13.53700
price_threshold_10: 13.88700
price_threshold_11: 13.92500
price_threshold_12: 14.33900
price_threshold_13: 14.49100
price_threshold_14: 14.53800
price_threshold_15: 14.87800
price_threshold_16: 14.95200
price_threshold_17: 15.36100
price_threshold_18: 15.44300
price_threshold_19: 15.51900
price_threshold_20: 15.76500
price_threshold_21: 16.83200
price_threshold_22: 17.20000
price_threshold_23: 17.45600
data_price_hour_rel_-15_amount: 14.87800
data_price_hour_abs_00_amount: 14.87800
data_price_hour_rel_-14_amount: 14.95200
data_price_hour_abs_01_amount: 14.95200
data_price_hour_rel_-13_amount: 14.33900
data_price_hour_abs_02_amount: 14.33900
data_price_hour_rel_-12_amount: 13.88700
data_price_hour_abs_03_amount: 13.88700
data_price_hour_rel_-11_amount: 13.92500
data_price_hour_abs_04_amount: 13.92500
data_price_hour_rel_-10_amount: 14.49100
data_price_hour_abs_05_amount: 14.49100
data_price_hour_rel_-09_amount: 15.76500
data_price_hour_abs_06_amount: 15.76500
data_price_hour_rel_-08_amount: 15.44300
data_price_hour_abs_07_amount: 15.44300
data_price_hour_rel_-07_amount: 14.53800
data_price_hour_abs_08_amount: 14.53800
data_price_hour_rel_-06_amount: 11.49500
data_price_hour_abs_09_amount: 11.49500
data_price_hour_rel_-05_amount: 8.36900
data_price_hour_abs_10_amount: 8.36900
data_price_hour_rel_-04_amount: 4.36400
data_price_hour_abs_11_amount: 4.36400
data_price_hour_rel_-03_amount: 0.70500
data_price_hour_abs_12_amount: 0.70500
data_price_hour_rel_-02_amount: 0.10100
data_price_hour_abs_13_amount: 0.10100
data_price_hour_rel_-01_amount: 0.10000
data_price_hour_abs_14_amount: 0.10000
data_price_hour_rel_+00_amount: 1.36700
data_price_hour_abs_15_amount: 1.36700
data_price_hour_rel_+01_amount: 6.22300
data_price_hour_abs_16_amount: 6.22300
data_price_hour_rel_+02_amount: 10.25700
data_price_hour_abs_17_amount: 10.25700
data_price_hour_rel_+03_amount: 13.53700
data_price_hour_abs_18_amount: 13.53700
data_price_hour_rel_+04_amount: 15.36100
data_price_hour_abs_19_amount: 15.36100
data_price_hour_rel_+05_amount: 17.20000
data_price_hour_abs_20_amount: 17.20000
data_price_hour_rel_+06_amount: 17.45600
data_price_hour_abs_21_amount: 17.45600
data_price_hour_rel_+07_amount: 16.83200
data_price_hour_abs_22_amount: 16.83200
data_price_hour_rel_+08_amount: 15.51900
data_price_hour_abs_23_amount: 15.51900