date_now: 2026-03-17 14:05:05
date_now_epoch: 1773752705477
date_now_day: 17
date_now_month: 3
date_now_year: 2026
date_start: 2026-03-17 00:00:00
date_end: 2026-03-17 23:59:59
price_low: 9.52300
price_high: 20.73000
price_median: 11.39550
price_average: 12.61583
price_current: 9.93300
price_unit: Cent/kWh
price_threshold_00: 9.52300
price_threshold_01: 9.67700
price_threshold_02: 9.93300
price_threshold_03: 10.04600
price_threshold_04: 10.06500
price_threshold_05: 10.55900
price_threshold_06: 10.64200
price_threshold_07: 10.65200
price_threshold_08: 10.86400
price_threshold_09: 11.00300
price_threshold_10: 11.21100
price_threshold_11: 11.36700
price_threshold_12: 11.42400
price_threshold_13: 11.99200
price_threshold_14: 12.40700
price_threshold_15: 12.97900
price_threshold_16: 13.17800
price_threshold_17: 14.42400
price_threshold_18: 14.79700
price_threshold_19: 15.25100
price_threshold_20: 16.22000
price_threshold_21: 16.79800
price_threshold_22: 17.03800
price_threshold_23: 20.73000
data_price_hour_rel_-14_amount: 11.36700
data_price_hour_abs_00_amount: 11.36700
data_price_hour_rel_-13_amount: 10.55900
data_price_hour_abs_01_amount: 10.55900
data_price_hour_rel_-12_amount: 10.64200
data_price_hour_abs_02_amount: 10.64200
data_price_hour_rel_-11_amount: 10.65200
data_price_hour_abs_03_amount: 10.65200
data_price_hour_rel_-10_amount: 11.00300
data_price_hour_abs_04_amount: 11.00300
data_price_hour_rel_-09_amount: 11.99200
data_price_hour_abs_05_amount: 11.99200
data_price_hour_rel_-08_amount: 14.79700
data_price_hour_abs_06_amount: 14.79700
data_price_hour_rel_-07_amount: 16.79800
data_price_hour_abs_07_amount: 16.79800
data_price_hour_rel_-06_amount: 15.25100
data_price_hour_abs_08_amount: 15.25100
data_price_hour_rel_-05_amount: 12.40700
data_price_hour_abs_09_amount: 12.40700
data_price_hour_rel_-04_amount: 10.86400
data_price_hour_abs_10_amount: 10.86400
data_price_hour_rel_-03_amount: 10.06500
data_price_hour_abs_11_amount: 10.06500
data_price_hour_rel_-02_amount: 9.52300
data_price_hour_abs_12_amount: 9.52300
data_price_hour_rel_-01_amount: 9.67700
data_price_hour_abs_13_amount: 9.67700
data_price_hour_rel_+00_amount: 9.93300
data_price_hour_abs_14_amount: 9.93300
data_price_hour_rel_+01_amount: 11.21100
data_price_hour_abs_15_amount: 11.21100
data_price_hour_rel_+02_amount: 13.17800
data_price_hour_abs_16_amount: 13.17800
data_price_hour_rel_+03_amount: 16.22000
data_price_hour_abs_17_amount: 16.22000
data_price_hour_rel_+04_amount: 20.73000
data_price_hour_abs_18_amount: 20.73000
data_price_hour_rel_+05_amount: 17.03800
data_price_hour_abs_19_amount: 17.03800
data_price_hour_rel_+06_amount: 14.42400
data_price_hour_abs_20_amount: 14.42400
data_price_hour_rel_+07_amount: 12.97900
data_price_hour_abs_21_amount: 12.97900
data_price_hour_rel_+08_amount: 11.42400
data_price_hour_abs_22_amount: 11.42400
data_price_hour_rel_+09_amount: 10.04600
data_price_hour_abs_23_amount: 10.04600