date_now: 2026-02-28 13:39:06
date_now_epoch: 1772282346396
date_now_day: 28
date_now_month: 2
date_now_year: 2026
date_start: 2026-02-28 00:00:00
date_end: 2026-02-28 23:59:59
price_low: -0.02500
price_high: 9.51900
price_median: 6.73850
price_average: 5.33550
price_current: -0.02200
price_unit: Cent/kWh
price_threshold_00: -0.02500
price_threshold_01: -0.02200
price_threshold_02: -0.00300
price_threshold_03: -0.00100
price_threshold_04: -0.00100
price_threshold_05: 1.48600
price_threshold_06: 1.78000
price_threshold_07: 5.71200
price_threshold_08: 6.06700
price_threshold_09: 6.46600
price_threshold_10: 6.46700
price_threshold_11: 6.56500
price_threshold_12: 6.91200
price_threshold_13: 7.17800
price_threshold_14: 7.18900
price_threshold_15: 7.22500
price_threshold_16: 7.29200
price_threshold_17: 7.47300
price_threshold_18: 7.62900
price_threshold_19: 7.63100
price_threshold_20: 8.00200
price_threshold_21: 8.51700
price_threshold_22: 8.99400
price_threshold_23: 9.51900
data_price_hour_rel_-13_amount: 8.00200
data_price_hour_abs_00_amount: 8.00200
data_price_hour_rel_-12_amount: 7.63100
data_price_hour_abs_01_amount: 7.63100
data_price_hour_rel_-11_amount: 7.47300
data_price_hour_abs_02_amount: 7.47300
data_price_hour_rel_-10_amount: 7.17800
data_price_hour_abs_03_amount: 7.17800
data_price_hour_rel_-09_amount: 7.18900
data_price_hour_abs_04_amount: 7.18900
data_price_hour_rel_-08_amount: 7.22500
data_price_hour_abs_05_amount: 7.22500
data_price_hour_rel_-07_amount: 7.29200
data_price_hour_abs_06_amount: 7.29200
data_price_hour_rel_-06_amount: 7.62900
data_price_hour_abs_07_amount: 7.62900
data_price_hour_rel_-05_amount: 5.71200
data_price_hour_abs_08_amount: 5.71200
data_price_hour_rel_-04_amount: 1.78000
data_price_hour_abs_09_amount: 1.78000
data_price_hour_rel_-03_amount: -0.00100
data_price_hour_abs_10_amount: -0.00100
data_price_hour_rel_-02_amount: -0.00300
data_price_hour_abs_11_amount: -0.00300
data_price_hour_rel_-01_amount: -0.02500
data_price_hour_abs_12_amount: -0.02500
data_price_hour_rel_+00_amount: -0.02200
data_price_hour_abs_13_amount: -0.02200
data_price_hour_rel_+01_amount: -0.00100
data_price_hour_abs_14_amount: -0.00100
data_price_hour_rel_+02_amount: 1.48600
data_price_hour_abs_15_amount: 1.48600
data_price_hour_rel_+03_amount: 6.56500
data_price_hour_abs_16_amount: 6.56500
data_price_hour_rel_+04_amount: 8.99400
data_price_hour_abs_17_amount: 8.99400
data_price_hour_rel_+05_amount: 9.51900
data_price_hour_abs_18_amount: 9.51900
data_price_hour_rel_+06_amount: 8.51700
data_price_hour_abs_19_amount: 8.51700
data_price_hour_rel_+07_amount: 6.91200
data_price_hour_abs_20_amount: 6.91200
data_price_hour_rel_+08_amount: 6.46700
data_price_hour_abs_21_amount: 6.46700
data_price_hour_rel_+09_amount: 6.46600
data_price_hour_abs_22_amount: 6.46600
data_price_hour_rel_+10_amount: 6.06700
data_price_hour_abs_23_amount: 6.06700