date_now: 2026-03-21 13:41:31
date_now_epoch: 1774096891517
date_now_day: 21
date_now_month: 3
date_now_year: 2026
date_start: 2026-03-21 00:00:00
date_end: 2026-03-21 23:59:59
price_low: 2.34900
price_high: 17.16200
price_median: 12.92300
price_average: 11.43350
price_current: 2.42700
price_unit: Cent/kWh
price_threshold_00: 2.34900
price_threshold_01: 2.42700
price_threshold_02: 4.59000
price_threshold_03: 6.29300
price_threshold_04: 7.64700
price_threshold_05: 9.00000
price_threshold_06: 10.05800
price_threshold_07: 10.80000
price_threshold_08: 11.56700
price_threshold_09: 12.02400
price_threshold_10: 12.68800
price_threshold_11: 12.72700
price_threshold_12: 13.11900
price_threshold_13: 13.20600
price_threshold_14: 13.60900
price_threshold_15: 13.76700
price_threshold_16: 13.83400
price_threshold_17: 13.96600
price_threshold_18: 14.18300
price_threshold_19: 14.23400
price_threshold_20: 14.24000
price_threshold_21: 14.60300
price_threshold_22: 16.31100
price_threshold_23: 17.16200
data_price_hour_rel_-13_amount: 14.24000
data_price_hour_abs_00_amount: 14.24000
data_price_hour_rel_-12_amount: 13.83400
data_price_hour_abs_01_amount: 13.83400
data_price_hour_rel_-11_amount: 13.60900
data_price_hour_abs_02_amount: 13.60900
data_price_hour_rel_-10_amount: 13.20600
data_price_hour_abs_03_amount: 13.20600
data_price_hour_rel_-09_amount: 13.11900
data_price_hour_abs_04_amount: 13.11900
data_price_hour_rel_-08_amount: 13.76700
data_price_hour_abs_05_amount: 13.76700
data_price_hour_rel_-07_amount: 14.23400
data_price_hour_abs_06_amount: 14.23400
data_price_hour_rel_-06_amount: 13.96600
data_price_hour_abs_07_amount: 13.96600
data_price_hour_rel_-05_amount: 12.72700
data_price_hour_abs_08_amount: 12.72700
data_price_hour_rel_-04_amount: 10.05800
data_price_hour_abs_09_amount: 10.05800
data_price_hour_rel_-03_amount: 7.64700
data_price_hour_abs_10_amount: 7.64700
data_price_hour_rel_-02_amount: 4.59000
data_price_hour_abs_11_amount: 4.59000
data_price_hour_rel_-01_amount: 2.34900
data_price_hour_abs_12_amount: 2.34900
data_price_hour_rel_+00_amount: 2.42700
data_price_hour_abs_13_amount: 2.42700
data_price_hour_rel_+01_amount: 6.29300
data_price_hour_abs_14_amount: 6.29300
data_price_hour_rel_+02_amount: 9.00000
data_price_hour_abs_15_amount: 9.00000
data_price_hour_rel_+03_amount: 11.56700
data_price_hour_abs_16_amount: 11.56700
data_price_hour_rel_+04_amount: 14.60300
data_price_hour_abs_17_amount: 14.60300
data_price_hour_rel_+05_amount: 17.16200
data_price_hour_abs_18_amount: 17.16200
data_price_hour_rel_+06_amount: 16.31100
data_price_hour_abs_19_amount: 16.31100
data_price_hour_rel_+07_amount: 14.18300
data_price_hour_abs_20_amount: 14.18300
data_price_hour_rel_+08_amount: 12.68800
data_price_hour_abs_21_amount: 12.68800
data_price_hour_rel_+09_amount: 12.02400
data_price_hour_abs_22_amount: 12.02400
data_price_hour_rel_+10_amount: 10.80000
data_price_hour_abs_23_amount: 10.80000