date_now: 2026-03-11 13:53:56
date_now_epoch: 1773233636034
date_now_day: 11
date_now_month: 3
date_now_year: 2026
date_start: 2026-03-11 00:00:00
date_end: 2026-03-11 23:59:59
price_low: 0.99100
price_high: 15.67200
price_median: 7.31850
price_average: 7.92467
price_current: 1.61400
price_unit: Cent/kWh
price_threshold_00: 0.99100
price_threshold_01: 1.22000
price_threshold_02: 1.61400
price_threshold_03: 2.62300
price_threshold_04: 4.72700
price_threshold_05: 5.60700
price_threshold_06: 5.79500
price_threshold_07: 6.35700
price_threshold_08: 6.45400
price_threshold_09: 6.54300
price_threshold_10: 7.08100
price_threshold_11: 7.08700
price_threshold_12: 7.55000
price_threshold_13: 7.93300
price_threshold_14: 8.08700
price_threshold_15: 8.39600
price_threshold_16: 10.40000
price_threshold_17: 10.41100
price_threshold_18: 11.93000
price_threshold_19: 12.30300
price_threshold_20: 12.87800
price_threshold_21: 13.21900
price_threshold_22: 15.31400
price_threshold_23: 15.67200
data_price_hour_rel_-13_amount: 8.39600
data_price_hour_abs_00_amount: 8.39600
data_price_hour_rel_-12_amount: 7.08100
data_price_hour_abs_01_amount: 7.08100
data_price_hour_rel_-11_amount: 6.54300
data_price_hour_abs_02_amount: 6.54300
data_price_hour_rel_-10_amount: 6.35700
data_price_hour_abs_03_amount: 6.35700
data_price_hour_rel_-09_amount: 5.60700
data_price_hour_abs_04_amount: 5.60700
data_price_hour_rel_-08_amount: 6.45400
data_price_hour_abs_05_amount: 6.45400
data_price_hour_rel_-07_amount: 7.08700
data_price_hour_abs_06_amount: 7.08700
data_price_hour_rel_-06_amount: 8.08700
data_price_hour_abs_07_amount: 8.08700
data_price_hour_rel_-05_amount: 7.55000
data_price_hour_abs_08_amount: 7.55000
data_price_hour_rel_-04_amount: 5.79500
data_price_hour_abs_09_amount: 5.79500
data_price_hour_rel_-03_amount: 2.62300
data_price_hour_abs_10_amount: 2.62300
data_price_hour_rel_-02_amount: 1.22000
data_price_hour_abs_11_amount: 1.22000
data_price_hour_rel_-01_amount: 0.99100
data_price_hour_abs_12_amount: 0.99100
data_price_hour_rel_+00_amount: 1.61400
data_price_hour_abs_13_amount: 1.61400
data_price_hour_rel_+01_amount: 4.72700
data_price_hour_abs_14_amount: 4.72700
data_price_hour_rel_+02_amount: 7.93300
data_price_hour_abs_15_amount: 7.93300
data_price_hour_rel_+03_amount: 10.41100
data_price_hour_abs_16_amount: 10.41100
data_price_hour_rel_+04_amount: 12.87800
data_price_hour_abs_17_amount: 12.87800
data_price_hour_rel_+05_amount: 15.31400
data_price_hour_abs_18_amount: 15.31400
data_price_hour_rel_+06_amount: 15.67200
data_price_hour_abs_19_amount: 15.67200
data_price_hour_rel_+07_amount: 13.21900
data_price_hour_abs_20_amount: 13.21900
data_price_hour_rel_+08_amount: 12.30300
data_price_hour_abs_21_amount: 12.30300
data_price_hour_rel_+09_amount: 11.93000
data_price_hour_abs_22_amount: 11.93000
data_price_hour_rel_+10_amount: 10.40000
data_price_hour_abs_23_amount: 10.40000