date_now: 2026-05-29 16:54:58
date_now_epoch: 1780066498127
date_now_day: 29
date_now_month: 5
date_now_year: 2026
date_start: 2026-05-29 00:00:00
date_end: 2026-05-29 23:59:59
price_low: -0.00600
price_high: 24.06100
price_median: 12.57500
price_average: 10.28829
price_current: 5.16100
price_unit: Cent/kWh
price_threshold_00: -0.00600
price_threshold_01: -0.00400
price_threshold_02: 0.00000
price_threshold_03: 0.02900
price_threshold_04: 0.94100
price_threshold_05: 1.70300
price_threshold_06: 5.16100
price_threshold_07: 7.19100
price_threshold_08: 10.34100
price_threshold_09: 11.35700
price_threshold_10: 12.52800
price_threshold_11: 12.55000
price_threshold_12: 12.60000
price_threshold_13: 12.61900
price_threshold_14: 12.79800
price_threshold_15: 13.18900
price_threshold_16: 13.39300
price_threshold_17: 13.69900
price_threshold_18: 14.44400
price_threshold_19: 14.51900
price_threshold_20: 16.17000
price_threshold_21: 17.49500
price_threshold_22: 20.14100
price_threshold_23: 24.06100
data_price_hour_rel_-16_amount: 14.44400
data_price_hour_abs_00_amount: 14.44400
data_price_hour_rel_-15_amount: 13.39300
data_price_hour_abs_01_amount: 13.39300
data_price_hour_rel_-14_amount: 12.79800
data_price_hour_abs_02_amount: 12.79800
data_price_hour_rel_-13_amount: 12.61900
data_price_hour_abs_03_amount: 12.61900
data_price_hour_rel_-12_amount: 12.52800
data_price_hour_abs_04_amount: 12.52800
data_price_hour_rel_-11_amount: 12.55000
data_price_hour_abs_05_amount: 12.55000
data_price_hour_rel_-10_amount: 13.18900
data_price_hour_abs_06_amount: 13.18900
data_price_hour_rel_-09_amount: 12.60000
data_price_hour_abs_07_amount: 12.60000
data_price_hour_rel_-08_amount: 11.35700
data_price_hour_abs_08_amount: 11.35700
data_price_hour_rel_-07_amount: 7.19100
data_price_hour_abs_09_amount: 7.19100
data_price_hour_rel_-06_amount: 1.70300
data_price_hour_abs_10_amount: 1.70300
data_price_hour_rel_-05_amount: 0.02900
data_price_hour_abs_11_amount: 0.02900
data_price_hour_rel_-04_amount: -0.00600
data_price_hour_abs_12_amount: -0.00600
data_price_hour_rel_-03_amount: -0.00400
data_price_hour_abs_13_amount: -0.00400
data_price_hour_rel_-02_amount: 0.00000
data_price_hour_abs_14_amount: 0.00000
data_price_hour_rel_-01_amount: 0.94100
data_price_hour_abs_15_amount: 0.94100
data_price_hour_rel_+00_amount: 5.16100
data_price_hour_abs_16_amount: 5.16100
data_price_hour_rel_+01_amount: 10.34100
data_price_hour_abs_17_amount: 10.34100
data_price_hour_rel_+02_amount: 13.69900
data_price_hour_abs_18_amount: 13.69900
data_price_hour_rel_+03_amount: 17.49500
data_price_hour_abs_19_amount: 17.49500
data_price_hour_rel_+04_amount: 24.06100
data_price_hour_abs_20_amount: 24.06100
data_price_hour_rel_+05_amount: 20.14100
data_price_hour_abs_21_amount: 20.14100
data_price_hour_rel_+06_amount: 16.17000
data_price_hour_abs_22_amount: 16.17000
data_price_hour_rel_+07_amount: 14.51900
data_price_hour_abs_23_amount: 14.51900