date_now: 2026-01-18 13:34:53
date_now_epoch: 1768739693162
date_now_day: 18
date_now_month: 1
date_now_year: 2026
date_start: 2026-01-18 00:00:00
date_end: 2026-01-18 23:59:59
price_low: 9.68600
price_high: 14.22000
price_median: 10.56150
price_average: 10.93733
price_current: 9.69600
price_unit: Cent/kWh
price_threshold_00: 9.68600
price_threshold_01: 9.69600
price_threshold_02: 9.84800
price_threshold_03: 10.06100
price_threshold_04: 10.08500
price_threshold_05: 10.10500
price_threshold_06: 10.19100
price_threshold_07: 10.20800
price_threshold_08: 10.22400
price_threshold_09: 10.25400
price_threshold_10: 10.37300
price_threshold_11: 10.55500
price_threshold_12: 10.56800
price_threshold_13: 10.73900
price_threshold_14: 10.74200
price_threshold_15: 10.91900
price_threshold_16: 11.06300
price_threshold_17: 11.07200
price_threshold_18: 11.42800
price_threshold_19: 11.48800
price_threshold_20: 12.30500
price_threshold_21: 12.99900
price_threshold_22: 13.66700
price_threshold_23: 14.22000
data_price_hour_rel_-13_amount: 11.07200
data_price_hour_abs_00_amount: 11.07200
data_price_hour_rel_-12_amount: 10.91900
data_price_hour_abs_01_amount: 10.91900
data_price_hour_rel_-11_amount: 10.73900
data_price_hour_abs_02_amount: 10.73900
data_price_hour_rel_-10_amount: 10.25400
data_price_hour_abs_03_amount: 10.25400
data_price_hour_rel_-09_amount: 10.22400
data_price_hour_abs_04_amount: 10.22400
data_price_hour_rel_-08_amount: 10.20800
data_price_hour_abs_05_amount: 10.20800
data_price_hour_rel_-07_amount: 10.10500
data_price_hour_abs_06_amount: 10.10500
data_price_hour_rel_-06_amount: 10.06100
data_price_hour_abs_07_amount: 10.06100
data_price_hour_rel_-05_amount: 10.56800
data_price_hour_abs_08_amount: 10.56800
data_price_hour_rel_-04_amount: 10.74200
data_price_hour_abs_09_amount: 10.74200
data_price_hour_rel_-03_amount: 10.19100
data_price_hour_abs_10_amount: 10.19100
data_price_hour_rel_-02_amount: 9.84800
data_price_hour_abs_11_amount: 9.84800
data_price_hour_rel_-01_amount: 9.68600
data_price_hour_abs_12_amount: 9.68600
data_price_hour_rel_+00_amount: 9.69600
data_price_hour_abs_13_amount: 9.69600
data_price_hour_rel_+01_amount: 10.08500
data_price_hour_abs_14_amount: 10.08500
data_price_hour_rel_+02_amount: 10.55500
data_price_hour_abs_15_amount: 10.55500
data_price_hour_rel_+03_amount: 11.48800
data_price_hour_abs_16_amount: 11.48800
data_price_hour_rel_+04_amount: 12.99900
data_price_hour_abs_17_amount: 12.99900
data_price_hour_rel_+05_amount: 14.22000
data_price_hour_abs_18_amount: 14.22000
data_price_hour_rel_+06_amount: 13.66700
data_price_hour_abs_19_amount: 13.66700
data_price_hour_rel_+07_amount: 12.30500
data_price_hour_abs_20_amount: 12.30500
data_price_hour_rel_+08_amount: 11.06300
data_price_hour_abs_21_amount: 11.06300
data_price_hour_rel_+09_amount: 11.42800
data_price_hour_abs_22_amount: 11.42800
data_price_hour_rel_+10_amount: 10.37300
data_price_hour_abs_23_amount: 10.37300