date_now: 2026-05-16 15:15:24
date_now_epoch: 1778937324962
date_now_day: 16
date_now_month: 5
date_now_year: 2026
date_start: 2026-05-16 00:00:00
date_end: 2026-05-16 23:59:59
price_low: -0.22000
price_high: 14.06900
price_median: 10.29650
price_average: 7.82979
price_current: -0.10000
price_unit: Cent/kWh
price_threshold_00: -0.22000
price_threshold_01: -0.19300
price_threshold_02: -0.12000
price_threshold_03: -0.10000
price_threshold_04: -0.00300
price_threshold_05: 0.42000
price_threshold_06: 0.47800
price_threshold_07: 4.39500
price_threshold_08: 6.00900
price_threshold_09: 8.69500
price_threshold_10: 10.00500
price_threshold_11: 10.02200
price_threshold_12: 10.57100
price_threshold_13: 10.93400
price_threshold_14: 11.40200
price_threshold_15: 11.60000
price_threshold_16: 11.75600
price_threshold_17: 12.17900
price_threshold_18: 12.64700
price_threshold_19: 12.77000
price_threshold_20: 13.00000
price_threshold_21: 13.59900
price_threshold_22: 14.00000
price_threshold_23: 14.06900
data_price_hour_rel_-15_amount: 13.00000
data_price_hour_abs_00_amount: 13.00000
data_price_hour_rel_-14_amount: 12.17900
data_price_hour_abs_01_amount: 12.17900
data_price_hour_rel_-13_amount: 11.75600
data_price_hour_abs_02_amount: 11.75600
data_price_hour_rel_-12_amount: 11.60000
data_price_hour_abs_03_amount: 11.60000
data_price_hour_rel_-11_amount: 11.40200
data_price_hour_abs_04_amount: 11.40200
data_price_hour_rel_-10_amount: 10.93400
data_price_hour_abs_05_amount: 10.93400
data_price_hour_rel_-09_amount: 10.57100
data_price_hour_abs_06_amount: 10.57100
data_price_hour_rel_-08_amount: 10.00500
data_price_hour_abs_07_amount: 10.00500
data_price_hour_rel_-07_amount: 8.69500
data_price_hour_abs_08_amount: 8.69500
data_price_hour_rel_-06_amount: 4.39500
data_price_hour_abs_09_amount: 4.39500
data_price_hour_rel_-05_amount: 0.42000
data_price_hour_abs_10_amount: 0.42000
data_price_hour_rel_-04_amount: -0.00300
data_price_hour_abs_11_amount: -0.00300
data_price_hour_rel_-03_amount: -0.12000
data_price_hour_abs_12_amount: -0.12000
data_price_hour_rel_-02_amount: -0.22000
data_price_hour_abs_13_amount: -0.22000
data_price_hour_rel_-01_amount: -0.19300
data_price_hour_abs_14_amount: -0.19300
data_price_hour_rel_+00_amount: -0.10000
data_price_hour_abs_15_amount: -0.10000
data_price_hour_rel_+01_amount: 0.47800
data_price_hour_abs_16_amount: 0.47800
data_price_hour_rel_+02_amount: 6.00900
data_price_hour_abs_17_amount: 6.00900
data_price_hour_rel_+03_amount: 10.02200
data_price_hour_abs_18_amount: 10.02200
data_price_hour_rel_+04_amount: 12.64700
data_price_hour_abs_19_amount: 12.64700
data_price_hour_rel_+05_amount: 14.00000
data_price_hour_abs_20_amount: 14.00000
data_price_hour_rel_+06_amount: 14.06900
data_price_hour_abs_21_amount: 14.06900
data_price_hour_rel_+07_amount: 13.59900
data_price_hour_abs_22_amount: 13.59900
data_price_hour_rel_+08_amount: 12.77000
data_price_hour_abs_23_amount: 12.77000