date_now: 2026-04-07 15:12:54
date_now_epoch: 1775567574399
date_now_day: 7
date_now_month: 4
date_now_year: 2026
date_start: 2026-04-07 00:00:00
date_end: 2026-04-07 23:59:59
price_low: -1.12900
price_high: 19.40300
price_median: 10.37100
price_average: 8.98888
price_current: -0.42100
price_unit: Cent/kWh
price_threshold_00: -1.12900
price_threshold_01: -1.12300
price_threshold_02: -0.42100
price_threshold_03: -0.30100
price_threshold_04: -0.00100
price_threshold_05: 0.38000
price_threshold_06: 2.48900
price_threshold_07: 7.99000
price_threshold_08: 8.18000
price_threshold_09: 10.13000
price_threshold_10: 10.16500
price_threshold_11: 10.22800
price_threshold_12: 10.51400
price_threshold_13: 10.64000
price_threshold_14: 11.77700
price_threshold_15: 11.82000
price_threshold_16: 12.78600
price_threshold_17: 12.90100
price_threshold_18: 13.80000
price_threshold_19: 14.39100
price_threshold_20: 14.40000
price_threshold_21: 17.82600
price_threshold_22: 18.88800
price_threshold_23: 19.40300
data_price_hour_rel_-15_amount: 10.64000
data_price_hour_abs_00_amount: 10.64000
data_price_hour_rel_-14_amount: 10.13000
data_price_hour_abs_01_amount: 10.13000
data_price_hour_rel_-13_amount: 10.16500
data_price_hour_abs_02_amount: 10.16500
data_price_hour_rel_-12_amount: 10.22800
data_price_hour_abs_03_amount: 10.22800
data_price_hour_rel_-11_amount: 10.51400
data_price_hour_abs_04_amount: 10.51400
data_price_hour_rel_-10_amount: 11.77700
data_price_hour_abs_05_amount: 11.77700
data_price_hour_rel_-09_amount: 14.39100
data_price_hour_abs_06_amount: 14.39100
data_price_hour_rel_-08_amount: 17.82600
data_price_hour_abs_07_amount: 17.82600
data_price_hour_rel_-07_amount: 12.78600
data_price_hour_abs_08_amount: 12.78600
data_price_hour_rel_-06_amount: 8.18000
data_price_hour_abs_09_amount: 8.18000
data_price_hour_rel_-05_amount: 2.48900
data_price_hour_abs_10_amount: 2.48900
data_price_hour_rel_-04_amount: -0.00100
data_price_hour_abs_11_amount: -0.00100
data_price_hour_rel_-03_amount: -0.30100
data_price_hour_abs_12_amount: -0.30100
data_price_hour_rel_-02_amount: -1.12900
data_price_hour_abs_13_amount: -1.12900
data_price_hour_rel_-01_amount: -1.12300
data_price_hour_abs_14_amount: -1.12300
data_price_hour_rel_+00_amount: -0.42100
data_price_hour_abs_15_amount: -0.42100
data_price_hour_rel_+01_amount: 0.38000
data_price_hour_abs_16_amount: 0.38000
data_price_hour_rel_+02_amount: 7.99000
data_price_hour_abs_17_amount: 7.99000
data_price_hour_rel_+03_amount: 13.80000
data_price_hour_abs_18_amount: 13.80000
data_price_hour_rel_+04_amount: 19.40300
data_price_hour_abs_19_amount: 19.40300
data_price_hour_rel_+05_amount: 18.88800
data_price_hour_abs_20_amount: 18.88800
data_price_hour_rel_+06_amount: 14.40000
data_price_hour_abs_21_amount: 14.40000
data_price_hour_rel_+07_amount: 12.90100
data_price_hour_abs_22_amount: 12.90100
data_price_hour_rel_+08_amount: 11.82000
data_price_hour_abs_23_amount: 11.82000