date_now: 2026-04-04 14:49:52
date_now_epoch: 1775306992844
date_now_day: 4
date_now_month: 4
date_now_year: 2026
date_start: 2026-04-04 00:00:00
date_end: 2026-04-04 23:59:59
price_low: -0.02500
price_high: 14.98700
price_median: 1.02100
price_average: 3.30758
price_current: -0.00200
price_unit: Cent/kWh
price_threshold_00: -0.02500
price_threshold_01: -0.00400
price_threshold_02: -0.00200
price_threshold_03: -0.00100
price_threshold_04: 0.00300
price_threshold_05: 0.18100
price_threshold_06: 0.19900
price_threshold_07: 0.64000
price_threshold_08: 0.64300
price_threshold_09: 0.66000
price_threshold_10: 0.89600
price_threshold_11: 0.97300
price_threshold_12: 1.06900
price_threshold_13: 1.17400
price_threshold_14: 1.33600
price_threshold_15: 1.67000
price_threshold_16: 1.92700
price_threshold_17: 4.18300
price_threshold_18: 6.27400
price_threshold_19: 7.68100
price_threshold_20: 10.38400
price_threshold_21: 10.96000
price_threshold_22: 13.57400
price_threshold_23: 14.98700
data_price_hour_rel_-14_amount: 0.97300
data_price_hour_abs_00_amount: 0.97300
data_price_hour_rel_-13_amount: 0.89600
data_price_hour_abs_01_amount: 0.89600
data_price_hour_rel_-12_amount: 0.64300
data_price_hour_abs_02_amount: 0.64300
data_price_hour_rel_-11_amount: 0.19900
data_price_hour_abs_03_amount: 0.19900
data_price_hour_rel_-10_amount: 0.64000
data_price_hour_abs_04_amount: 0.64000
data_price_hour_rel_-09_amount: 1.17400
data_price_hour_abs_05_amount: 1.17400
data_price_hour_rel_-08_amount: 1.33600
data_price_hour_abs_06_amount: 1.33600
data_price_hour_rel_-07_amount: 1.92700
data_price_hour_abs_07_amount: 1.92700
data_price_hour_rel_-06_amount: 1.67000
data_price_hour_abs_08_amount: 1.67000
data_price_hour_rel_-05_amount: 0.66000
data_price_hour_abs_09_amount: 0.66000
data_price_hour_rel_-04_amount: 0.18100
data_price_hour_abs_10_amount: 0.18100
data_price_hour_rel_-03_amount: -0.00100
data_price_hour_abs_11_amount: -0.00100
data_price_hour_rel_-02_amount: -0.02500
data_price_hour_abs_12_amount: -0.02500
data_price_hour_rel_-01_amount: -0.00400
data_price_hour_abs_13_amount: -0.00400
data_price_hour_rel_+00_amount: -0.00200
data_price_hour_abs_14_amount: -0.00200
data_price_hour_rel_+01_amount: 0.00300
data_price_hour_abs_15_amount: 0.00300
data_price_hour_rel_+02_amount: 1.06900
data_price_hour_abs_16_amount: 1.06900
data_price_hour_rel_+03_amount: 6.27400
data_price_hour_abs_17_amount: 6.27400
data_price_hour_rel_+04_amount: 10.96000
data_price_hour_abs_18_amount: 10.96000
data_price_hour_rel_+05_amount: 14.98700
data_price_hour_abs_19_amount: 14.98700
data_price_hour_rel_+06_amount: 13.57400
data_price_hour_abs_20_amount: 13.57400
data_price_hour_rel_+07_amount: 10.38400
data_price_hour_abs_21_amount: 10.38400
data_price_hour_rel_+08_amount: 7.68100
data_price_hour_abs_22_amount: 7.68100
data_price_hour_rel_+09_amount: 4.18300
data_price_hour_abs_23_amount: 4.18300