date_now: 2026-01-31 13:40:17
date_now_epoch: 1769863217530
date_now_day: 31
date_now_month: 1
date_now_year: 2026
date_start: 2026-01-31 00:00:00
date_end: 2026-01-31 23:59:59
price_low: 9.29000
price_high: 13.80400
price_median: 10.96850
price_average: 10.93913
price_current: 10.73900
price_unit: Cent/kWh
price_threshold_00: 9.29000
price_threshold_01: 9.33300
price_threshold_02: 9.34500
price_threshold_03: 9.40600
price_threshold_04: 9.40800
price_threshold_05: 9.45100
price_threshold_06: 9.69500
price_threshold_07: 9.73800
price_threshold_08: 10.39600
price_threshold_09: 10.59000
price_threshold_10: 10.73900
price_threshold_11: 10.90600
price_threshold_12: 11.03100
price_threshold_13: 11.12800
price_threshold_14: 11.31700
price_threshold_15: 11.34700
price_threshold_16: 11.41500
price_threshold_17: 11.42100
price_threshold_18: 11.42200
price_threshold_19: 11.93600
price_threshold_20: 12.56500
price_threshold_21: 13.39500
price_threshold_22: 13.46100
price_threshold_23: 13.80400
data_price_hour_rel_-13_amount: 9.69500
data_price_hour_abs_00_amount: 9.69500
data_price_hour_rel_-12_amount: 9.73800
data_price_hour_abs_01_amount: 9.73800
data_price_hour_rel_-11_amount: 9.45100
data_price_hour_abs_02_amount: 9.45100
data_price_hour_rel_-10_amount: 9.40800
data_price_hour_abs_03_amount: 9.40800
data_price_hour_rel_-09_amount: 9.33300
data_price_hour_abs_04_amount: 9.33300
data_price_hour_rel_-08_amount: 9.40600
data_price_hour_abs_05_amount: 9.40600
data_price_hour_rel_-07_amount: 9.34500
data_price_hour_abs_06_amount: 9.34500
data_price_hour_rel_-06_amount: 9.29000
data_price_hour_abs_07_amount: 9.29000
data_price_hour_rel_-05_amount: 10.39600
data_price_hour_abs_08_amount: 10.39600
data_price_hour_rel_-04_amount: 10.90600
data_price_hour_abs_09_amount: 10.90600
data_price_hour_rel_-03_amount: 11.42200
data_price_hour_abs_10_amount: 11.42200
data_price_hour_rel_-02_amount: 11.34700
data_price_hour_abs_11_amount: 11.34700
data_price_hour_rel_-01_amount: 11.12800
data_price_hour_abs_12_amount: 11.12800
data_price_hour_rel_+00_amount: 10.73900
data_price_hour_abs_13_amount: 10.73900
data_price_hour_rel_+01_amount: 11.03100
data_price_hour_abs_14_amount: 11.03100
data_price_hour_rel_+02_amount: 11.31700
data_price_hour_abs_15_amount: 11.31700
data_price_hour_rel_+03_amount: 11.93600
data_price_hour_abs_16_amount: 11.93600
data_price_hour_rel_+04_amount: 13.46100
data_price_hour_abs_17_amount: 13.46100
data_price_hour_rel_+05_amount: 13.80400
data_price_hour_abs_18_amount: 13.80400
data_price_hour_rel_+06_amount: 13.39500
data_price_hour_abs_19_amount: 13.39500
data_price_hour_rel_+07_amount: 12.56500
data_price_hour_abs_20_amount: 12.56500
data_price_hour_rel_+08_amount: 11.42100
data_price_hour_abs_21_amount: 11.42100
data_price_hour_rel_+09_amount: 11.41500
data_price_hour_abs_22_amount: 11.41500
data_price_hour_rel_+10_amount: 10.59000
data_price_hour_abs_23_amount: 10.59000