date_now: 2026-06-25 16:24:51
date_now_epoch: 1782397491031
date_now_day: 25
date_now_month: 6
date_now_year: 2026
date_start: 2026-06-25 00:00:00
date_end: 2026-06-25 23:59:59
price_low: 3.39600
price_high: 28.57700
price_median: 14.24400
price_average: 13.35421
price_current: 8.82900
price_unit: Cent/kWh
price_threshold_00: 3.39600
price_threshold_01: 3.72700
price_threshold_02: 4.27000
price_threshold_03: 6.70900
price_threshold_04: 6.78100
price_threshold_05: 8.47500
price_threshold_06: 8.82900
price_threshold_07: 10.50100
price_threshold_08: 10.66000
price_threshold_09: 11.91000
price_threshold_10: 13.52300
price_threshold_11: 14.19100
price_threshold_12: 14.29700
price_threshold_13: 14.45700
price_threshold_14: 14.53900
price_threshold_15: 14.84200
price_threshold_16: 15.49400
price_threshold_17: 15.57500
price_threshold_18: 16.13300
price_threshold_19: 16.95700
price_threshold_20: 18.66400
price_threshold_21: 20.33200
price_threshold_22: 27.66200
price_threshold_23: 28.57700
data_price_hour_rel_-16_amount: 16.95700
data_price_hour_abs_00_amount: 16.95700
data_price_hour_rel_-15_amount: 15.49400
data_price_hour_abs_01_amount: 15.49400
data_price_hour_rel_-14_amount: 14.53900
data_price_hour_abs_02_amount: 14.53900
data_price_hour_rel_-13_amount: 14.29700
data_price_hour_abs_03_amount: 14.29700
data_price_hour_rel_-12_amount: 14.19100
data_price_hour_abs_04_amount: 14.19100
data_price_hour_rel_-11_amount: 14.45700
data_price_hour_abs_05_amount: 14.45700
data_price_hour_rel_-10_amount: 16.13300
data_price_hour_abs_06_amount: 16.13300
data_price_hour_rel_-09_amount: 14.84200
data_price_hour_abs_07_amount: 14.84200
data_price_hour_rel_-08_amount: 11.91000
data_price_hour_abs_08_amount: 11.91000
data_price_hour_rel_-07_amount: 10.50100
data_price_hour_abs_09_amount: 10.50100
data_price_hour_rel_-06_amount: 8.47500
data_price_hour_abs_10_amount: 8.47500
data_price_hour_rel_-05_amount: 6.70900
data_price_hour_abs_11_amount: 6.70900
data_price_hour_rel_-04_amount: 4.27000
data_price_hour_abs_12_amount: 4.27000
data_price_hour_rel_-03_amount: 3.39600
data_price_hour_abs_13_amount: 3.39600
data_price_hour_rel_-02_amount: 3.72700
data_price_hour_abs_14_amount: 3.72700
data_price_hour_rel_-01_amount: 6.78100
data_price_hour_abs_15_amount: 6.78100
data_price_hour_rel_+00_amount: 8.82900
data_price_hour_abs_16_amount: 8.82900
data_price_hour_rel_+01_amount: 10.66000
data_price_hour_abs_17_amount: 10.66000
data_price_hour_rel_+02_amount: 13.52300
data_price_hour_abs_18_amount: 13.52300
data_price_hour_rel_+03_amount: 20.33200
data_price_hour_abs_19_amount: 20.33200
data_price_hour_rel_+04_amount: 28.57700
data_price_hour_abs_20_amount: 28.57700
data_price_hour_rel_+05_amount: 27.66200
data_price_hour_abs_21_amount: 27.66200
data_price_hour_rel_+06_amount: 18.66400
data_price_hour_abs_22_amount: 18.66400
data_price_hour_rel_+07_amount: 15.57500
data_price_hour_abs_23_amount: 15.57500