date_now: 2026-03-25 14:02:36
date_now_epoch: 1774443756624
date_now_day: 25
date_now_month: 3
date_now_year: 2026
date_start: 2026-03-25 00:00:00
date_end: 2026-03-25 23:59:59
price_low: -0.00300
price_high: 16.19300
price_median: 0.13600
price_average: 3.76854
price_current: 0.00100
price_unit: Cent/kWh
price_threshold_00: -0.00300
price_threshold_01: -0.00300
price_threshold_02: -0.00100
price_threshold_03: -0.00100
price_threshold_04: -0.00100
price_threshold_05: -0.00100
price_threshold_06: -0.00100
price_threshold_07: 0.00000
price_threshold_08: 0.00100
price_threshold_09: 0.03700
price_threshold_10: 0.03700
price_threshold_11: 0.09100
price_threshold_12: 0.18100
price_threshold_13: 0.36400
price_threshold_14: 0.47800
price_threshold_15: 0.89000
price_threshold_16: 4.19000
price_threshold_17: 8.88000
price_threshold_18: 9.88400
price_threshold_19: 10.81000
price_threshold_20: 11.44600
price_threshold_21: 13.48300
price_threshold_22: 13.49100
price_threshold_23: 16.19300
data_price_hour_rel_-14_amount: 0.18100
data_price_hour_abs_00_amount: 0.18100
data_price_hour_rel_-13_amount: 0.03700
data_price_hour_abs_01_amount: 0.03700
data_price_hour_rel_-12_amount: 0.00000
data_price_hour_abs_02_amount: 0.00000
data_price_hour_rel_-11_amount: -0.00100
data_price_hour_abs_03_amount: -0.00100
data_price_hour_rel_-10_amount: -0.00100
data_price_hour_abs_04_amount: -0.00100
data_price_hour_rel_-09_amount: 0.03700
data_price_hour_abs_05_amount: 0.03700
data_price_hour_rel_-08_amount: 0.36400
data_price_hour_abs_06_amount: 0.36400
data_price_hour_rel_-07_amount: 0.89000
data_price_hour_abs_07_amount: 0.89000
data_price_hour_rel_-06_amount: 0.09100
data_price_hour_abs_08_amount: 0.09100
data_price_hour_rel_-05_amount: -0.00300
data_price_hour_abs_09_amount: -0.00300
data_price_hour_rel_-04_amount: -0.00300
data_price_hour_abs_10_amount: -0.00300
data_price_hour_rel_-03_amount: -0.00100
data_price_hour_abs_11_amount: -0.00100
data_price_hour_rel_-02_amount: -0.00100
data_price_hour_abs_12_amount: -0.00100
data_price_hour_rel_-01_amount: -0.00100
data_price_hour_abs_13_amount: -0.00100
data_price_hour_rel_+00_amount: 0.00100
data_price_hour_abs_14_amount: 0.00100
data_price_hour_rel_+01_amount: 0.47800
data_price_hour_abs_15_amount: 0.47800
data_price_hour_rel_+02_amount: 4.19000
data_price_hour_abs_16_amount: 4.19000
data_price_hour_rel_+03_amount: 9.88400
data_price_hour_abs_17_amount: 9.88400
data_price_hour_rel_+04_amount: 13.48300
data_price_hour_abs_18_amount: 13.48300
data_price_hour_rel_+05_amount: 16.19300
data_price_hour_abs_19_amount: 16.19300
data_price_hour_rel_+06_amount: 13.49100
data_price_hour_abs_20_amount: 13.49100
data_price_hour_rel_+07_amount: 11.44600
data_price_hour_abs_21_amount: 11.44600
data_price_hour_rel_+08_amount: 10.81000
data_price_hour_abs_22_amount: 10.81000
data_price_hour_rel_+09_amount: 8.88000
data_price_hour_abs_23_amount: 8.88000