date_now: 2026-07-10 16:15:51
date_now_epoch: 1783692951812
date_now_day: 10
date_now_month: 7
date_now_year: 2026
date_start: 2026-07-10 00:00:00
date_end: 2026-07-10 23:59:59
price_low: 3.73600
price_high: 18.66800
price_median: 13.81000
price_average: 12.36750
price_current: 8.84100
price_unit: Cent/kWh
price_threshold_00: 3.73600
price_threshold_01: 4.09500
price_threshold_02: 5.68100
price_threshold_03: 6.21000
price_threshold_04: 7.83100
price_threshold_05: 8.84100
price_threshold_06: 9.99000
price_threshold_07: 11.38200
price_threshold_08: 12.19800
price_threshold_09: 12.84400
price_threshold_10: 13.49000
price_threshold_11: 13.79300
price_threshold_12: 13.82700
price_threshold_13: 13.97000
price_threshold_14: 14.24500
price_threshold_15: 14.34300
price_threshold_16: 14.76900
price_threshold_17: 15.11400
price_threshold_18: 15.35600
price_threshold_19: 15.44600
price_threshold_20: 16.50200
price_threshold_21: 16.80000
price_threshold_22: 17.68900
price_threshold_23: 18.66800
data_price_hour_rel_-16_amount: 15.35600
data_price_hour_abs_00_amount: 15.35600
data_price_hour_rel_-15_amount: 14.34300
data_price_hour_abs_01_amount: 14.34300
data_price_hour_rel_-14_amount: 13.97000
data_price_hour_abs_02_amount: 13.97000
data_price_hour_rel_-13_amount: 13.79300
data_price_hour_abs_03_amount: 13.79300
data_price_hour_rel_-12_amount: 13.82700
data_price_hour_abs_04_amount: 13.82700
data_price_hour_rel_-11_amount: 14.24500
data_price_hour_abs_05_amount: 14.24500
data_price_hour_rel_-10_amount: 15.11400
data_price_hour_abs_06_amount: 15.11400
data_price_hour_rel_-09_amount: 14.76900
data_price_hour_abs_07_amount: 14.76900
data_price_hour_rel_-08_amount: 13.49000
data_price_hour_abs_08_amount: 13.49000
data_price_hour_rel_-07_amount: 12.19800
data_price_hour_abs_09_amount: 12.19800
data_price_hour_rel_-06_amount: 9.99000
data_price_hour_abs_10_amount: 9.99000
data_price_hour_rel_-05_amount: 7.83100
data_price_hour_abs_11_amount: 7.83100
data_price_hour_rel_-04_amount: 5.68100
data_price_hour_abs_12_amount: 5.68100
data_price_hour_rel_-03_amount: 3.73600
data_price_hour_abs_13_amount: 3.73600
data_price_hour_rel_-02_amount: 4.09500
data_price_hour_abs_14_amount: 4.09500
data_price_hour_rel_-01_amount: 6.21000
data_price_hour_abs_15_amount: 6.21000
data_price_hour_rel_+00_amount: 8.84100
data_price_hour_abs_16_amount: 8.84100
data_price_hour_rel_+01_amount: 11.38200
data_price_hour_abs_17_amount: 11.38200
data_price_hour_rel_+02_amount: 12.84400
data_price_hour_abs_18_amount: 12.84400
data_price_hour_rel_+03_amount: 16.50200
data_price_hour_abs_19_amount: 16.50200
data_price_hour_rel_+04_amount: 18.66800
data_price_hour_abs_20_amount: 18.66800
data_price_hour_rel_+05_amount: 17.68900
data_price_hour_abs_21_amount: 17.68900
data_price_hour_rel_+06_amount: 16.80000
data_price_hour_abs_22_amount: 16.80000
data_price_hour_rel_+07_amount: 15.44600
data_price_hour_abs_23_amount: 15.44600