date_now: 2026-05-20 16:55:26
date_now_epoch: 1779288926591
date_now_day: 20
date_now_month: 5
date_now_year: 2026
date_start: 2026-05-20 00:00:00
date_end: 2026-05-20 23:59:59
price_low: 3.35100
price_high: 16.79200
price_median: 11.25250
price_average: 10.88983
price_current: 6.50100
price_unit: Cent/kWh
price_threshold_00: 3.35100
price_threshold_01: 4.50000
price_threshold_02: 4.56600
price_threshold_03: 6.40100
price_threshold_04: 6.50100
price_threshold_05: 7.54600
price_threshold_06: 8.97000
price_threshold_07: 9.94000
price_threshold_08: 10.90600
price_threshold_09: 10.97500
price_threshold_10: 10.99700
price_threshold_11: 11.04100
price_threshold_12: 11.46400
price_threshold_13: 11.90500
price_threshold_14: 12.37300
price_threshold_15: 12.55100
price_threshold_16: 13.02100
price_threshold_17: 13.49900
price_threshold_18: 13.69800
price_threshold_19: 13.90000
price_threshold_20: 14.95700
price_threshold_21: 15.00200
price_threshold_22: 16.50000
price_threshold_23: 16.79200
data_price_hour_rel_-16_amount: 12.37300
data_price_hour_abs_00_amount: 12.37300
data_price_hour_rel_-15_amount: 11.46400
data_price_hour_abs_01_amount: 11.46400
data_price_hour_rel_-14_amount: 10.97500
data_price_hour_abs_02_amount: 10.97500
data_price_hour_rel_-13_amount: 10.99700
data_price_hour_abs_03_amount: 10.99700
data_price_hour_rel_-12_amount: 11.04100
data_price_hour_abs_04_amount: 11.04100
data_price_hour_rel_-11_amount: 11.90500
data_price_hour_abs_05_amount: 11.90500
data_price_hour_rel_-10_amount: 13.49900
data_price_hour_abs_06_amount: 13.49900
data_price_hour_rel_-09_amount: 13.69800
data_price_hour_abs_07_amount: 13.69800
data_price_hour_rel_-08_amount: 12.55100
data_price_hour_abs_08_amount: 12.55100
data_price_hour_rel_-07_amount: 10.90600
data_price_hour_abs_09_amount: 10.90600
data_price_hour_rel_-06_amount: 8.97000
data_price_hour_abs_10_amount: 8.97000
data_price_hour_rel_-05_amount: 7.54600
data_price_hour_abs_11_amount: 7.54600
data_price_hour_rel_-04_amount: 6.40100
data_price_hour_abs_12_amount: 6.40100
data_price_hour_rel_-03_amount: 4.50000
data_price_hour_abs_13_amount: 4.50000
data_price_hour_rel_-02_amount: 3.35100
data_price_hour_abs_14_amount: 3.35100
data_price_hour_rel_-01_amount: 4.56600
data_price_hour_abs_15_amount: 4.56600
data_price_hour_rel_+00_amount: 6.50100
data_price_hour_abs_16_amount: 6.50100
data_price_hour_rel_+01_amount: 9.94000
data_price_hour_abs_17_amount: 9.94000
data_price_hour_rel_+02_amount: 13.02100
data_price_hour_abs_18_amount: 13.02100
data_price_hour_rel_+03_amount: 14.95700
data_price_hour_abs_19_amount: 14.95700
data_price_hour_rel_+04_amount: 16.79200
data_price_hour_abs_20_amount: 16.79200
data_price_hour_rel_+05_amount: 16.50000
data_price_hour_abs_21_amount: 16.50000
data_price_hour_rel_+06_amount: 15.00200
data_price_hour_abs_22_amount: 15.00200
data_price_hour_rel_+07_amount: 13.90000
data_price_hour_abs_23_amount: 13.90000