date_now: 2026-01-09 13:38:54
date_now_epoch: 1767962334759
date_now_day: 9
date_now_month: 1
date_now_year: 2026
date_start: 2026-01-09 00:00:00
date_end: 2026-01-09 23:59:59
price_low: 4.78500
price_high: 9.39300
price_median: 8.28450
price_average: 7.87013
price_current: 8.28500
price_unit: Cent/kWh
price_threshold_00: 4.78500
price_threshold_01: 5.08400
price_threshold_02: 5.65800
price_threshold_03: 5.73500
price_threshold_04: 7.06900
price_threshold_05: 7.26100
price_threshold_06: 7.45100
price_threshold_07: 7.89600
price_threshold_08: 8.03500
price_threshold_09: 8.03600
price_threshold_10: 8.28000
price_threshold_11: 8.28400
price_threshold_12: 8.28500
price_threshold_13: 8.30200
price_threshold_14: 8.43000
price_threshold_15: 8.52500
price_threshold_16: 8.58000
price_threshold_17: 8.72800
price_threshold_18: 8.75700
price_threshold_19: 8.91500
price_threshold_20: 8.97600
price_threshold_21: 9.16600
price_threshold_22: 9.25200
price_threshold_23: 9.39300
data_price_hour_rel_-13_amount: 7.89600
data_price_hour_abs_00_amount: 7.89600
data_price_hour_rel_-12_amount: 7.06900
data_price_hour_abs_01_amount: 7.06900
data_price_hour_rel_-11_amount: 5.73500
data_price_hour_abs_02_amount: 5.73500
data_price_hour_rel_-10_amount: 5.08400
data_price_hour_abs_03_amount: 5.08400
data_price_hour_rel_-09_amount: 4.78500
data_price_hour_abs_04_amount: 4.78500
data_price_hour_rel_-08_amount: 5.65800
data_price_hour_abs_05_amount: 5.65800
data_price_hour_rel_-07_amount: 7.26100
data_price_hour_abs_06_amount: 7.26100
data_price_hour_rel_-06_amount: 8.43000
data_price_hour_abs_07_amount: 8.43000
data_price_hour_rel_-05_amount: 8.97600
data_price_hour_abs_08_amount: 8.97600
data_price_hour_rel_-04_amount: 8.91500
data_price_hour_abs_09_amount: 8.91500
data_price_hour_rel_-03_amount: 9.39300
data_price_hour_abs_10_amount: 9.39300
data_price_hour_rel_-02_amount: 8.58000
data_price_hour_abs_11_amount: 8.58000
data_price_hour_rel_-01_amount: 8.30200
data_price_hour_abs_12_amount: 8.30200
data_price_hour_rel_+00_amount: 8.28500
data_price_hour_abs_13_amount: 8.28500
data_price_hour_rel_+01_amount: 8.28400
data_price_hour_abs_14_amount: 8.28400
data_price_hour_rel_+02_amount: 8.52500
data_price_hour_abs_15_amount: 8.52500
data_price_hour_rel_+03_amount: 8.75700
data_price_hour_abs_16_amount: 8.75700
data_price_hour_rel_+04_amount: 9.25200
data_price_hour_abs_17_amount: 9.25200
data_price_hour_rel_+05_amount: 9.16600
data_price_hour_abs_18_amount: 9.16600
data_price_hour_rel_+06_amount: 8.72800
data_price_hour_abs_19_amount: 8.72800
data_price_hour_rel_+07_amount: 8.28000
data_price_hour_abs_20_amount: 8.28000
data_price_hour_rel_+08_amount: 8.03600
data_price_hour_abs_21_amount: 8.03600
data_price_hour_rel_+09_amount: 8.03500
data_price_hour_abs_22_amount: 8.03500
data_price_hour_rel_+10_amount: 7.45100
data_price_hour_abs_23_amount: 7.45100