date_now: 2026-01-02 13:35:49
date_now_epoch: 1767357349816
date_now_day: 2
date_now_month: 1
date_now_year: 2026
date_start: 2026-01-02 00:00:00
date_end: 2026-01-02 23:59:59
price_low: 0.02500
price_high: 8.91500
price_median: 6.79100
price_average: 5.46921
price_current: 6.69500
price_unit: Cent/kWh
price_threshold_00: 0.02500
price_threshold_01: 0.17300
price_threshold_02: 0.18100
price_threshold_03: 0.30100
price_threshold_04: 0.96800
price_threshold_05: 1.20000
price_threshold_06: 2.18000
price_threshold_07: 5.09700
price_threshold_08: 5.59300
price_threshold_09: 5.78900
price_threshold_10: 5.80000
price_threshold_11: 6.69500
price_threshold_12: 6.88700
price_threshold_13: 7.01200
price_threshold_14: 7.12000
price_threshold_15: 7.75000
price_threshold_16: 8.18300
price_threshold_17: 8.24600
price_threshold_18: 8.35200
price_threshold_19: 8.54400
price_threshold_20: 8.55900
price_threshold_21: 8.83400
price_threshold_22: 8.85700
price_threshold_23: 8.91500
data_price_hour_rel_-13_amount: 0.96800
data_price_hour_abs_00_amount: 0.96800
data_price_hour_rel_-12_amount: 0.30100
data_price_hour_abs_01_amount: 0.30100
data_price_hour_rel_-11_amount: 0.18100
data_price_hour_abs_02_amount: 0.18100
data_price_hour_rel_-10_amount: 0.02500
data_price_hour_abs_03_amount: 0.02500
data_price_hour_rel_-09_amount: 0.17300
data_price_hour_abs_04_amount: 0.17300
data_price_hour_rel_-08_amount: 1.20000
data_price_hour_abs_05_amount: 1.20000
data_price_hour_rel_-07_amount: 2.18000
data_price_hour_abs_06_amount: 2.18000
data_price_hour_rel_-06_amount: 5.09700
data_price_hour_abs_07_amount: 5.09700
data_price_hour_rel_-05_amount: 6.88700
data_price_hour_abs_08_amount: 6.88700
data_price_hour_rel_-04_amount: 7.12000
data_price_hour_abs_09_amount: 7.12000
data_price_hour_rel_-03_amount: 5.78900
data_price_hour_abs_10_amount: 5.78900
data_price_hour_rel_-02_amount: 5.59300
data_price_hour_abs_11_amount: 5.59300
data_price_hour_rel_-01_amount: 5.80000
data_price_hour_abs_12_amount: 5.80000
data_price_hour_rel_+00_amount: 6.69500
data_price_hour_abs_13_amount: 6.69500
data_price_hour_rel_+01_amount: 7.01200
data_price_hour_abs_14_amount: 7.01200
data_price_hour_rel_+02_amount: 7.75000
data_price_hour_abs_15_amount: 7.75000
data_price_hour_rel_+03_amount: 8.24600
data_price_hour_abs_16_amount: 8.24600
data_price_hour_rel_+04_amount: 8.54400
data_price_hour_abs_17_amount: 8.54400
data_price_hour_rel_+05_amount: 8.83400
data_price_hour_abs_18_amount: 8.83400
data_price_hour_rel_+06_amount: 8.85700
data_price_hour_abs_19_amount: 8.85700
data_price_hour_rel_+07_amount: 8.91500
data_price_hour_abs_20_amount: 8.91500
data_price_hour_rel_+08_amount: 8.35200
data_price_hour_abs_21_amount: 8.35200
data_price_hour_rel_+09_amount: 8.55900
data_price_hour_abs_22_amount: 8.55900
data_price_hour_rel_+10_amount: 8.18300
data_price_hour_abs_23_amount: 8.18300