date_now: 2026-05-13 16:25:51
date_now_epoch: 1778682351692
date_now_day: 13
date_now_month: 5
date_now_year: 2026
date_start: 2026-05-13 00:00:00
date_end: 2026-05-13 23:59:59
price_low: 7.02000
price_high: 17.12700
price_median: 11.19000
price_average: 11.35458
price_current: 9.23800
price_unit: Cent/kWh
price_threshold_00: 7.02000
price_threshold_01: 7.17700
price_threshold_02: 7.41000
price_threshold_03: 8.22700
price_threshold_04: 8.37800
price_threshold_05: 8.64400
price_threshold_06: 9.23800
price_threshold_07: 10.25300
price_threshold_08: 10.43600
price_threshold_09: 10.62200
price_threshold_10: 10.74400
price_threshold_11: 11.12000
price_threshold_12: 11.26000
price_threshold_13: 11.43300
price_threshold_14: 12.00000
price_threshold_15: 12.31000
price_threshold_16: 12.67000
price_threshold_17: 13.23600
price_threshold_18: 13.71800
price_threshold_19: 14.11200
price_threshold_20: 14.22100
price_threshold_21: 15.14900
price_threshold_22: 16.00500
price_threshold_23: 17.12700
data_price_hour_rel_-16_amount: 11.43300
data_price_hour_abs_00_amount: 11.43300
data_price_hour_rel_-15_amount: 10.62200
data_price_hour_abs_01_amount: 10.62200
data_price_hour_rel_-14_amount: 10.43600
data_price_hour_abs_02_amount: 10.43600
data_price_hour_rel_-13_amount: 10.74400
data_price_hour_abs_03_amount: 10.74400
data_price_hour_rel_-12_amount: 11.12000
data_price_hour_abs_04_amount: 11.12000
data_price_hour_rel_-11_amount: 12.00000
data_price_hour_abs_05_amount: 12.00000
data_price_hour_rel_-10_amount: 13.71800
data_price_hour_abs_06_amount: 13.71800
data_price_hour_rel_-09_amount: 14.11200
data_price_hour_abs_07_amount: 14.11200
data_price_hour_rel_-08_amount: 12.67000
data_price_hour_abs_08_amount: 12.67000
data_price_hour_rel_-07_amount: 10.25300
data_price_hour_abs_09_amount: 10.25300
data_price_hour_rel_-06_amount: 8.64400
data_price_hour_abs_10_amount: 8.64400
data_price_hour_rel_-05_amount: 8.37800
data_price_hour_abs_11_amount: 8.37800
data_price_hour_rel_-04_amount: 7.41000
data_price_hour_abs_12_amount: 7.41000
data_price_hour_rel_-03_amount: 7.17700
data_price_hour_abs_13_amount: 7.17700
data_price_hour_rel_-02_amount: 7.02000
data_price_hour_abs_14_amount: 7.02000
data_price_hour_rel_-01_amount: 8.22700
data_price_hour_abs_15_amount: 8.22700
data_price_hour_rel_+00_amount: 9.23800
data_price_hour_abs_16_amount: 9.23800
data_price_hour_rel_+01_amount: 11.26000
data_price_hour_abs_17_amount: 11.26000
data_price_hour_rel_+02_amount: 13.23600
data_price_hour_abs_18_amount: 13.23600
data_price_hour_rel_+03_amount: 15.14900
data_price_hour_abs_19_amount: 15.14900
data_price_hour_rel_+04_amount: 17.12700
data_price_hour_abs_20_amount: 17.12700
data_price_hour_rel_+05_amount: 16.00500
data_price_hour_abs_21_amount: 16.00500
data_price_hour_rel_+06_amount: 14.22100
data_price_hour_abs_22_amount: 14.22100
data_price_hour_rel_+07_amount: 12.31000
data_price_hour_abs_23_amount: 12.31000