date_now: 2026-03-26 14:08:16
date_now_epoch: 1774530496695
date_now_day: 26
date_now_month: 3
date_now_year: 2026
date_start: 2026-03-26 00:00:00
date_end: 2026-03-26 23:59:59
price_low: 0.06300
price_high: 16.72200
price_median: 9.86100
price_average: 9.14833
price_current: 0.59000
price_unit: Cent/kWh
price_threshold_00: 0.06300
price_threshold_01: 0.31200
price_threshold_02: 0.59000
price_threshold_03: 1.37400
price_threshold_04: 3.74400
price_threshold_05: 4.18500
price_threshold_06: 7.58200
price_threshold_07: 8.74200
price_threshold_08: 9.16100
price_threshold_09: 9.48700
price_threshold_10: 9.50700
price_threshold_11: 9.75800
price_threshold_12: 9.96400
price_threshold_13: 10.52700
price_threshold_14: 11.50300
price_threshold_15: 11.59200
price_threshold_16: 12.02800
price_threshold_17: 12.43700
price_threshold_18: 12.57900
price_threshold_19: 13.05100
price_threshold_20: 13.73500
price_threshold_21: 15.37500
price_threshold_22: 15.54200
price_threshold_23: 16.72200
data_price_hour_rel_-14_amount: 9.96400
data_price_hour_abs_00_amount: 9.96400
data_price_hour_rel_-13_amount: 9.50700
data_price_hour_abs_01_amount: 9.50700
data_price_hour_rel_-12_amount: 9.16100
data_price_hour_abs_02_amount: 9.16100
data_price_hour_rel_-11_amount: 9.48700
data_price_hour_abs_03_amount: 9.48700
data_price_hour_rel_-10_amount: 9.75800
data_price_hour_abs_04_amount: 9.75800
data_price_hour_rel_-09_amount: 10.52700
data_price_hour_abs_05_amount: 10.52700
data_price_hour_rel_-08_amount: 12.02800
data_price_hour_abs_06_amount: 12.02800
data_price_hour_rel_-07_amount: 13.73500
data_price_hour_abs_07_amount: 13.73500
data_price_hour_rel_-06_amount: 12.57900
data_price_hour_abs_08_amount: 12.57900
data_price_hour_rel_-05_amount: 8.74200
data_price_hour_abs_09_amount: 8.74200
data_price_hour_rel_-04_amount: 4.18500
data_price_hour_abs_10_amount: 4.18500
data_price_hour_rel_-03_amount: 1.37400
data_price_hour_abs_11_amount: 1.37400
data_price_hour_rel_-02_amount: 0.31200
data_price_hour_abs_12_amount: 0.31200
data_price_hour_rel_-01_amount: 0.06300
data_price_hour_abs_13_amount: 0.06300
data_price_hour_rel_+00_amount: 0.59000
data_price_hour_abs_14_amount: 0.59000
data_price_hour_rel_+01_amount: 3.74400
data_price_hour_abs_15_amount: 3.74400
data_price_hour_rel_+02_amount: 7.58200
data_price_hour_abs_16_amount: 7.58200
data_price_hour_rel_+03_amount: 11.59200
data_price_hour_abs_17_amount: 11.59200
data_price_hour_rel_+04_amount: 15.54200
data_price_hour_abs_18_amount: 15.54200
data_price_hour_rel_+05_amount: 16.72200
data_price_hour_abs_19_amount: 16.72200
data_price_hour_rel_+06_amount: 15.37500
data_price_hour_abs_20_amount: 15.37500
data_price_hour_rel_+07_amount: 13.05100
data_price_hour_abs_21_amount: 13.05100
data_price_hour_rel_+08_amount: 12.43700
data_price_hour_abs_22_amount: 12.43700
data_price_hour_rel_+09_amount: 11.50300
data_price_hour_abs_23_amount: 11.50300