date_now: 2026-07-23 15:48:43
date_now_epoch: 1784814523389
date_now_day: 23
date_now_month: 7
date_now_year: 2026
date_start: 2026-07-23 00:00:00
date_end: 2026-07-23 23:59:59
price_low: 0.00000
price_high: 19.00000
price_median: 13.67950
price_average: 11.76554
price_current: 0.00300
price_unit: Cent/kWh
price_threshold_00: 0.00000
price_threshold_01: 0.00300
price_threshold_02: 0.43000
price_threshold_03: 2.20000
price_threshold_04: 3.10900
price_threshold_05: 7.95400
price_threshold_06: 9.67100
price_threshold_07: 10.19800
price_threshold_08: 13.29700
price_threshold_09: 13.36600
price_threshold_10: 13.43300
price_threshold_11: 13.62400
price_threshold_12: 13.73500
price_threshold_13: 14.26400
price_threshold_14: 14.27600
price_threshold_15: 14.30500
price_threshold_16: 15.91800
price_threshold_17: 15.99500
price_threshold_18: 16.61000
price_threshold_19: 16.78700
price_threshold_20: 17.04200
price_threshold_21: 18.50200
price_threshold_22: 18.65400
price_threshold_23: 19.00000
data_price_hour_rel_-15_amount: 14.27600
data_price_hour_abs_00_amount: 14.27600
data_price_hour_rel_-14_amount: 13.73500
data_price_hour_abs_01_amount: 13.73500
data_price_hour_rel_-13_amount: 13.36600
data_price_hour_abs_02_amount: 13.36600
data_price_hour_rel_-12_amount: 13.29700
data_price_hour_abs_03_amount: 13.29700
data_price_hour_rel_-11_amount: 13.62400
data_price_hour_abs_04_amount: 13.62400
data_price_hour_rel_-10_amount: 14.30500
data_price_hour_abs_05_amount: 14.30500
data_price_hour_rel_-09_amount: 15.91800
data_price_hour_abs_06_amount: 15.91800
data_price_hour_rel_-08_amount: 16.78700
data_price_hour_abs_07_amount: 16.78700
data_price_hour_rel_-07_amount: 15.99500
data_price_hour_abs_08_amount: 15.99500
data_price_hour_rel_-06_amount: 13.43300
data_price_hour_abs_09_amount: 13.43300
data_price_hour_rel_-05_amount: 10.19800
data_price_hour_abs_10_amount: 10.19800
data_price_hour_rel_-04_amount: 7.95400
data_price_hour_abs_11_amount: 7.95400
data_price_hour_rel_-03_amount: 3.10900
data_price_hour_abs_12_amount: 3.10900
data_price_hour_rel_-02_amount: 0.43000
data_price_hour_abs_13_amount: 0.43000
data_price_hour_rel_-01_amount: 0.00000
data_price_hour_abs_14_amount: 0.00000
data_price_hour_rel_+00_amount: 0.00300
data_price_hour_abs_15_amount: 0.00300
data_price_hour_rel_+01_amount: 2.20000
data_price_hour_abs_16_amount: 2.20000
data_price_hour_rel_+02_amount: 9.67100
data_price_hour_abs_17_amount: 9.67100
data_price_hour_rel_+03_amount: 14.26400
data_price_hour_abs_18_amount: 14.26400
data_price_hour_rel_+04_amount: 16.61000
data_price_hour_abs_19_amount: 16.61000
data_price_hour_rel_+05_amount: 18.50200
data_price_hour_abs_20_amount: 18.50200
data_price_hour_rel_+06_amount: 19.00000
data_price_hour_abs_21_amount: 19.00000
data_price_hour_rel_+07_amount: 18.65400
data_price_hour_abs_22_amount: 18.65400
data_price_hour_rel_+08_amount: 17.04200
data_price_hour_abs_23_amount: 17.04200