date_now: 2026-02-18 13:57:50
date_now_epoch: 1771419470389
date_now_day: 18
date_now_month: 2
date_now_year: 2026
date_start: 2026-02-18 00:00:00
date_end: 2026-02-18 23:59:59
price_low: 8.94700
price_high: 18.60900
price_median: 10.31550
price_average: 11.41533
price_current: 10.05000
price_unit: Cent/kWh
price_threshold_00: 8.94700
price_threshold_01: 9.26800
price_threshold_02: 9.32900
price_threshold_03: 9.34200
price_threshold_04: 9.35600
price_threshold_05: 9.51000
price_threshold_06: 9.56300
price_threshold_07: 9.61400
price_threshold_08: 10.05000
price_threshold_09: 10.12000
price_threshold_10: 10.13300
price_threshold_11: 10.26700
price_threshold_12: 10.36400
price_threshold_13: 10.62200
price_threshold_14: 11.40900
price_threshold_15: 11.58800
price_threshold_16: 11.98400
price_threshold_17: 12.20800
price_threshold_18: 12.25100
price_threshold_19: 13.56400
price_threshold_20: 14.04100
price_threshold_21: 14.26000
price_threshold_22: 17.56900
price_threshold_23: 18.60900
data_price_hour_rel_-13_amount: 9.56300
data_price_hour_abs_00_amount: 9.56300
data_price_hour_rel_-12_amount: 9.35600
data_price_hour_abs_01_amount: 9.35600
data_price_hour_rel_-11_amount: 9.32900
data_price_hour_abs_02_amount: 9.32900
data_price_hour_rel_-10_amount: 9.26800
data_price_hour_abs_03_amount: 9.26800
data_price_hour_rel_-09_amount: 9.34200
data_price_hour_abs_04_amount: 9.34200
data_price_hour_rel_-08_amount: 10.12000
data_price_hour_abs_05_amount: 10.12000
data_price_hour_rel_-07_amount: 12.25100
data_price_hour_abs_06_amount: 12.25100
data_price_hour_rel_-06_amount: 17.56900
data_price_hour_abs_07_amount: 17.56900
data_price_hour_rel_-05_amount: 18.60900
data_price_hour_abs_08_amount: 18.60900
data_price_hour_rel_-04_amount: 13.56400
data_price_hour_abs_09_amount: 13.56400
data_price_hour_rel_-03_amount: 11.58800
data_price_hour_abs_10_amount: 11.58800
data_price_hour_rel_-02_amount: 10.62200
data_price_hour_abs_11_amount: 10.62200
data_price_hour_rel_-01_amount: 10.13300
data_price_hour_abs_12_amount: 10.13300
data_price_hour_rel_+00_amount: 10.05000
data_price_hour_abs_13_amount: 10.05000
data_price_hour_rel_+01_amount: 10.36400
data_price_hour_abs_14_amount: 10.36400
data_price_hour_rel_+02_amount: 11.40900
data_price_hour_abs_15_amount: 11.40900
data_price_hour_rel_+03_amount: 12.20800
data_price_hour_abs_16_amount: 12.20800
data_price_hour_rel_+04_amount: 14.04100
data_price_hour_abs_17_amount: 14.04100
data_price_hour_rel_+05_amount: 14.26000
data_price_hour_abs_18_amount: 14.26000
data_price_hour_rel_+06_amount: 11.98400
data_price_hour_abs_19_amount: 11.98400
data_price_hour_rel_+07_amount: 10.26700
data_price_hour_abs_20_amount: 10.26700
data_price_hour_rel_+08_amount: 9.61400
data_price_hour_abs_21_amount: 9.61400
data_price_hour_rel_+09_amount: 9.51000
data_price_hour_abs_22_amount: 9.51000
data_price_hour_rel_+10_amount: 8.94700
data_price_hour_abs_23_amount: 8.94700