date_now: 2026-03-30 15:12:38
date_now_epoch: 1774876358465
date_now_day: 30
date_now_month: 3
date_now_year: 2026
date_start: 2026-03-30 00:00:00
date_end: 2026-03-30 23:59:59
price_low: 0.23000
price_high: 12.61700
price_median: 5.64350
price_average: 5.84421
price_current: 1.29400
price_unit: Cent/kWh
price_threshold_00: 0.23000
price_threshold_01: 0.38300
price_threshold_02: 0.43600
price_threshold_03: 0.50200
price_threshold_04: 0.75400
price_threshold_05: 0.92000
price_threshold_06: 1.14000
price_threshold_07: 1.29400
price_threshold_08: 1.84200
price_threshold_09: 2.35900
price_threshold_10: 3.51500
price_threshold_11: 4.60000
price_threshold_12: 6.68700
price_threshold_13: 7.38500
price_threshold_14: 7.74500
price_threshold_15: 9.03100
price_threshold_16: 9.68400
price_threshold_17: 10.48300
price_threshold_18: 10.88800
price_threshold_19: 10.92200
price_threshold_20: 12.11800
price_threshold_21: 12.16500
price_threshold_22: 12.56100
price_threshold_23: 12.61700
data_price_hour_rel_-15_amount: 0.92000
data_price_hour_abs_00_amount: 0.92000
data_price_hour_rel_-14_amount: 0.23000
data_price_hour_abs_01_amount: 0.23000
data_price_hour_rel_-13_amount: 0.50200
data_price_hour_abs_02_amount: 0.50200
data_price_hour_rel_-12_amount: 0.38300
data_price_hour_abs_03_amount: 0.38300
data_price_hour_rel_-11_amount: 0.43600
data_price_hour_abs_04_amount: 0.43600
data_price_hour_rel_-10_amount: 1.84200
data_price_hour_abs_05_amount: 1.84200
data_price_hour_rel_-09_amount: 6.68700
data_price_hour_abs_06_amount: 6.68700
data_price_hour_rel_-08_amount: 9.03100
data_price_hour_abs_07_amount: 9.03100
data_price_hour_rel_-07_amount: 10.92200
data_price_hour_abs_08_amount: 10.92200
data_price_hour_rel_-06_amount: 9.68400
data_price_hour_abs_09_amount: 9.68400
data_price_hour_rel_-05_amount: 7.38500
data_price_hour_abs_10_amount: 7.38500
data_price_hour_rel_-04_amount: 4.60000
data_price_hour_abs_11_amount: 4.60000
data_price_hour_rel_-03_amount: 2.35900
data_price_hour_abs_12_amount: 2.35900
data_price_hour_rel_-02_amount: 1.14000
data_price_hour_abs_13_amount: 1.14000
data_price_hour_rel_-01_amount: 0.75400
data_price_hour_abs_14_amount: 0.75400
data_price_hour_rel_+00_amount: 1.29400
data_price_hour_abs_15_amount: 1.29400
data_price_hour_rel_+01_amount: 3.51500
data_price_hour_abs_16_amount: 3.51500
data_price_hour_rel_+02_amount: 7.74500
data_price_hour_abs_17_amount: 7.74500
data_price_hour_rel_+03_amount: 10.48300
data_price_hour_abs_18_amount: 10.48300
data_price_hour_rel_+04_amount: 12.16500
data_price_hour_abs_19_amount: 12.16500
data_price_hour_rel_+05_amount: 12.56100
data_price_hour_abs_20_amount: 12.56100
data_price_hour_rel_+06_amount: 12.61700
data_price_hour_abs_21_amount: 12.61700
data_price_hour_rel_+07_amount: 12.11800
data_price_hour_abs_22_amount: 12.11800
data_price_hour_rel_+08_amount: 10.88800
data_price_hour_abs_23_amount: 10.88800