date_now: 2026-01-06 13:38:42
date_now_epoch: 1767703122512
date_now_day: 6
date_now_month: 1
date_now_year: 2026
date_start: 2026-01-06 00:00:00
date_end: 2026-01-06 23:59:59
price_low: 9.28200
price_high: 16.88200
price_median: 13.04500
price_average: 12.74254
price_current: 13.02000
price_unit: Cent/kWh
price_threshold_00: 9.28200
price_threshold_01: 10.00900
price_threshold_02: 10.15500
price_threshold_03: 10.22200
price_threshold_04: 10.24500
price_threshold_05: 10.46000
price_threshold_06: 10.47000
price_threshold_07: 10.70000
price_threshold_08: 10.85600
price_threshold_09: 12.12900
price_threshold_10: 12.16000
price_threshold_11: 13.02000
price_threshold_12: 13.07000
price_threshold_13: 13.44300
price_threshold_14: 13.69900
price_threshold_15: 13.85000
price_threshold_16: 13.91200
price_threshold_17: 14.50100
price_threshold_18: 14.72700
price_threshold_19: 14.82700
price_threshold_20: 15.29900
price_threshold_21: 15.48400
price_threshold_22: 16.41900
price_threshold_23: 16.88200
data_price_hour_rel_-13_amount: 10.47000
data_price_hour_abs_00_amount: 10.47000
data_price_hour_rel_-12_amount: 10.46000
data_price_hour_abs_01_amount: 10.46000
data_price_hour_rel_-11_amount: 10.15500
data_price_hour_abs_02_amount: 10.15500
data_price_hour_rel_-10_amount: 10.00900
data_price_hour_abs_03_amount: 10.00900
data_price_hour_rel_-09_amount: 10.24500
data_price_hour_abs_04_amount: 10.24500
data_price_hour_rel_-08_amount: 10.70000
data_price_hour_abs_05_amount: 10.70000
data_price_hour_rel_-07_amount: 12.12900
data_price_hour_abs_06_amount: 12.12900
data_price_hour_rel_-06_amount: 13.85000
data_price_hour_abs_07_amount: 13.85000
data_price_hour_rel_-05_amount: 16.41900
data_price_hour_abs_08_amount: 16.41900
data_price_hour_rel_-04_amount: 16.88200
data_price_hour_abs_09_amount: 16.88200
data_price_hour_rel_-03_amount: 15.48400
data_price_hour_abs_10_amount: 15.48400
data_price_hour_rel_-02_amount: 14.72700
data_price_hour_abs_11_amount: 14.72700
data_price_hour_rel_-01_amount: 13.44300
data_price_hour_abs_12_amount: 13.44300
data_price_hour_rel_+00_amount: 13.02000
data_price_hour_abs_13_amount: 13.02000
data_price_hour_rel_+01_amount: 13.07000
data_price_hour_abs_14_amount: 13.07000
data_price_hour_rel_+02_amount: 13.69900
data_price_hour_abs_15_amount: 13.69900
data_price_hour_rel_+03_amount: 14.50100
data_price_hour_abs_16_amount: 14.50100
data_price_hour_rel_+04_amount: 15.29900
data_price_hour_abs_17_amount: 15.29900
data_price_hour_rel_+05_amount: 14.82700
data_price_hour_abs_18_amount: 14.82700
data_price_hour_rel_+06_amount: 13.91200
data_price_hour_abs_19_amount: 13.91200
data_price_hour_rel_+07_amount: 12.16000
data_price_hour_abs_20_amount: 12.16000
data_price_hour_rel_+08_amount: 10.85600
data_price_hour_abs_21_amount: 10.85600
data_price_hour_rel_+09_amount: 10.22200
data_price_hour_abs_22_amount: 10.22200
data_price_hour_rel_+10_amount: 9.28200
data_price_hour_abs_23_amount: 9.28200