date_now: 2026-01-24 13:35:34
date_now_epoch: 1769258134527
date_now_day: 24
date_now_month: 1
date_now_year: 2026
date_start: 2026-01-24 00:00:00
date_end: 2026-01-24 23:59:59
price_low: 9.75500
price_high: 14.67200
price_median: 10.82600
price_average: 11.19567
price_current: 10.18700
price_unit: Cent/kWh
price_threshold_00: 9.75500
price_threshold_01: 9.78300
price_threshold_02: 9.83200
price_threshold_03: 9.89100
price_threshold_04: 9.90400
price_threshold_05: 9.98000
price_threshold_06: 10.04000
price_threshold_07: 10.18700
price_threshold_08: 10.40600
price_threshold_09: 10.41500
price_threshold_10: 10.51200
price_threshold_11: 10.62200
price_threshold_12: 11.03000
price_threshold_13: 11.03100
price_threshold_14: 11.05400
price_threshold_15: 11.10000
price_threshold_16: 11.82300
price_threshold_17: 11.86700
price_threshold_18: 11.92400
price_threshold_19: 12.30900
price_threshold_20: 13.19100
price_threshold_21: 13.19300
price_threshold_22: 14.17500
price_threshold_23: 14.67200
data_price_hour_rel_-13_amount: 9.98000
data_price_hour_abs_00_amount: 9.98000
data_price_hour_rel_-12_amount: 9.90400
data_price_hour_abs_01_amount: 9.90400
data_price_hour_rel_-11_amount: 9.83200
data_price_hour_abs_02_amount: 9.83200
data_price_hour_rel_-10_amount: 9.78300
data_price_hour_abs_03_amount: 9.78300
data_price_hour_rel_-09_amount: 9.75500
data_price_hour_abs_04_amount: 9.75500
data_price_hour_rel_-08_amount: 9.89100
data_price_hour_abs_05_amount: 9.89100
data_price_hour_rel_-07_amount: 10.04000
data_price_hour_abs_06_amount: 10.04000
data_price_hour_rel_-06_amount: 10.40600
data_price_hour_abs_07_amount: 10.40600
data_price_hour_rel_-05_amount: 11.10000
data_price_hour_abs_08_amount: 11.10000
data_price_hour_rel_-04_amount: 12.30900
data_price_hour_abs_09_amount: 12.30900
data_price_hour_rel_-03_amount: 11.92400
data_price_hour_abs_10_amount: 11.92400
data_price_hour_rel_-02_amount: 11.03000
data_price_hour_abs_11_amount: 11.03000
data_price_hour_rel_-01_amount: 10.62200
data_price_hour_abs_12_amount: 10.62200
data_price_hour_rel_+00_amount: 10.18700
data_price_hour_abs_13_amount: 10.18700
data_price_hour_rel_+01_amount: 10.51200
data_price_hour_abs_14_amount: 10.51200
data_price_hour_rel_+02_amount: 11.82300
data_price_hour_abs_15_amount: 11.82300
data_price_hour_rel_+03_amount: 13.19100
data_price_hour_abs_16_amount: 13.19100
data_price_hour_rel_+04_amount: 14.67200
data_price_hour_abs_17_amount: 14.67200
data_price_hour_rel_+05_amount: 14.17500
data_price_hour_abs_18_amount: 14.17500
data_price_hour_rel_+06_amount: 13.19300
data_price_hour_abs_19_amount: 13.19300
data_price_hour_rel_+07_amount: 11.86700
data_price_hour_abs_20_amount: 11.86700
data_price_hour_rel_+08_amount: 11.05400
data_price_hour_abs_21_amount: 11.05400
data_price_hour_rel_+09_amount: 11.03100
data_price_hour_abs_22_amount: 11.03100
data_price_hour_rel_+10_amount: 10.41500
data_price_hour_abs_23_amount: 10.41500