date_now: 2026-06-19 16:57:37
date_now_epoch: 1781881057511
date_now_day: 19
date_now_month: 6
date_now_year: 2026
date_start: 2026-06-19 00:00:00
date_end: 2026-06-19 23:59:59
price_low: 1.12400
price_high: 20.13600
price_median: 12.05300
price_average: 10.81825
price_current: 8.06900
price_unit: Cent/kWh
price_threshold_00: 1.12400
price_threshold_01: 1.50000
price_threshold_02: 1.63100
price_threshold_03: 3.20900
price_threshold_04: 4.28500
price_threshold_05: 6.99100
price_threshold_06: 8.06900
price_threshold_07: 9.54000
price_threshold_08: 10.83200
price_threshold_09: 11.19600
price_threshold_10: 11.84700
price_threshold_11: 12.04600
price_threshold_12: 12.06000
price_threshold_13: 12.48200
price_threshold_14: 12.73700
price_threshold_15: 12.97000
price_threshold_16: 13.25100
price_threshold_17: 13.77800
price_threshold_18: 13.87200
price_threshold_19: 14.66400
price_threshold_20: 15.78600
price_threshold_21: 17.07900
price_threshold_22: 18.55300
price_threshold_23: 20.13600
data_price_hour_rel_-16_amount: 14.66400
data_price_hour_abs_00_amount: 14.66400
data_price_hour_rel_-15_amount: 13.25100
data_price_hour_abs_01_amount: 13.25100
data_price_hour_rel_-14_amount: 12.48200
data_price_hour_abs_02_amount: 12.48200
data_price_hour_rel_-13_amount: 12.04600
data_price_hour_abs_03_amount: 12.04600
data_price_hour_rel_-12_amount: 11.84700
data_price_hour_abs_04_amount: 11.84700
data_price_hour_rel_-11_amount: 12.06000
data_price_hour_abs_05_amount: 12.06000
data_price_hour_rel_-10_amount: 13.87200
data_price_hour_abs_06_amount: 13.87200
data_price_hour_rel_-09_amount: 12.73700
data_price_hour_abs_07_amount: 12.73700
data_price_hour_rel_-08_amount: 11.19600
data_price_hour_abs_08_amount: 11.19600
data_price_hour_rel_-07_amount: 9.54000
data_price_hour_abs_09_amount: 9.54000
data_price_hour_rel_-06_amount: 6.99100
data_price_hour_abs_10_amount: 6.99100
data_price_hour_rel_-05_amount: 3.20900
data_price_hour_abs_11_amount: 3.20900
data_price_hour_rel_-04_amount: 1.50000
data_price_hour_abs_12_amount: 1.50000
data_price_hour_rel_-03_amount: 1.12400
data_price_hour_abs_13_amount: 1.12400
data_price_hour_rel_-02_amount: 1.63100
data_price_hour_abs_14_amount: 1.63100
data_price_hour_rel_-01_amount: 4.28500
data_price_hour_abs_15_amount: 4.28500
data_price_hour_rel_+00_amount: 8.06900
data_price_hour_abs_16_amount: 8.06900
data_price_hour_rel_+01_amount: 10.83200
data_price_hour_abs_17_amount: 10.83200
data_price_hour_rel_+02_amount: 12.97000
data_price_hour_abs_18_amount: 12.97000
data_price_hour_rel_+03_amount: 17.07900
data_price_hour_abs_19_amount: 17.07900
data_price_hour_rel_+04_amount: 20.13600
data_price_hour_abs_20_amount: 20.13600
data_price_hour_rel_+05_amount: 18.55300
data_price_hour_abs_21_amount: 18.55300
data_price_hour_rel_+06_amount: 15.78600
data_price_hour_abs_22_amount: 15.78600
data_price_hour_rel_+07_amount: 13.77800
data_price_hour_abs_23_amount: 13.77800