date_now: 2026-01-08 13:39:40
date_now_epoch: 1767875980384
date_now_day: 8
date_now_month: 1
date_now_year: 2026
date_start: 2026-01-08 00:00:00
date_end: 2026-01-08 23:59:59
price_low: 7.90400
price_high: 26.45900
price_median: 13.29800
price_average: 15.41217
price_current: 23.62200
price_unit: Cent/kWh
price_threshold_00: 7.90400
price_threshold_01: 8.24700
price_threshold_02: 8.30800
price_threshold_03: 8.40800
price_threshold_04: 8.45200
price_threshold_05: 8.52700
price_threshold_06: 8.78900
price_threshold_07: 9.13100
price_threshold_08: 9.44800
price_threshold_09: 9.78800
price_threshold_10: 10.21300
price_threshold_11: 12.67100
price_threshold_12: 13.92500
price_threshold_13: 16.88100
price_threshold_14: 19.27200
price_threshold_15: 19.94000
price_threshold_16: 20.79300
price_threshold_17: 21.31100
price_threshold_18: 22.02700
price_threshold_19: 23.38500
price_threshold_20: 23.62200
price_threshold_21: 25.94900
price_threshold_22: 26.44200
price_threshold_23: 26.45900
data_price_hour_rel_-13_amount: 8.40800
data_price_hour_abs_00_amount: 8.40800
data_price_hour_rel_-12_amount: 8.30800
data_price_hour_abs_01_amount: 8.30800
data_price_hour_rel_-11_amount: 8.45200
data_price_hour_abs_02_amount: 8.45200
data_price_hour_rel_-10_amount: 8.24700
data_price_hour_abs_03_amount: 8.24700
data_price_hour_rel_-09_amount: 8.52700
data_price_hour_abs_04_amount: 8.52700
data_price_hour_rel_-08_amount: 8.78900
data_price_hour_abs_05_amount: 8.78900
data_price_hour_rel_-07_amount: 9.78800
data_price_hour_abs_06_amount: 9.78800
data_price_hour_rel_-06_amount: 12.67100
data_price_hour_abs_07_amount: 12.67100
data_price_hour_rel_-05_amount: 16.88100
data_price_hour_abs_08_amount: 16.88100
data_price_hour_rel_-04_amount: 19.27200
data_price_hour_abs_09_amount: 19.27200
data_price_hour_rel_-03_amount: 20.79300
data_price_hour_abs_10_amount: 20.79300
data_price_hour_rel_-02_amount: 21.31100
data_price_hour_abs_11_amount: 21.31100
data_price_hour_rel_-01_amount: 22.02700
data_price_hour_abs_12_amount: 22.02700
data_price_hour_rel_+00_amount: 23.62200
data_price_hour_abs_13_amount: 23.62200
data_price_hour_rel_+01_amount: 26.45900
data_price_hour_abs_14_amount: 26.45900
data_price_hour_rel_+02_amount: 26.44200
data_price_hour_abs_15_amount: 26.44200
data_price_hour_rel_+03_amount: 25.94900
data_price_hour_abs_16_amount: 25.94900
data_price_hour_rel_+04_amount: 23.38500
data_price_hour_abs_17_amount: 23.38500
data_price_hour_rel_+05_amount: 19.94000
data_price_hour_abs_18_amount: 19.94000
data_price_hour_rel_+06_amount: 13.92500
data_price_hour_abs_19_amount: 13.92500
data_price_hour_rel_+07_amount: 10.21300
data_price_hour_abs_20_amount: 10.21300
data_price_hour_rel_+08_amount: 9.44800
data_price_hour_abs_21_amount: 9.44800
data_price_hour_rel_+09_amount: 9.13100
data_price_hour_abs_22_amount: 9.13100
data_price_hour_rel_+10_amount: 7.90400
data_price_hour_abs_23_amount: 7.90400