date_now: 2026-06-05 16:43:08
date_now_epoch: 1780670588757
date_now_day: 5
date_now_month: 6
date_now_year: 2026
date_start: 2026-06-05 00:00:00
date_end: 2026-06-05 23:59:59
price_low: 2.72000
price_high: 18.93600
price_median: 9.35450
price_average: 10.03650
price_current: 7.25600
price_unit: Cent/kWh
price_threshold_00: 2.72000
price_threshold_01: 3.41800
price_threshold_02: 3.80100
price_threshold_03: 4.52100
price_threshold_04: 7.08300
price_threshold_05: 7.25600
price_threshold_06: 7.94500
price_threshold_07: 8.07000
price_threshold_08: 8.34500
price_threshold_09: 8.50300
price_threshold_10: 8.61200
price_threshold_11: 8.98300
price_threshold_12: 9.72600
price_threshold_13: 9.83000
price_threshold_14: 10.42500
price_threshold_15: 11.38200
price_threshold_16: 11.49000
price_threshold_17: 11.86200
price_threshold_18: 12.89000
price_threshold_19: 15.05000
price_threshold_20: 15.20600
price_threshold_21: 16.91400
price_threshold_22: 17.90800
price_threshold_23: 18.93600
data_price_hour_rel_-16_amount: 8.07000
data_price_hour_abs_00_amount: 8.07000
data_price_hour_rel_-15_amount: 7.94500
data_price_hour_abs_01_amount: 7.94500
data_price_hour_rel_-14_amount: 8.34500
data_price_hour_abs_02_amount: 8.34500
data_price_hour_rel_-13_amount: 8.50300
data_price_hour_abs_03_amount: 8.50300
data_price_hour_rel_-12_amount: 8.98300
data_price_hour_abs_04_amount: 8.98300
data_price_hour_rel_-11_amount: 9.72600
data_price_hour_abs_05_amount: 9.72600
data_price_hour_rel_-10_amount: 11.49000
data_price_hour_abs_06_amount: 11.49000
data_price_hour_rel_-09_amount: 11.86200
data_price_hour_abs_07_amount: 11.86200
data_price_hour_rel_-08_amount: 11.38200
data_price_hour_abs_08_amount: 11.38200
data_price_hour_rel_-07_amount: 9.83000
data_price_hour_abs_09_amount: 9.83000
data_price_hour_rel_-06_amount: 8.61200
data_price_hour_abs_10_amount: 8.61200
data_price_hour_rel_-05_amount: 7.08300
data_price_hour_abs_11_amount: 7.08300
data_price_hour_rel_-04_amount: 4.52100
data_price_hour_abs_12_amount: 4.52100
data_price_hour_rel_-03_amount: 3.41800
data_price_hour_abs_13_amount: 3.41800
data_price_hour_rel_-02_amount: 2.72000
data_price_hour_abs_14_amount: 2.72000
data_price_hour_rel_-01_amount: 3.80100
data_price_hour_abs_15_amount: 3.80100
data_price_hour_rel_+00_amount: 7.25600
data_price_hour_abs_16_amount: 7.25600
data_price_hour_rel_+01_amount: 10.42500
data_price_hour_abs_17_amount: 10.42500
data_price_hour_rel_+02_amount: 12.89000
data_price_hour_abs_18_amount: 12.89000
data_price_hour_rel_+03_amount: 15.05000
data_price_hour_abs_19_amount: 15.05000
data_price_hour_rel_+04_amount: 17.90800
data_price_hour_abs_20_amount: 17.90800
data_price_hour_rel_+05_amount: 18.93600
data_price_hour_abs_21_amount: 18.93600
data_price_hour_rel_+06_amount: 16.91400
data_price_hour_abs_22_amount: 16.91400
data_price_hour_rel_+07_amount: 15.20600
data_price_hour_abs_23_amount: 15.20600