date_now: 2026-06-28 15:39:18
date_now_epoch: 1782653958178
date_now_day: 28
date_now_month: 6
date_now_year: 2026
date_start: 2026-06-28 00:00:00
date_end: 2026-06-28 23:59:59
price_low: -0.09100
price_high: 16.10400
price_median: 11.32850
price_average: 8.50038
price_current: 0.16200
price_unit: Cent/kWh
price_threshold_00: -0.09100
price_threshold_01: -0.00300
price_threshold_02: -0.00200
price_threshold_03: 0.01200
price_threshold_04: 0.16200
price_threshold_05: 0.51500
price_threshold_06: 2.76700
price_threshold_07: 3.28100
price_threshold_08: 7.66900
price_threshold_09: 8.46400
price_threshold_10: 10.44300
price_threshold_11: 11.20600
price_threshold_12: 11.45100
price_threshold_13: 11.47400
price_threshold_14: 11.51200
price_threshold_15: 11.56900
price_threshold_16: 11.96800
price_threshold_17: 12.60300
price_threshold_18: 13.64600
price_threshold_19: 13.79900
price_threshold_20: 14.41200
price_threshold_21: 15.31800
price_threshold_22: 15.73000
price_threshold_23: 16.10400
data_price_hour_rel_-15_amount: 13.64600
data_price_hour_abs_00_amount: 13.64600
data_price_hour_rel_-14_amount: 12.60300
data_price_hour_abs_01_amount: 12.60300
data_price_hour_rel_-13_amount: 11.96800
data_price_hour_abs_02_amount: 11.96800
data_price_hour_rel_-12_amount: 11.56900
data_price_hour_abs_03_amount: 11.56900
data_price_hour_rel_-11_amount: 11.47400
data_price_hour_abs_04_amount: 11.47400
data_price_hour_rel_-10_amount: 11.51200
data_price_hour_abs_05_amount: 11.51200
data_price_hour_rel_-09_amount: 11.20600
data_price_hour_abs_06_amount: 11.20600
data_price_hour_rel_-08_amount: 10.44300
data_price_hour_abs_07_amount: 10.44300
data_price_hour_rel_-07_amount: 7.66900
data_price_hour_abs_08_amount: 7.66900
data_price_hour_rel_-06_amount: 3.28100
data_price_hour_abs_09_amount: 3.28100
data_price_hour_rel_-05_amount: 0.51500
data_price_hour_abs_10_amount: 0.51500
data_price_hour_rel_-04_amount: 0.01200
data_price_hour_abs_11_amount: 0.01200
data_price_hour_rel_-03_amount: -0.00200
data_price_hour_abs_12_amount: -0.00200
data_price_hour_rel_-02_amount: -0.09100
data_price_hour_abs_13_amount: -0.09100
data_price_hour_rel_-01_amount: -0.00300
data_price_hour_abs_14_amount: -0.00300
data_price_hour_rel_+00_amount: 0.16200
data_price_hour_abs_15_amount: 0.16200
data_price_hour_rel_+01_amount: 2.76700
data_price_hour_abs_16_amount: 2.76700
data_price_hour_rel_+02_amount: 8.46400
data_price_hour_abs_17_amount: 8.46400
data_price_hour_rel_+03_amount: 11.45100
data_price_hour_abs_18_amount: 11.45100
data_price_hour_rel_+04_amount: 13.79900
data_price_hour_abs_19_amount: 13.79900
data_price_hour_rel_+05_amount: 15.31800
data_price_hour_abs_20_amount: 15.31800
data_price_hour_rel_+06_amount: 16.10400
data_price_hour_abs_21_amount: 16.10400
data_price_hour_rel_+07_amount: 15.73000
data_price_hour_abs_22_amount: 15.73000
data_price_hour_rel_+08_amount: 14.41200
data_price_hour_abs_23_amount: 14.41200