date_now: 2026-05-02 15:03:50
date_now_epoch: 1777727030803
date_now_day: 2
date_now_month: 5
date_now_year: 2026
date_start: 2026-05-02 00:00:00
date_end: 2026-05-02 23:59:59
price_low: -13.00300
price_high: 19.54500
price_median: 9.25600
price_average: 5.88517
price_current: -1.40400
price_unit: Cent/kWh
price_threshold_00: -13.00300
price_threshold_01: -8.68400
price_threshold_02: -8.36100
price_threshold_03: -2.19100
price_threshold_04: -1.40400
price_threshold_05: -0.23900
price_threshold_06: 0.00300
price_threshold_07: 0.12700
price_threshold_08: 1.82700
price_threshold_09: 5.49500
price_threshold_10: 7.80100
price_threshold_11: 9.17800
price_threshold_12: 9.33400
price_threshold_13: 9.35500
price_threshold_14: 9.37000
price_threshold_15: 9.94800
price_threshold_16: 10.37100
price_threshold_17: 11.74300
price_threshold_18: 12.38700
price_threshold_19: 12.71400
price_threshold_20: 13.99600
price_threshold_21: 15.43200
price_threshold_22: 16.50000
price_threshold_23: 19.54500
data_price_hour_rel_-15_amount: 11.74300
data_price_hour_abs_00_amount: 11.74300
data_price_hour_rel_-14_amount: 10.37100
data_price_hour_abs_01_amount: 10.37100
data_price_hour_rel_-13_amount: 9.94800
data_price_hour_abs_02_amount: 9.94800
data_price_hour_rel_-12_amount: 9.33400
data_price_hour_abs_03_amount: 9.33400
data_price_hour_rel_-11_amount: 9.35500
data_price_hour_abs_04_amount: 9.35500
data_price_hour_rel_-10_amount: 9.37000
data_price_hour_abs_05_amount: 9.37000
data_price_hour_rel_-09_amount: 9.17800
data_price_hour_abs_06_amount: 9.17800
data_price_hour_rel_-08_amount: 7.80100
data_price_hour_abs_07_amount: 7.80100
data_price_hour_rel_-07_amount: 1.82700
data_price_hour_abs_08_amount: 1.82700
data_price_hour_rel_-06_amount: 0.12700
data_price_hour_abs_09_amount: 0.12700
data_price_hour_rel_-05_amount: -0.23900
data_price_hour_abs_10_amount: -0.23900
data_price_hour_rel_-04_amount: -2.19100
data_price_hour_abs_11_amount: -2.19100
data_price_hour_rel_-03_amount: -8.36100
data_price_hour_abs_12_amount: -8.36100
data_price_hour_rel_-02_amount: -13.00300
data_price_hour_abs_13_amount: -13.00300
data_price_hour_rel_-01_amount: -8.68400
data_price_hour_abs_14_amount: -8.68400
data_price_hour_rel_+00_amount: -1.40400
data_price_hour_abs_15_amount: -1.40400
data_price_hour_rel_+01_amount: 0.00300
data_price_hour_abs_16_amount: 0.00300
data_price_hour_rel_+02_amount: 5.49500
data_price_hour_abs_17_amount: 5.49500
data_price_hour_rel_+03_amount: 12.71400
data_price_hour_abs_18_amount: 12.71400
data_price_hour_rel_+04_amount: 16.50000
data_price_hour_abs_19_amount: 16.50000
data_price_hour_rel_+05_amount: 19.54500
data_price_hour_abs_20_amount: 19.54500
data_price_hour_rel_+06_amount: 15.43200
data_price_hour_abs_21_amount: 15.43200
data_price_hour_rel_+07_amount: 13.99600
data_price_hour_abs_22_amount: 13.99600
data_price_hour_rel_+08_amount: 12.38700
data_price_hour_abs_23_amount: 12.38700