date_now: 2026-03-18 14:04:15
date_now_epoch: 1773839055120
date_now_day: 18
date_now_month: 3
date_now_year: 2026
date_start: 2026-03-18 00:00:00
date_end: 2026-03-18 23:59:59
price_low: -0.27100
price_high: 17.76200
price_median: 9.48700
price_average: 8.89067
price_current: 0.02200
price_unit: Cent/kWh
price_threshold_00: -0.27100
price_threshold_01: -0.23100
price_threshold_02: -0.16200
price_threshold_03: 0.02200
price_threshold_04: 1.00000
price_threshold_05: 4.72000
price_threshold_06: 6.29500
price_threshold_07: 8.56900
price_threshold_08: 8.67300
price_threshold_09: 8.68700
price_threshold_10: 8.88400
price_threshold_11: 8.98000
price_threshold_12: 9.99400
price_threshold_13: 10.00600
price_threshold_14: 10.70300
price_threshold_15: 11.33800
price_threshold_16: 12.37800
price_threshold_17: 13.07400
price_threshold_18: 13.20600
price_threshold_19: 13.35900
price_threshold_20: 14.52100
price_threshold_21: 14.84900
price_threshold_22: 17.02000
price_threshold_23: 17.76200
data_price_hour_rel_-14_amount: 8.98000
data_price_hour_abs_00_amount: 8.98000
data_price_hour_rel_-13_amount: 8.67300
data_price_hour_abs_01_amount: 8.67300
data_price_hour_rel_-12_amount: 8.56900
data_price_hour_abs_02_amount: 8.56900
data_price_hour_rel_-11_amount: 8.68700
data_price_hour_abs_03_amount: 8.68700
data_price_hour_rel_-10_amount: 8.88400
data_price_hour_abs_04_amount: 8.88400
data_price_hour_rel_-09_amount: 10.00600
data_price_hour_abs_05_amount: 10.00600
data_price_hour_rel_-08_amount: 13.07400
data_price_hour_abs_06_amount: 13.07400
data_price_hour_rel_-07_amount: 13.35900
data_price_hour_abs_07_amount: 13.35900
data_price_hour_rel_-06_amount: 9.99400
data_price_hour_abs_08_amount: 9.99400
data_price_hour_rel_-05_amount: 6.29500
data_price_hour_abs_09_amount: 6.29500
data_price_hour_rel_-04_amount: 1.00000
data_price_hour_abs_10_amount: 1.00000
data_price_hour_rel_-03_amount: -0.16200
data_price_hour_abs_11_amount: -0.16200
data_price_hour_rel_-02_amount: -0.23100
data_price_hour_abs_12_amount: -0.23100
data_price_hour_rel_-01_amount: -0.27100
data_price_hour_abs_13_amount: -0.27100
data_price_hour_rel_+00_amount: 0.02200
data_price_hour_abs_14_amount: 0.02200
data_price_hour_rel_+01_amount: 4.72000
data_price_hour_abs_15_amount: 4.72000
data_price_hour_rel_+02_amount: 10.70300
data_price_hour_abs_16_amount: 10.70300
data_price_hour_rel_+03_amount: 14.52100
data_price_hour_abs_17_amount: 14.52100
data_price_hour_rel_+04_amount: 17.76200
data_price_hour_abs_18_amount: 17.76200
data_price_hour_rel_+05_amount: 17.02000
data_price_hour_abs_19_amount: 17.02000
data_price_hour_rel_+06_amount: 14.84900
data_price_hour_abs_20_amount: 14.84900
data_price_hour_rel_+07_amount: 13.20600
data_price_hour_abs_21_amount: 13.20600
data_price_hour_rel_+08_amount: 12.37800
data_price_hour_abs_22_amount: 12.37800
data_price_hour_rel_+09_amount: 11.33800
data_price_hour_abs_23_amount: 11.33800