date_now: 2026-03-06 13:49:57
date_now_epoch: 1772801397743
date_now_day: 6
date_now_month: 3
date_now_year: 2026
date_start: 2026-03-06 00:00:00
date_end: 2026-03-06 23:59:59
price_low: 4.86500
price_high: 22.95500
price_median: 12.07900
price_average: 12.38004
price_current: 4.86500
price_unit: Cent/kWh
price_threshold_00: 4.86500
price_threshold_01: 5.26400
price_threshold_02: 6.67100
price_threshold_03: 7.39400
price_threshold_04: 9.65000
price_threshold_05: 10.41300
price_threshold_06: 10.60000
price_threshold_07: 10.70700
price_threshold_08: 10.85200
price_threshold_09: 10.95300
price_threshold_10: 11.19600
price_threshold_11: 11.55000
price_threshold_12: 12.60800
price_threshold_13: 12.72500
price_threshold_14: 12.96600
price_threshold_15: 13.04000
price_threshold_16: 13.41900
price_threshold_17: 13.82900
price_threshold_18: 15.31100
price_threshold_19: 15.72900
price_threshold_20: 17.70300
price_threshold_21: 17.74400
price_threshold_22: 18.97700
price_threshold_23: 22.95500
data_price_hour_rel_-13_amount: 10.41300
data_price_hour_abs_00_amount: 10.41300
data_price_hour_rel_-12_amount: 10.60000
data_price_hour_abs_01_amount: 10.60000
data_price_hour_rel_-11_amount: 10.85200
data_price_hour_abs_02_amount: 10.85200
data_price_hour_rel_-10_amount: 10.95300
data_price_hour_abs_03_amount: 10.95300
data_price_hour_rel_-09_amount: 11.55000
data_price_hour_abs_04_amount: 11.55000
data_price_hour_rel_-08_amount: 12.96600
data_price_hour_abs_05_amount: 12.96600
data_price_hour_rel_-07_amount: 15.72900
data_price_hour_abs_06_amount: 15.72900
data_price_hour_rel_-06_amount: 17.70300
data_price_hour_abs_07_amount: 17.70300
data_price_hour_rel_-05_amount: 13.82900
data_price_hour_abs_08_amount: 13.82900
data_price_hour_rel_-04_amount: 11.19600
data_price_hour_abs_09_amount: 11.19600
data_price_hour_rel_-03_amount: 9.65000
data_price_hour_abs_10_amount: 9.65000
data_price_hour_rel_-02_amount: 6.67100
data_price_hour_abs_11_amount: 6.67100
data_price_hour_rel_-01_amount: 5.26400
data_price_hour_abs_12_amount: 5.26400
data_price_hour_rel_+00_amount: 4.86500
data_price_hour_abs_13_amount: 4.86500
data_price_hour_rel_+01_amount: 7.39400
data_price_hour_abs_14_amount: 7.39400
data_price_hour_rel_+02_amount: 10.70700
data_price_hour_abs_15_amount: 10.70700
data_price_hour_rel_+03_amount: 13.04000
data_price_hour_abs_16_amount: 13.04000
data_price_hour_rel_+04_amount: 17.74400
data_price_hour_abs_17_amount: 17.74400
data_price_hour_rel_+05_amount: 22.95500
data_price_hour_abs_18_amount: 22.95500
data_price_hour_rel_+06_amount: 18.97700
data_price_hour_abs_19_amount: 18.97700
data_price_hour_rel_+07_amount: 15.31100
data_price_hour_abs_20_amount: 15.31100
data_price_hour_rel_+08_amount: 13.41900
data_price_hour_abs_21_amount: 13.41900
data_price_hour_rel_+09_amount: 12.72500
data_price_hour_abs_22_amount: 12.72500
data_price_hour_rel_+10_amount: 12.60800
data_price_hour_abs_23_amount: 12.60800