date_now: 2026-07-14 15:26:35
date_now_epoch: 1784035595068
date_now_day: 14
date_now_month: 7
date_now_year: 2026
date_start: 2026-07-14 00:00:00
date_end: 2026-07-14 23:59:59
price_low: 5.18300
price_high: 18.24800
price_median: 13.07700
price_average: 12.39700
price_current: 7.00000
price_unit: Cent/kWh
price_threshold_00: 5.18300
price_threshold_01: 5.77300
price_threshold_02: 6.40400
price_threshold_03: 7.00000
price_threshold_04: 9.16900
price_threshold_05: 9.32600
price_threshold_06: 10.74800
price_threshold_07: 11.74400
price_threshold_08: 12.18900
price_threshold_09: 12.72200
price_threshold_10: 12.73500
price_threshold_11: 12.76500
price_threshold_12: 13.38900
price_threshold_13: 13.50200
price_threshold_14: 13.56700
price_threshold_15: 13.83000
price_threshold_16: 13.96400
price_threshold_17: 14.58100
price_threshold_18: 15.15200
price_threshold_19: 15.22700
price_threshold_20: 15.90100
price_threshold_21: 16.87700
price_threshold_22: 17.53200
price_threshold_23: 18.24800
data_price_hour_rel_-15_amount: 13.96400
data_price_hour_abs_00_amount: 13.96400
data_price_hour_rel_-14_amount: 13.38900
data_price_hour_abs_01_amount: 13.38900
data_price_hour_rel_-13_amount: 12.73500
data_price_hour_abs_02_amount: 12.73500
data_price_hour_rel_-12_amount: 12.72200
data_price_hour_abs_03_amount: 12.72200
data_price_hour_rel_-11_amount: 12.76500
data_price_hour_abs_04_amount: 12.76500
data_price_hour_rel_-10_amount: 13.50200
data_price_hour_abs_05_amount: 13.50200
data_price_hour_rel_-09_amount: 14.58100
data_price_hour_abs_06_amount: 14.58100
data_price_hour_rel_-08_amount: 15.22700
data_price_hour_abs_07_amount: 15.22700
data_price_hour_rel_-07_amount: 13.56700
data_price_hour_abs_08_amount: 13.56700
data_price_hour_rel_-06_amount: 12.18900
data_price_hour_abs_09_amount: 12.18900
data_price_hour_rel_-05_amount: 10.74800
data_price_hour_abs_10_amount: 10.74800
data_price_hour_rel_-04_amount: 9.16900
data_price_hour_abs_11_amount: 9.16900
data_price_hour_rel_-03_amount: 6.40400
data_price_hour_abs_12_amount: 6.40400
data_price_hour_rel_-02_amount: 5.18300
data_price_hour_abs_13_amount: 5.18300
data_price_hour_rel_-01_amount: 5.77300
data_price_hour_abs_14_amount: 5.77300
data_price_hour_rel_+00_amount: 7.00000
data_price_hour_abs_15_amount: 7.00000
data_price_hour_rel_+01_amount: 9.32600
data_price_hour_abs_16_amount: 9.32600
data_price_hour_rel_+02_amount: 11.74400
data_price_hour_abs_17_amount: 11.74400
data_price_hour_rel_+03_amount: 13.83000
data_price_hour_abs_18_amount: 13.83000
data_price_hour_rel_+04_amount: 15.90100
data_price_hour_abs_19_amount: 15.90100
data_price_hour_rel_+05_amount: 18.24800
data_price_hour_abs_20_amount: 18.24800
data_price_hour_rel_+06_amount: 17.53200
data_price_hour_abs_21_amount: 17.53200
data_price_hour_rel_+07_amount: 16.87700
data_price_hour_abs_22_amount: 16.87700
data_price_hour_rel_+08_amount: 15.15200
data_price_hour_abs_23_amount: 15.15200