date_now: 2026-01-07 13:39:31
date_now_epoch: 1767789571963
date_now_day: 7
date_now_month: 1
date_now_year: 2026
date_start: 2026-01-07 00:00:00
date_end: 2026-01-07 23:59:59
price_low: 8.07800
price_high: 12.51900
price_median: 9.74000
price_average: 9.93979
price_current: 9.31600
price_unit: Cent/kWh
price_threshold_00: 8.07800
price_threshold_01: 8.16500
price_threshold_02: 8.48800
price_threshold_03: 8.50500
price_threshold_04: 8.86100
price_threshold_05: 8.87600
price_threshold_06: 9.27700
price_threshold_07: 9.31600
price_threshold_08: 9.39600
price_threshold_09: 9.39900
price_threshold_10: 9.52300
price_threshold_11: 9.63400
price_threshold_12: 9.84600
price_threshold_13: 9.92000
price_threshold_14: 9.99400
price_threshold_15: 10.18400
price_threshold_16: 10.63900
price_threshold_17: 10.83100
price_threshold_18: 10.87300
price_threshold_19: 10.93500
price_threshold_20: 11.21300
price_threshold_21: 11.67300
price_threshold_22: 12.41000
price_threshold_23: 12.51900
data_price_hour_rel_-13_amount: 9.39900
data_price_hour_abs_00_amount: 9.39900
data_price_hour_rel_-12_amount: 8.86100
data_price_hour_abs_01_amount: 8.86100
data_price_hour_rel_-11_amount: 8.50500
data_price_hour_abs_02_amount: 8.50500
data_price_hour_rel_-10_amount: 8.16500
data_price_hour_abs_03_amount: 8.16500
data_price_hour_rel_-09_amount: 8.07800
data_price_hour_abs_04_amount: 8.07800
data_price_hour_rel_-08_amount: 8.48800
data_price_hour_abs_05_amount: 8.48800
data_price_hour_rel_-07_amount: 9.27700
data_price_hour_abs_06_amount: 9.27700
data_price_hour_rel_-06_amount: 9.92000
data_price_hour_abs_07_amount: 9.92000
data_price_hour_rel_-05_amount: 10.93500
data_price_hour_abs_08_amount: 10.93500
data_price_hour_rel_-04_amount: 11.21300
data_price_hour_abs_09_amount: 11.21300
data_price_hour_rel_-03_amount: 10.83100
data_price_hour_abs_10_amount: 10.83100
data_price_hour_rel_-02_amount: 9.99400
data_price_hour_abs_11_amount: 9.99400
data_price_hour_rel_-01_amount: 9.63400
data_price_hour_abs_12_amount: 9.63400
data_price_hour_rel_+00_amount: 9.31600
data_price_hour_abs_13_amount: 9.31600
data_price_hour_rel_+01_amount: 9.52300
data_price_hour_abs_14_amount: 9.52300
data_price_hour_rel_+02_amount: 10.18400
data_price_hour_abs_15_amount: 10.18400
data_price_hour_rel_+03_amount: 10.63900
data_price_hour_abs_16_amount: 10.63900
data_price_hour_rel_+04_amount: 12.51900
data_price_hour_abs_17_amount: 12.51900
data_price_hour_rel_+05_amount: 12.41000
data_price_hour_abs_18_amount: 12.41000
data_price_hour_rel_+06_amount: 11.67300
data_price_hour_abs_19_amount: 11.67300
data_price_hour_rel_+07_amount: 10.87300
data_price_hour_abs_20_amount: 10.87300
data_price_hour_rel_+08_amount: 9.84600
data_price_hour_abs_21_amount: 9.84600
data_price_hour_rel_+09_amount: 9.39600
data_price_hour_abs_22_amount: 9.39600
data_price_hour_rel_+10_amount: 8.87600
data_price_hour_abs_23_amount: 8.87600