date_now: 2026-04-11 14:51:36
date_now_epoch: 1775911896440
date_now_day: 11
date_now_month: 4
date_now_year: 2026
date_start: 2026-04-11 00:00:00
date_end: 2026-04-11 23:59:59
price_low: -7.99700
price_high: 13.40200
price_median: 6.86300
price_average: 4.65721
price_current: -7.76400
price_unit: Cent/kWh
price_threshold_00: -7.99700
price_threshold_01: -7.76400
price_threshold_02: -4.58300
price_threshold_03: -4.02500
price_threshold_04: -1.58000
price_threshold_05: -0.83100
price_threshold_06: -0.07200
price_threshold_07: -0.01600
price_threshold_08: 2.15700
price_threshold_09: 4.37000
price_threshold_10: 6.52300
price_threshold_11: 6.86300
price_threshold_12: 6.86300
price_threshold_13: 6.96100
price_threshold_14: 7.38200
price_threshold_15: 7.47900
price_threshold_16: 9.32400
price_threshold_17: 10.66100
price_threshold_18: 10.83600
price_threshold_19: 11.08400
price_threshold_20: 11.23500
price_threshold_21: 11.43800
price_threshold_22: 12.06300
price_threshold_23: 13.40200
data_price_hour_rel_-14_amount: 13.40200
data_price_hour_abs_00_amount: 13.40200
data_price_hour_rel_-13_amount: 12.06300
data_price_hour_abs_01_amount: 12.06300
data_price_hour_rel_-12_amount: 11.43800
data_price_hour_abs_02_amount: 11.43800
data_price_hour_rel_-11_amount: 11.23500
data_price_hour_abs_03_amount: 11.23500
data_price_hour_rel_-10_amount: 11.08400
data_price_hour_abs_04_amount: 11.08400
data_price_hour_rel_-09_amount: 10.83600
data_price_hour_abs_05_amount: 10.83600
data_price_hour_rel_-08_amount: 10.66100
data_price_hour_abs_06_amount: 10.66100
data_price_hour_rel_-07_amount: 9.32400
data_price_hour_abs_07_amount: 9.32400
data_price_hour_rel_-06_amount: 6.96100
data_price_hour_abs_08_amount: 6.96100
data_price_hour_rel_-05_amount: 2.15700
data_price_hour_abs_09_amount: 2.15700
data_price_hour_rel_-04_amount: -0.01600
data_price_hour_abs_10_amount: -0.01600
data_price_hour_rel_-03_amount: -0.83100
data_price_hour_abs_11_amount: -0.83100
data_price_hour_rel_-02_amount: -4.02500
data_price_hour_abs_12_amount: -4.02500
data_price_hour_rel_-01_amount: -7.99700
data_price_hour_abs_13_amount: -7.99700
data_price_hour_rel_+00_amount: -7.76400
data_price_hour_abs_14_amount: -7.76400
data_price_hour_rel_+01_amount: -4.58300
data_price_hour_abs_15_amount: -4.58300
data_price_hour_rel_+02_amount: -1.58000
data_price_hour_abs_16_amount: -1.58000
data_price_hour_rel_+03_amount: -0.07200
data_price_hour_abs_17_amount: -0.07200
data_price_hour_rel_+04_amount: 4.37000
data_price_hour_abs_18_amount: 4.37000
data_price_hour_rel_+05_amount: 7.38200
data_price_hour_abs_19_amount: 7.38200
data_price_hour_rel_+06_amount: 7.47900
data_price_hour_abs_20_amount: 7.47900
data_price_hour_rel_+07_amount: 6.52300
data_price_hour_abs_21_amount: 6.52300
data_price_hour_rel_+08_amount: 6.86300
data_price_hour_abs_22_amount: 6.86300
data_price_hour_rel_+09_amount: 6.86300
data_price_hour_abs_23_amount: 6.86300