date_now: 2026-02-27 13:53:02
date_now_epoch: 1772196782517
date_now_day: 27
date_now_month: 2
date_now_year: 2026
date_start: 2026-02-27 00:00:00
date_end: 2026-02-27 23:59:59
price_low: -0.00100
price_high: 11.81000
price_median: 6.52050
price_average: 6.49229
price_current: -0.00100
price_unit: Cent/kWh
price_threshold_00: -0.00100
price_threshold_01: -0.00100
price_threshold_02: 0.09700
price_threshold_03: 0.77400
price_threshold_04: 3.15500
price_threshold_05: 5.51500
price_threshold_06: 5.60100
price_threshold_07: 5.73000
price_threshold_08: 5.97600
price_threshold_09: 6.00000
price_threshold_10: 6.18000
price_threshold_11: 6.44200
price_threshold_12: 6.59900
price_threshold_13: 7.65700
price_threshold_14: 7.93300
price_threshold_15: 8.00000
price_threshold_16: 8.75100
price_threshold_17: 8.85300
price_threshold_18: 9.09600
price_threshold_19: 9.20000
price_threshold_20: 10.00300
price_threshold_21: 10.92500
price_threshold_22: 11.52000
price_threshold_23: 11.81000
data_price_hour_rel_-13_amount: 5.51500
data_price_hour_abs_00_amount: 5.51500
data_price_hour_rel_-12_amount: 5.60100
data_price_hour_abs_01_amount: 5.60100
data_price_hour_rel_-11_amount: 5.73000
data_price_hour_abs_02_amount: 5.73000
data_price_hour_rel_-10_amount: 6.00000
data_price_hour_abs_03_amount: 6.00000
data_price_hour_rel_-09_amount: 6.18000
data_price_hour_abs_04_amount: 6.18000
data_price_hour_rel_-08_amount: 6.59900
data_price_hour_abs_05_amount: 6.59900
data_price_hour_rel_-07_amount: 7.65700
data_price_hour_abs_06_amount: 7.65700
data_price_hour_rel_-06_amount: 8.85300
data_price_hour_abs_07_amount: 8.85300
data_price_hour_rel_-05_amount: 7.93300
data_price_hour_abs_08_amount: 7.93300
data_price_hour_rel_-04_amount: 6.44200
data_price_hour_abs_09_amount: 6.44200
data_price_hour_rel_-03_amount: 3.15500
data_price_hour_abs_10_amount: 3.15500
data_price_hour_rel_-02_amount: 0.09700
data_price_hour_abs_11_amount: 0.09700
data_price_hour_rel_-01_amount: -0.00100
data_price_hour_abs_12_amount: -0.00100
data_price_hour_rel_+00_amount: -0.00100
data_price_hour_abs_13_amount: -0.00100
data_price_hour_rel_+01_amount: 0.77400
data_price_hour_abs_14_amount: 0.77400
data_price_hour_rel_+02_amount: 5.97600
data_price_hour_abs_15_amount: 5.97600
data_price_hour_rel_+03_amount: 9.20000
data_price_hour_abs_16_amount: 9.20000
data_price_hour_rel_+04_amount: 11.52000
data_price_hour_abs_17_amount: 11.52000
data_price_hour_rel_+05_amount: 11.81000
data_price_hour_abs_18_amount: 11.81000
data_price_hour_rel_+06_amount: 10.92500
data_price_hour_abs_19_amount: 10.92500
data_price_hour_rel_+07_amount: 10.00300
data_price_hour_abs_20_amount: 10.00300
data_price_hour_rel_+08_amount: 9.09600
data_price_hour_abs_21_amount: 9.09600
data_price_hour_rel_+09_amount: 8.75100
data_price_hour_abs_22_amount: 8.75100
data_price_hour_rel_+10_amount: 8.00000
data_price_hour_abs_23_amount: 8.00000