date_now: 2026-06-29 17:40:22
date_now_epoch: 1782747622097
date_now_day: 29
date_now_month: 6
date_now_year: 2026
date_start: 2026-06-29 00:00:00
date_end: 2026-06-29 23:59:59
price_low: 8.20300
price_high: 30.13700
price_median: 11.80150
price_average: 14.02762
price_current: 11.50800
price_unit: Cent/kWh
price_threshold_00: 8.20300
price_threshold_01: 8.63900
price_threshold_02: 8.95100
price_threshold_03: 9.67800
price_threshold_04: 9.91000
price_threshold_05: 10.37300
price_threshold_06: 10.69300
price_threshold_07: 10.97600
price_threshold_08: 11.30300
price_threshold_09: 11.36700
price_threshold_10: 11.48700
price_threshold_11: 11.50800
price_threshold_12: 12.09500
price_threshold_13: 12.31200
price_threshold_14: 12.73400
price_threshold_15: 13.49100
price_threshold_16: 14.32900
price_threshold_17: 14.97400
price_threshold_18: 15.21600
price_threshold_19: 17.00000
price_threshold_20: 19.76500
price_threshold_21: 23.08900
price_threshold_22: 28.43300
price_threshold_23: 30.13700
data_price_hour_rel_-17_amount: 12.31200
data_price_hour_abs_00_amount: 12.31200
data_price_hour_rel_-16_amount: 11.36700
data_price_hour_abs_01_amount: 11.36700
data_price_hour_rel_-15_amount: 11.30300
data_price_hour_abs_02_amount: 11.30300
data_price_hour_rel_-14_amount: 10.97600
data_price_hour_abs_03_amount: 10.97600
data_price_hour_rel_-13_amount: 11.48700
data_price_hour_abs_04_amount: 11.48700
data_price_hour_rel_-12_amount: 12.73400
data_price_hour_abs_05_amount: 12.73400
data_price_hour_rel_-11_amount: 14.97400
data_price_hour_abs_06_amount: 14.97400
data_price_hour_rel_-10_amount: 15.21600
data_price_hour_abs_07_amount: 15.21600
data_price_hour_rel_-09_amount: 14.32900
data_price_hour_abs_08_amount: 14.32900
data_price_hour_rel_-08_amount: 12.09500
data_price_hour_abs_09_amount: 12.09500
data_price_hour_rel_-07_amount: 10.69300
data_price_hour_abs_10_amount: 10.69300
data_price_hour_rel_-06_amount: 9.91000
data_price_hour_abs_11_amount: 9.91000
data_price_hour_rel_-05_amount: 8.95100
data_price_hour_abs_12_amount: 8.95100
data_price_hour_rel_-04_amount: 8.20300
data_price_hour_abs_13_amount: 8.20300
data_price_hour_rel_-03_amount: 8.63900
data_price_hour_abs_14_amount: 8.63900
data_price_hour_rel_-02_amount: 9.67800
data_price_hour_abs_15_amount: 9.67800
data_price_hour_rel_-01_amount: 10.37300
data_price_hour_abs_16_amount: 10.37300
data_price_hour_rel_+00_amount: 11.50800
data_price_hour_abs_17_amount: 11.50800
data_price_hour_rel_+01_amount: 13.49100
data_price_hour_abs_18_amount: 13.49100
data_price_hour_rel_+02_amount: 19.76500
data_price_hour_abs_19_amount: 19.76500
data_price_hour_rel_+03_amount: 28.43300
data_price_hour_abs_20_amount: 28.43300
data_price_hour_rel_+04_amount: 30.13700
data_price_hour_abs_21_amount: 30.13700
data_price_hour_rel_+05_amount: 23.08900
data_price_hour_abs_22_amount: 23.08900
data_price_hour_rel_+06_amount: 17.00000
data_price_hour_abs_23_amount: 17.00000