date_now: 2026-07-05 15:23:32
date_now_epoch: 1783257812536
date_now_day: 5
date_now_month: 7
date_now_year: 2026
date_start: 2026-07-05 00:00:00
date_end: 2026-07-05 23:59:59
price_low: -0.11700
price_high: 13.98900
price_median: 7.45000
price_average: 6.27542
price_current: -0.10200
price_unit: Cent/kWh
price_threshold_00: -0.11700
price_threshold_01: -0.10200
price_threshold_02: -0.06200
price_threshold_03: -0.01100
price_threshold_04: -0.00600
price_threshold_05: -0.00300
price_threshold_06: -0.00100
price_threshold_07: 0.13800
price_threshold_08: 0.49000
price_threshold_09: 1.48000
price_threshold_10: 4.41600
price_threshold_11: 6.40000
price_threshold_12: 8.50000
price_threshold_13: 9.70900
price_threshold_14: 10.14100
price_threshold_15: 10.59500
price_threshold_16: 10.75100
price_threshold_17: 11.05000
price_threshold_18: 11.59200
price_threshold_19: 12.28700
price_threshold_20: 12.79000
price_threshold_21: 12.93000
price_threshold_22: 13.65400
price_threshold_23: 13.98900
data_price_hour_rel_-15_amount: 12.28700
data_price_hour_abs_00_amount: 12.28700
data_price_hour_rel_-14_amount: 11.59200
data_price_hour_abs_01_amount: 11.59200
data_price_hour_rel_-13_amount: 11.05000
data_price_hour_abs_02_amount: 11.05000
data_price_hour_rel_-12_amount: 10.59500
data_price_hour_abs_03_amount: 10.59500
data_price_hour_rel_-11_amount: 10.14100
data_price_hour_abs_04_amount: 10.14100
data_price_hour_rel_-10_amount: 9.70900
data_price_hour_abs_05_amount: 9.70900
data_price_hour_rel_-09_amount: 8.50000
data_price_hour_abs_06_amount: 8.50000
data_price_hour_rel_-08_amount: 4.41600
data_price_hour_abs_07_amount: 4.41600
data_price_hour_rel_-07_amount: 1.48000
data_price_hour_abs_08_amount: 1.48000
data_price_hour_rel_-06_amount: 0.13800
data_price_hour_abs_09_amount: 0.13800
data_price_hour_rel_-05_amount: -0.00100
data_price_hour_abs_10_amount: -0.00100
data_price_hour_rel_-04_amount: -0.00300
data_price_hour_abs_11_amount: -0.00300
data_price_hour_rel_-03_amount: -0.01100
data_price_hour_abs_12_amount: -0.01100
data_price_hour_rel_-02_amount: -0.06200
data_price_hour_abs_13_amount: -0.06200
data_price_hour_rel_-01_amount: -0.11700
data_price_hour_abs_14_amount: -0.11700
data_price_hour_rel_+00_amount: -0.10200
data_price_hour_abs_15_amount: -0.10200
data_price_hour_rel_+01_amount: -0.00600
data_price_hour_abs_16_amount: -0.00600
data_price_hour_rel_+02_amount: 0.49000
data_price_hour_abs_17_amount: 0.49000
data_price_hour_rel_+03_amount: 6.40000
data_price_hour_abs_18_amount: 6.40000
data_price_hour_rel_+04_amount: 10.75100
data_price_hour_abs_19_amount: 10.75100
data_price_hour_rel_+05_amount: 12.93000
data_price_hour_abs_20_amount: 12.93000
data_price_hour_rel_+06_amount: 13.65400
data_price_hour_abs_21_amount: 13.65400
data_price_hour_rel_+07_amount: 13.98900
data_price_hour_abs_22_amount: 13.98900
data_price_hour_rel_+08_amount: 12.79000
data_price_hour_abs_23_amount: 12.79000