date_now: 2026-01-10 13:34:41
date_now_epoch: 1768048481618
date_now_day: 10
date_now_month: 1
date_now_year: 2026
date_start: 2026-01-10 00:00:00
date_end: 2026-01-10 23:59:59
price_low: 6.62400
price_high: 13.95300
price_median: 9.98800
price_average: 9.75583
price_current: 10.48300
price_unit: Cent/kWh
price_threshold_00: 6.62400
price_threshold_01: 6.65100
price_threshold_02: 6.65400
price_threshold_03: 6.84600
price_threshold_04: 6.97800
price_threshold_05: 6.99600
price_threshold_06: 7.27900
price_threshold_07: 7.66700
price_threshold_08: 8.50300
price_threshold_09: 9.23600
price_threshold_10: 9.76000
price_threshold_11: 9.82000
price_threshold_12: 10.15600
price_threshold_13: 10.15700
price_threshold_14: 10.48300
price_threshold_15: 10.76800
price_threshold_16: 11.14400
price_threshold_17: 11.32100
price_threshold_18: 11.77200
price_threshold_19: 12.04900
price_threshold_20: 12.80100
price_threshold_21: 12.83100
price_threshold_22: 13.69100
price_threshold_23: 13.95300
data_price_hour_rel_-13_amount: 7.27900
data_price_hour_abs_00_amount: 7.27900
data_price_hour_rel_-12_amount: 6.97800
data_price_hour_abs_01_amount: 6.97800
data_price_hour_rel_-11_amount: 6.62400
data_price_hour_abs_02_amount: 6.62400
data_price_hour_rel_-10_amount: 6.65400
data_price_hour_abs_03_amount: 6.65400
data_price_hour_rel_-09_amount: 6.65100
data_price_hour_abs_04_amount: 6.65100
data_price_hour_rel_-08_amount: 6.84600
data_price_hour_abs_05_amount: 6.84600
data_price_hour_rel_-07_amount: 6.99600
data_price_hour_abs_06_amount: 6.99600
data_price_hour_rel_-06_amount: 7.66700
data_price_hour_abs_07_amount: 7.66700
data_price_hour_rel_-05_amount: 8.50300
data_price_hour_abs_08_amount: 8.50300
data_price_hour_rel_-04_amount: 9.23600
data_price_hour_abs_09_amount: 9.23600
data_price_hour_rel_-03_amount: 9.76000
data_price_hour_abs_10_amount: 9.76000
data_price_hour_rel_-02_amount: 10.15600
data_price_hour_abs_11_amount: 10.15600
data_price_hour_rel_-01_amount: 10.15700
data_price_hour_abs_12_amount: 10.15700
data_price_hour_rel_+00_amount: 10.48300
data_price_hour_abs_13_amount: 10.48300
data_price_hour_rel_+01_amount: 11.14400
data_price_hour_abs_14_amount: 11.14400
data_price_hour_rel_+02_amount: 11.77200
data_price_hour_abs_15_amount: 11.77200
data_price_hour_rel_+03_amount: 12.80100
data_price_hour_abs_16_amount: 12.80100
data_price_hour_rel_+04_amount: 13.95300
data_price_hour_abs_17_amount: 13.95300
data_price_hour_rel_+05_amount: 13.69100
data_price_hour_abs_18_amount: 13.69100
data_price_hour_rel_+06_amount: 12.83100
data_price_hour_abs_19_amount: 12.83100
data_price_hour_rel_+07_amount: 12.04900
data_price_hour_abs_20_amount: 12.04900
data_price_hour_rel_+08_amount: 11.32100
data_price_hour_abs_21_amount: 11.32100
data_price_hour_rel_+09_amount: 10.76800
data_price_hour_abs_22_amount: 10.76800
data_price_hour_rel_+10_amount: 9.82000
data_price_hour_abs_23_amount: 9.82000