date_now: 2026-01-27 13:42:15
date_now_epoch: 1769517735900
date_now_day: 27
date_now_month: 1
date_now_year: 2026
date_start: 2026-01-27 00:00:00
date_end: 2026-01-27 23:59:59
price_low: 11.05500
price_high: 17.66400
price_median: 12.52400
price_average: 13.06075
price_current: 11.24900
price_unit: Cent/kWh
price_threshold_00: 11.05500
price_threshold_01: 11.14900
price_threshold_02: 11.16500
price_threshold_03: 11.18500
price_threshold_04: 11.21600
price_threshold_05: 11.24900
price_threshold_06: 11.37000
price_threshold_07: 11.87700
price_threshold_08: 11.93700
price_threshold_09: 12.07000
price_threshold_10: 12.15900
price_threshold_11: 12.30300
price_threshold_12: 12.74500
price_threshold_13: 13.10800
price_threshold_14: 13.29800
price_threshold_15: 13.32900
price_threshold_16: 13.36100
price_threshold_17: 13.88800
price_threshold_18: 14.11400
price_threshold_19: 14.84600
price_threshold_20: 15.26200
price_threshold_21: 15.98800
price_threshold_22: 17.12000
price_threshold_23: 17.66400
data_price_hour_rel_-13_amount: 11.87700
data_price_hour_abs_00_amount: 11.87700
data_price_hour_rel_-12_amount: 11.37000
data_price_hour_abs_01_amount: 11.37000
data_price_hour_rel_-11_amount: 11.21600
data_price_hour_abs_02_amount: 11.21600
data_price_hour_rel_-10_amount: 11.14900
data_price_hour_abs_03_amount: 11.14900
data_price_hour_rel_-09_amount: 11.05500
data_price_hour_abs_04_amount: 11.05500
data_price_hour_rel_-08_amount: 11.16500
data_price_hour_abs_05_amount: 11.16500
data_price_hour_rel_-07_amount: 13.36100
data_price_hour_abs_06_amount: 13.36100
data_price_hour_rel_-06_amount: 15.98800
data_price_hour_abs_07_amount: 15.98800
data_price_hour_rel_-05_amount: 17.66400
data_price_hour_abs_08_amount: 17.66400
data_price_hour_rel_-04_amount: 17.12000
data_price_hour_abs_09_amount: 17.12000
data_price_hour_rel_-03_amount: 14.84600
data_price_hour_abs_10_amount: 14.84600
data_price_hour_rel_-02_amount: 13.32900
data_price_hour_abs_11_amount: 13.32900
data_price_hour_rel_-01_amount: 12.30300
data_price_hour_abs_12_amount: 12.30300
data_price_hour_rel_+00_amount: 11.24900
data_price_hour_abs_13_amount: 11.24900
data_price_hour_rel_+01_amount: 13.10800
data_price_hour_abs_14_amount: 13.10800
data_price_hour_rel_+02_amount: 12.74500
data_price_hour_abs_15_amount: 12.74500
data_price_hour_rel_+03_amount: 13.29800
data_price_hour_abs_16_amount: 13.29800
data_price_hour_rel_+04_amount: 15.26200
data_price_hour_abs_17_amount: 15.26200
data_price_hour_rel_+05_amount: 14.11400
data_price_hour_abs_18_amount: 14.11400
data_price_hour_rel_+06_amount: 13.88800
data_price_hour_abs_19_amount: 13.88800
data_price_hour_rel_+07_amount: 12.15900
data_price_hour_abs_20_amount: 12.15900
data_price_hour_rel_+08_amount: 11.93700
data_price_hour_abs_21_amount: 11.93700
data_price_hour_rel_+09_amount: 12.07000
data_price_hour_abs_22_amount: 12.07000
data_price_hour_rel_+10_amount: 11.18500
data_price_hour_abs_23_amount: 11.18500