date_now: 2026-04-19 14:55:29
date_now_epoch: 1776603329495
date_now_day: 19
date_now_month: 4
date_now_year: 2026
date_start: 2026-04-19 00:00:00
date_end: 2026-04-19 23:59:59
price_low: -0.30100
price_high: 12.41100
price_median: 10.43200
price_average: 8.08137
price_current: -0.30100
price_unit: Cent/kWh
price_threshold_00: -0.30100
price_threshold_01: -0.22600
price_threshold_02: -0.08500
price_threshold_03: 0.57400
price_threshold_04: 1.60200
price_threshold_05: 3.19900
price_threshold_06: 7.13900
price_threshold_07: 7.37600
price_threshold_08: 9.38400
price_threshold_09: 9.66300
price_threshold_10: 10.00300
price_threshold_11: 10.38600
price_threshold_12: 10.47800
price_threshold_13: 10.54200
price_threshold_14: 10.63200
price_threshold_15: 10.65500
price_threshold_16: 10.92100
price_threshold_17: 10.99500
price_threshold_18: 11.12300
price_threshold_19: 11.65600
price_threshold_20: 11.73500
price_threshold_21: 11.93600
price_threshold_22: 12.15500
price_threshold_23: 12.41100
data_price_hour_rel_-14_amount: 11.65600
data_price_hour_abs_00_amount: 11.65600
data_price_hour_rel_-13_amount: 10.99500
data_price_hour_abs_01_amount: 10.99500
data_price_hour_rel_-12_amount: 10.92100
data_price_hour_abs_02_amount: 10.92100
data_price_hour_rel_-11_amount: 10.63200
data_price_hour_abs_03_amount: 10.63200
data_price_hour_rel_-10_amount: 10.54200
data_price_hour_abs_04_amount: 10.54200
data_price_hour_rel_-09_amount: 10.65500
data_price_hour_abs_05_amount: 10.65500
data_price_hour_rel_-08_amount: 10.47800
data_price_hour_abs_06_amount: 10.47800
data_price_hour_rel_-07_amount: 10.00300
data_price_hour_abs_07_amount: 10.00300
data_price_hour_rel_-06_amount: 9.66300
data_price_hour_abs_08_amount: 9.66300
data_price_hour_rel_-05_amount: 9.38400
data_price_hour_abs_09_amount: 9.38400
data_price_hour_rel_-04_amount: 7.13900
data_price_hour_abs_10_amount: 7.13900
data_price_hour_rel_-03_amount: 3.19900
data_price_hour_abs_11_amount: 3.19900
data_price_hour_rel_-02_amount: 0.57400
data_price_hour_abs_12_amount: 0.57400
data_price_hour_rel_-01_amount: -0.08500
data_price_hour_abs_13_amount: -0.08500
data_price_hour_rel_+00_amount: -0.30100
data_price_hour_abs_14_amount: -0.30100
data_price_hour_rel_+01_amount: -0.22600
data_price_hour_abs_15_amount: -0.22600
data_price_hour_rel_+02_amount: 1.60200
data_price_hour_abs_16_amount: 1.60200
data_price_hour_rel_+03_amount: 7.37600
data_price_hour_abs_17_amount: 7.37600
data_price_hour_rel_+04_amount: 10.38600
data_price_hour_abs_18_amount: 10.38600
data_price_hour_rel_+05_amount: 11.73500
data_price_hour_abs_19_amount: 11.73500
data_price_hour_rel_+06_amount: 12.41100
data_price_hour_abs_20_amount: 12.41100
data_price_hour_rel_+07_amount: 12.15500
data_price_hour_abs_21_amount: 12.15500
data_price_hour_rel_+08_amount: 11.93600
data_price_hour_abs_22_amount: 11.93600
data_price_hour_rel_+09_amount: 11.12300
data_price_hour_abs_23_amount: 11.12300