date_now: 2026-03-16 14:04:33
date_now_epoch: 1773666273278
date_now_day: 16
date_now_month: 3
date_now_year: 2026
date_start: 2026-03-16 00:00:00
date_end: 2026-03-16 23:59:59
price_low: 1.20400
price_high: 17.98900
price_median: 6.53200
price_average: 7.35000
price_current: 4.21700
price_unit: Cent/kWh
price_threshold_00: 1.20400
price_threshold_01: 1.41400
price_threshold_02: 1.58800
price_threshold_03: 1.73700
price_threshold_04: 1.75900
price_threshold_05: 2.00600
price_threshold_06: 2.33300
price_threshold_07: 3.41700
price_threshold_08: 3.74300
price_threshold_09: 4.21700
price_threshold_10: 4.26000
price_threshold_11: 6.44500
price_threshold_12: 6.61900
price_threshold_13: 7.31100
price_threshold_14: 9.55700
price_threshold_15: 9.59800
price_threshold_16: 9.97700
price_threshold_17: 10.62100
price_threshold_18: 12.19100
price_threshold_19: 12.57100
price_threshold_20: 13.86000
price_threshold_21: 15.47900
price_threshold_22: 16.50400
price_threshold_23: 17.98900
data_price_hour_rel_-14_amount: 3.41700
data_price_hour_abs_00_amount: 3.41700
data_price_hour_rel_-13_amount: 2.33300
data_price_hour_abs_01_amount: 2.33300
data_price_hour_rel_-12_amount: 1.75900
data_price_hour_abs_02_amount: 1.75900
data_price_hour_rel_-11_amount: 1.41400
data_price_hour_abs_03_amount: 1.41400
data_price_hour_rel_-10_amount: 2.00600
data_price_hour_abs_04_amount: 2.00600
data_price_hour_rel_-09_amount: 3.74300
data_price_hour_abs_05_amount: 3.74300
data_price_hour_rel_-08_amount: 6.61900
data_price_hour_abs_06_amount: 6.61900
data_price_hour_rel_-07_amount: 9.55700
data_price_hour_abs_07_amount: 9.55700
data_price_hour_rel_-06_amount: 9.59800
data_price_hour_abs_08_amount: 9.59800
data_price_hour_rel_-05_amount: 7.31100
data_price_hour_abs_09_amount: 7.31100
data_price_hour_rel_-04_amount: 4.26000
data_price_hour_abs_10_amount: 4.26000
data_price_hour_rel_-03_amount: 1.73700
data_price_hour_abs_11_amount: 1.73700
data_price_hour_rel_-02_amount: 1.20400
data_price_hour_abs_12_amount: 1.20400
data_price_hour_rel_-01_amount: 1.58800
data_price_hour_abs_13_amount: 1.58800
data_price_hour_rel_+00_amount: 4.21700
data_price_hour_abs_14_amount: 4.21700
data_price_hour_rel_+01_amount: 6.44500
data_price_hour_abs_15_amount: 6.44500
data_price_hour_rel_+02_amount: 10.62100
data_price_hour_abs_16_amount: 10.62100
data_price_hour_rel_+03_amount: 13.86000
data_price_hour_abs_17_amount: 13.86000
data_price_hour_rel_+04_amount: 16.50400
data_price_hour_abs_18_amount: 16.50400
data_price_hour_rel_+05_amount: 17.98900
data_price_hour_abs_19_amount: 17.98900
data_price_hour_rel_+06_amount: 15.47900
data_price_hour_abs_20_amount: 15.47900
data_price_hour_rel_+07_amount: 12.57100
data_price_hour_abs_21_amount: 12.57100
data_price_hour_rel_+08_amount: 12.19100
data_price_hour_abs_22_amount: 12.19100
data_price_hour_rel_+09_amount: 9.97700
data_price_hour_abs_23_amount: 9.97700