date_now: 2026-07-12 15:12:32
date_now_epoch: 1783861952212
date_now_day: 12
date_now_month: 7
date_now_year: 2026
date_start: 2026-07-12 00:00:00
date_end: 2026-07-12 23:59:59
price_low: -1.07100
price_high: 14.49300
price_median: 10.56950
price_average: 7.52275
price_current: -0.59100
price_unit: Cent/kWh
price_threshold_00: -1.07100
price_threshold_01: -1.00600
price_threshold_02: -0.71600
price_threshold_03: -0.59100
price_threshold_04: -0.26900
price_threshold_05: -0.21700
price_threshold_06: -0.00500
price_threshold_07: 0.53900
price_threshold_08: 0.76300
price_threshold_09: 6.21200
price_threshold_10: 9.34300
price_threshold_11: 9.97800
price_threshold_12: 11.16100
price_threshold_13: 11.99200
price_threshold_14: 12.28800
price_threshold_15: 12.51000
price_threshold_16: 12.55700
price_threshold_17: 13.18100
price_threshold_18: 13.18900
price_threshold_19: 13.74400
price_threshold_20: 13.93200
price_threshold_21: 14.09000
price_threshold_22: 14.44900
price_threshold_23: 14.49300
data_price_hour_rel_-15_amount: 13.74400
data_price_hour_abs_00_amount: 13.74400
data_price_hour_rel_-14_amount: 13.18900
data_price_hour_abs_01_amount: 13.18900
data_price_hour_rel_-13_amount: 12.55700
data_price_hour_abs_02_amount: 12.55700
data_price_hour_rel_-12_amount: 12.51000
data_price_hour_abs_03_amount: 12.51000
data_price_hour_rel_-11_amount: 12.28800
data_price_hour_abs_04_amount: 12.28800
data_price_hour_rel_-10_amount: 11.99200
data_price_hour_abs_05_amount: 11.99200
data_price_hour_rel_-09_amount: 11.16100
data_price_hour_abs_06_amount: 11.16100
data_price_hour_rel_-08_amount: 9.97800
data_price_hour_abs_07_amount: 9.97800
data_price_hour_rel_-07_amount: 6.21200
data_price_hour_abs_08_amount: 6.21200
data_price_hour_rel_-06_amount: 0.53900
data_price_hour_abs_09_amount: 0.53900
data_price_hour_rel_-05_amount: -0.00500
data_price_hour_abs_10_amount: -0.00500
data_price_hour_rel_-04_amount: -0.21700
data_price_hour_abs_11_amount: -0.21700
data_price_hour_rel_-03_amount: -0.71600
data_price_hour_abs_12_amount: -0.71600
data_price_hour_rel_-02_amount: -1.07100
data_price_hour_abs_13_amount: -1.07100
data_price_hour_rel_-01_amount: -1.00600
data_price_hour_abs_14_amount: -1.00600
data_price_hour_rel_+00_amount: -0.59100
data_price_hour_abs_15_amount: -0.59100
data_price_hour_rel_+01_amount: -0.26900
data_price_hour_abs_16_amount: -0.26900
data_price_hour_rel_+02_amount: 0.76300
data_price_hour_abs_17_amount: 0.76300
data_price_hour_rel_+03_amount: 9.34300
data_price_hour_abs_18_amount: 9.34300
data_price_hour_rel_+04_amount: 13.18100
data_price_hour_abs_19_amount: 13.18100
data_price_hour_rel_+05_amount: 14.09000
data_price_hour_abs_20_amount: 14.09000
data_price_hour_rel_+06_amount: 14.44900
data_price_hour_abs_21_amount: 14.44900
data_price_hour_rel_+07_amount: 14.49300
data_price_hour_abs_22_amount: 14.49300
data_price_hour_rel_+08_amount: 13.93200
data_price_hour_abs_23_amount: 13.93200