date_now: 2026-04-18 14:56:12
date_now_epoch: 1776516972435
date_now_day: 18
date_now_month: 4
date_now_year: 2026
date_start: 2026-04-18 00:00:00
date_end: 2026-04-18 23:59:59
price_low: -0.40800
price_high: 14.48900
price_median: 10.82850
price_average: 8.45888
price_current: -0.01000
price_unit: Cent/kWh
price_threshold_00: -0.40800
price_threshold_01: -0.33800
price_threshold_02: -0.01000
price_threshold_03: 0.39400
price_threshold_04: 1.89000
price_threshold_05: 3.95700
price_threshold_06: 4.48900
price_threshold_07: 7.51300
price_threshold_08: 9.08100
price_threshold_09: 9.22900
price_threshold_10: 10.57400
price_threshold_11: 10.77000
price_threshold_12: 10.88700
price_threshold_13: 10.96600
price_threshold_14: 11.08300
price_threshold_15: 11.08800
price_threshold_16: 11.09100
price_threshold_17: 11.62500
price_threshold_18: 11.96000
price_threshold_19: 12.50000
price_threshold_20: 12.99900
price_threshold_21: 13.15400
price_threshold_22: 14.03000
price_threshold_23: 14.48900
data_price_hour_rel_-14_amount: 11.62500
data_price_hour_abs_00_amount: 11.62500
data_price_hour_rel_-13_amount: 11.08800
data_price_hour_abs_01_amount: 11.08800
data_price_hour_rel_-12_amount: 10.96600
data_price_hour_abs_02_amount: 10.96600
data_price_hour_rel_-11_amount: 10.77000
data_price_hour_abs_03_amount: 10.77000
data_price_hour_rel_-10_amount: 10.88700
data_price_hour_abs_04_amount: 10.88700
data_price_hour_rel_-09_amount: 11.09100
data_price_hour_abs_05_amount: 11.09100
data_price_hour_rel_-08_amount: 11.08300
data_price_hour_abs_06_amount: 11.08300
data_price_hour_rel_-07_amount: 10.57400
data_price_hour_abs_07_amount: 10.57400
data_price_hour_rel_-06_amount: 9.22900
data_price_hour_abs_08_amount: 9.22900
data_price_hour_rel_-05_amount: 7.51300
data_price_hour_abs_09_amount: 7.51300
data_price_hour_rel_-04_amount: 3.95700
data_price_hour_abs_10_amount: 3.95700
data_price_hour_rel_-03_amount: 0.39400
data_price_hour_abs_11_amount: 0.39400
data_price_hour_rel_-02_amount: -0.33800
data_price_hour_abs_12_amount: -0.33800
data_price_hour_rel_-01_amount: -0.40800
data_price_hour_abs_13_amount: -0.40800
data_price_hour_rel_+00_amount: -0.01000
data_price_hour_abs_14_amount: -0.01000
data_price_hour_rel_+01_amount: 1.89000
data_price_hour_abs_15_amount: 1.89000
data_price_hour_rel_+02_amount: 4.48900
data_price_hour_abs_16_amount: 4.48900
data_price_hour_rel_+03_amount: 9.08100
data_price_hour_abs_17_amount: 9.08100
data_price_hour_rel_+04_amount: 11.96000
data_price_hour_abs_18_amount: 11.96000
data_price_hour_rel_+05_amount: 13.15400
data_price_hour_abs_19_amount: 13.15400
data_price_hour_rel_+06_amount: 14.48900
data_price_hour_abs_20_amount: 14.48900
data_price_hour_rel_+07_amount: 14.03000
data_price_hour_abs_21_amount: 14.03000
data_price_hour_rel_+08_amount: 12.99900
data_price_hour_abs_22_amount: 12.99900
data_price_hour_rel_+09_amount: 12.50000
data_price_hour_abs_23_amount: 12.50000