date_now: 2026-03-10 13:54:16
date_now_epoch: 1773147256291
date_now_day: 10
date_now_month: 3
date_now_year: 2026
date_start: 2026-03-10 00:00:00
date_end: 2026-03-10 23:59:59
price_low: 9.14400
price_high: 21.82300
price_median: 13.45100
price_average: 13.99225
price_current: 9.70400
price_unit: Cent/kWh
price_threshold_00: 9.14400
price_threshold_01: 9.70400
price_threshold_02: 9.85800
price_threshold_03: 10.37900
price_threshold_04: 10.71700
price_threshold_05: 11.82500
price_threshold_06: 12.14900
price_threshold_07: 12.32600
price_threshold_08: 12.69000
price_threshold_09: 12.76100
price_threshold_10: 12.84800
price_threshold_11: 13.04400
price_threshold_12: 13.85800
price_threshold_13: 13.99700
price_threshold_14: 14.05400
price_threshold_15: 14.07100
price_threshold_16: 14.43900
price_threshold_17: 15.95500
price_threshold_18: 16.81000
price_threshold_19: 17.33200
price_threshold_20: 17.90000
price_threshold_21: 18.01700
price_threshold_22: 20.11300
price_threshold_23: 21.82300
data_price_hour_rel_-13_amount: 13.85800
data_price_hour_abs_00_amount: 13.85800
data_price_hour_rel_-12_amount: 13.04400
data_price_hour_abs_01_amount: 13.04400
data_price_hour_rel_-11_amount: 12.76100
data_price_hour_abs_02_amount: 12.76100
data_price_hour_rel_-10_amount: 12.69000
data_price_hour_abs_03_amount: 12.69000
data_price_hour_rel_-09_amount: 12.84800
data_price_hour_abs_04_amount: 12.84800
data_price_hour_rel_-08_amount: 14.07100
data_price_hour_abs_05_amount: 14.07100
data_price_hour_rel_-07_amount: 16.81000
data_price_hour_abs_06_amount: 16.81000
data_price_hour_rel_-06_amount: 18.01700
data_price_hour_abs_07_amount: 18.01700
data_price_hour_rel_-05_amount: 17.33200
data_price_hour_abs_08_amount: 17.33200
data_price_hour_rel_-04_amount: 14.05400
data_price_hour_abs_09_amount: 14.05400
data_price_hour_rel_-03_amount: 11.82500
data_price_hour_abs_10_amount: 11.82500
data_price_hour_rel_-02_amount: 10.37900
data_price_hour_abs_11_amount: 10.37900
data_price_hour_rel_-01_amount: 9.14400
data_price_hour_abs_12_amount: 9.14400
data_price_hour_rel_+00_amount: 9.70400
data_price_hour_abs_13_amount: 9.70400
data_price_hour_rel_+01_amount: 10.71700
data_price_hour_abs_14_amount: 10.71700
data_price_hour_rel_+02_amount: 12.14900
data_price_hour_abs_15_amount: 12.14900
data_price_hour_rel_+03_amount: 14.43900
data_price_hour_abs_16_amount: 14.43900
data_price_hour_rel_+04_amount: 17.90000
data_price_hour_abs_17_amount: 17.90000
data_price_hour_rel_+05_amount: 21.82300
data_price_hour_abs_18_amount: 21.82300
data_price_hour_rel_+06_amount: 20.11300
data_price_hour_abs_19_amount: 20.11300
data_price_hour_rel_+07_amount: 15.95500
data_price_hour_abs_20_amount: 15.95500
data_price_hour_rel_+08_amount: 13.99700
data_price_hour_abs_21_amount: 13.99700
data_price_hour_rel_+09_amount: 12.32600
data_price_hour_abs_22_amount: 12.32600
data_price_hour_rel_+10_amount: 9.85800
data_price_hour_abs_23_amount: 9.85800