date_now: 2026-02-24 13:58:54
date_now_epoch: 1771937934543
date_now_day: 24
date_now_month: 2
date_now_year: 2026
date_start: 2026-02-24 00:00:00
date_end: 2026-02-24 23:59:59
price_low: 8.23600
price_high: 18.40500
price_median: 10.79000
price_average: 11.47954
price_current: 9.93000
price_unit: Cent/kWh
price_threshold_00: 8.23600
price_threshold_01: 8.39600
price_threshold_02: 8.59800
price_threshold_03: 8.64500
price_threshold_04: 8.82100
price_threshold_05: 9.39000
price_threshold_06: 9.41700
price_threshold_07: 9.50100
price_threshold_08: 9.93000
price_threshold_09: 10.01900
price_threshold_10: 10.17100
price_threshold_11: 10.70700
price_threshold_12: 10.87300
price_threshold_13: 11.11200
price_threshold_14: 11.14000
price_threshold_15: 11.89600
price_threshold_16: 12.58100
price_threshold_17: 12.87700
price_threshold_18: 13.31000
price_threshold_19: 14.07200
price_threshold_20: 14.44200
price_threshold_21: 14.74800
price_threshold_22: 18.22200
price_threshold_23: 18.40500
data_price_hour_rel_-13_amount: 8.23600
data_price_hour_abs_00_amount: 8.23600
data_price_hour_rel_-12_amount: 8.39600
data_price_hour_abs_01_amount: 8.39600
data_price_hour_rel_-11_amount: 8.59800
data_price_hour_abs_02_amount: 8.59800
data_price_hour_rel_-10_amount: 8.64500
data_price_hour_abs_03_amount: 8.64500
data_price_hour_rel_-09_amount: 8.82100
data_price_hour_abs_04_amount: 8.82100
data_price_hour_rel_-08_amount: 9.41700
data_price_hour_abs_05_amount: 9.41700
data_price_hour_rel_-07_amount: 11.11200
data_price_hour_abs_06_amount: 11.11200
data_price_hour_rel_-06_amount: 13.31000
data_price_hour_abs_07_amount: 13.31000
data_price_hour_rel_-05_amount: 14.74800
data_price_hour_abs_08_amount: 14.74800
data_price_hour_rel_-04_amount: 14.07200
data_price_hour_abs_09_amount: 14.07200
data_price_hour_rel_-03_amount: 12.87700
data_price_hour_abs_10_amount: 12.87700
data_price_hour_rel_-02_amount: 11.14000
data_price_hour_abs_11_amount: 11.14000
data_price_hour_rel_-01_amount: 10.01900
data_price_hour_abs_12_amount: 10.01900
data_price_hour_rel_+00_amount: 9.93000
data_price_hour_abs_13_amount: 9.93000
data_price_hour_rel_+01_amount: 9.50100
data_price_hour_abs_14_amount: 9.50100
data_price_hour_rel_+02_amount: 10.70700
data_price_hour_abs_15_amount: 10.70700
data_price_hour_rel_+03_amount: 12.58100
data_price_hour_abs_16_amount: 12.58100
data_price_hour_rel_+04_amount: 18.22200
data_price_hour_abs_17_amount: 18.22200
data_price_hour_rel_+05_amount: 18.40500
data_price_hour_abs_18_amount: 18.40500
data_price_hour_rel_+06_amount: 14.44200
data_price_hour_abs_19_amount: 14.44200
data_price_hour_rel_+07_amount: 11.89600
data_price_hour_abs_20_amount: 11.89600
data_price_hour_rel_+08_amount: 10.87300
data_price_hour_abs_21_amount: 10.87300
data_price_hour_rel_+09_amount: 10.17100
data_price_hour_abs_22_amount: 10.17100
data_price_hour_rel_+10_amount: 9.39000
data_price_hour_abs_23_amount: 9.39000