date_now: 2026-04-29 15:48:35
date_now_epoch: 1777470515849
date_now_day: 29
date_now_month: 4
date_now_year: 2026
date_start: 2026-04-29 00:00:00
date_end: 2026-04-29 23:59:59
price_low: -6.03600
price_high: 14.55900
price_median: 9.80650
price_average: 6.53592
price_current: -3.62200
price_unit: Cent/kWh
price_threshold_00: -6.03600
price_threshold_01: -5.54300
price_threshold_02: -3.62200
price_threshold_03: -3.37700
price_threshold_04: -1.15700
price_threshold_05: -1.12500
price_threshold_06: -0.10800
price_threshold_07: 1.96500
price_threshold_08: 6.64200
price_threshold_09: 9.11500
price_threshold_10: 9.67300
price_threshold_11: 9.79200
price_threshold_12: 9.82100
price_threshold_13: 9.85300
price_threshold_14: 10.06500
price_threshold_15: 10.51000
price_threshold_16: 10.79100
price_threshold_17: 11.23700
price_threshold_18: 11.56600
price_threshold_19: 12.58100
price_threshold_20: 12.68500
price_threshold_21: 12.99500
price_threshold_22: 13.98000
price_threshold_23: 14.55900
data_price_hour_rel_-15_amount: 9.82100
data_price_hour_abs_00_amount: 9.82100
data_price_hour_rel_-14_amount: 9.67300
data_price_hour_abs_01_amount: 9.67300
data_price_hour_rel_-13_amount: 9.79200
data_price_hour_abs_02_amount: 9.79200
data_price_hour_rel_-12_amount: 9.85300
data_price_hour_abs_03_amount: 9.85300
data_price_hour_rel_-11_amount: 10.06500
data_price_hour_abs_04_amount: 10.06500
data_price_hour_rel_-10_amount: 10.79100
data_price_hour_abs_05_amount: 10.79100
data_price_hour_rel_-09_amount: 13.98000
data_price_hour_abs_06_amount: 13.98000
data_price_hour_rel_-08_amount: 12.68500
data_price_hour_abs_07_amount: 12.68500
data_price_hour_rel_-07_amount: 11.23700
data_price_hour_abs_08_amount: 11.23700
data_price_hour_rel_-06_amount: 6.64200
data_price_hour_abs_09_amount: 6.64200
data_price_hour_rel_-05_amount: -0.10800
data_price_hour_abs_10_amount: -0.10800
data_price_hour_rel_-04_amount: -1.15700
data_price_hour_abs_11_amount: -1.15700
data_price_hour_rel_-03_amount: -3.37700
data_price_hour_abs_12_amount: -3.37700
data_price_hour_rel_-02_amount: -6.03600
data_price_hour_abs_13_amount: -6.03600
data_price_hour_rel_-01_amount: -5.54300
data_price_hour_abs_14_amount: -5.54300
data_price_hour_rel_+00_amount: -3.62200
data_price_hour_abs_15_amount: -3.62200
data_price_hour_rel_+01_amount: -1.12500
data_price_hour_abs_16_amount: -1.12500
data_price_hour_rel_+02_amount: 1.96500
data_price_hour_abs_17_amount: 1.96500
data_price_hour_rel_+03_amount: 9.11500
data_price_hour_abs_18_amount: 9.11500
data_price_hour_rel_+04_amount: 12.58100
data_price_hour_abs_19_amount: 12.58100
data_price_hour_rel_+05_amount: 14.55900
data_price_hour_abs_20_amount: 14.55900
data_price_hour_rel_+06_amount: 12.99500
data_price_hour_abs_21_amount: 12.99500
data_price_hour_rel_+07_amount: 11.56600
data_price_hour_abs_22_amount: 11.56600
data_price_hour_rel_+08_amount: 10.51000
data_price_hour_abs_23_amount: 10.51000