date_now: 2026-03-15 13:45:39
date_now_epoch: 1773578739761
date_now_day: 15
date_now_month: 3
date_now_year: 2026
date_start: 2026-03-15 00:00:00
date_end: 2026-03-15 23:59:59
price_low: 3.64600
price_high: 14.91200
price_median: 10.87900
price_average: 10.03000
price_current: 3.64600
price_unit: Cent/kWh
price_threshold_00: 3.64600
price_threshold_01: 3.72000
price_threshold_02: 5.29700
price_threshold_03: 6.30800
price_threshold_04: 6.40200
price_threshold_05: 7.22100
price_threshold_06: 8.28600
price_threshold_07: 8.73100
price_threshold_08: 8.92500
price_threshold_09: 9.18800
price_threshold_10: 9.47700
price_threshold_11: 10.84800
price_threshold_12: 10.91000
price_threshold_13: 11.84600
price_threshold_14: 12.21800
price_threshold_15: 12.35300
price_threshold_16: 12.41200
price_threshold_17: 12.43900
price_threshold_18: 12.49600
price_threshold_19: 12.79100
price_threshold_20: 13.18700
price_threshold_21: 13.37300
price_threshold_22: 13.73400
price_threshold_23: 14.91200
data_price_hour_rel_-13_amount: 13.73400
data_price_hour_abs_00_amount: 13.73400
data_price_hour_rel_-12_amount: 13.37300
data_price_hour_abs_01_amount: 13.37300
data_price_hour_rel_-11_amount: 12.49600
data_price_hour_abs_02_amount: 12.49600
data_price_hour_rel_-10_amount: 12.35300
data_price_hour_abs_03_amount: 12.35300
data_price_hour_rel_-09_amount: 12.21800
data_price_hour_abs_04_amount: 12.21800
data_price_hour_rel_-08_amount: 12.41200
data_price_hour_abs_05_amount: 12.41200
data_price_hour_rel_-07_amount: 12.43900
data_price_hour_abs_06_amount: 12.43900
data_price_hour_rel_-06_amount: 11.84600
data_price_hour_abs_07_amount: 11.84600
data_price_hour_rel_-05_amount: 10.91000
data_price_hour_abs_08_amount: 10.91000
data_price_hour_rel_-04_amount: 9.47700
data_price_hour_abs_09_amount: 9.47700
data_price_hour_rel_-03_amount: 8.73100
data_price_hour_abs_10_amount: 8.73100
data_price_hour_rel_-02_amount: 7.22100
data_price_hour_abs_11_amount: 7.22100
data_price_hour_rel_-01_amount: 5.29700
data_price_hour_abs_12_amount: 5.29700
data_price_hour_rel_+00_amount: 3.64600
data_price_hour_abs_13_amount: 3.64600
data_price_hour_rel_+01_amount: 3.72000
data_price_hour_abs_14_amount: 3.72000
data_price_hour_rel_+02_amount: 6.30800
data_price_hour_abs_15_amount: 6.30800
data_price_hour_rel_+03_amount: 8.92500
data_price_hour_abs_16_amount: 8.92500
data_price_hour_rel_+04_amount: 12.79100
data_price_hour_abs_17_amount: 12.79100
data_price_hour_rel_+05_amount: 14.91200
data_price_hour_abs_18_amount: 14.91200
data_price_hour_rel_+06_amount: 13.18700
data_price_hour_abs_19_amount: 13.18700
data_price_hour_rel_+07_amount: 10.84800
data_price_hour_abs_20_amount: 10.84800
data_price_hour_rel_+08_amount: 9.18800
data_price_hour_abs_21_amount: 9.18800
data_price_hour_rel_+09_amount: 8.28600
data_price_hour_abs_22_amount: 8.28600
data_price_hour_rel_+10_amount: 6.40200
data_price_hour_abs_23_amount: 6.40200