date_now: 2026-02-20 13:52:33
date_now_epoch: 1771591953224
date_now_day: 20
date_now_month: 2
date_now_year: 2026
date_start: 2026-02-20 00:00:00
date_end: 2026-02-20 23:59:59
price_low: 4.68100
price_high: 11.61400
price_median: 8.51600
price_average: 8.69996
price_current: 7.96000
price_unit: Cent/kWh
price_threshold_00: 4.68100
price_threshold_01: 6.46400
price_threshold_02: 6.80000
price_threshold_03: 7.87200
price_threshold_04: 7.96000
price_threshold_05: 7.99600
price_threshold_06: 8.10100
price_threshold_07: 8.29900
price_threshold_08: 8.34700
price_threshold_09: 8.36800
price_threshold_10: 8.44200
price_threshold_11: 8.48800
price_threshold_12: 8.54400
price_threshold_13: 8.59300
price_threshold_14: 8.60600
price_threshold_15: 9.02700
price_threshold_16: 9.11000
price_threshold_17: 9.18600
price_threshold_18: 9.37800
price_threshold_19: 10.14400
price_threshold_20: 10.48300
price_threshold_21: 10.91800
price_threshold_22: 11.37800
price_threshold_23: 11.61400
data_price_hour_rel_-13_amount: 8.60600
data_price_hour_abs_00_amount: 8.60600
data_price_hour_rel_-12_amount: 8.59300
data_price_hour_abs_01_amount: 8.59300
data_price_hour_rel_-11_amount: 8.54400
data_price_hour_abs_02_amount: 8.54400
data_price_hour_rel_-10_amount: 8.48800
data_price_hour_abs_03_amount: 8.48800
data_price_hour_rel_-09_amount: 8.44200
data_price_hour_abs_04_amount: 8.44200
data_price_hour_rel_-08_amount: 9.02700
data_price_hour_abs_05_amount: 9.02700
data_price_hour_rel_-07_amount: 10.48300
data_price_hour_abs_06_amount: 10.48300
data_price_hour_rel_-06_amount: 11.37800
data_price_hour_abs_07_amount: 11.37800
data_price_hour_rel_-05_amount: 11.61400
data_price_hour_abs_08_amount: 11.61400
data_price_hour_rel_-04_amount: 10.91800
data_price_hour_abs_09_amount: 10.91800
data_price_hour_rel_-03_amount: 9.11000
data_price_hour_abs_10_amount: 9.11000
data_price_hour_rel_-02_amount: 8.36800
data_price_hour_abs_11_amount: 8.36800
data_price_hour_rel_-01_amount: 8.10100
data_price_hour_abs_12_amount: 8.10100
data_price_hour_rel_+00_amount: 7.96000
data_price_hour_abs_13_amount: 7.96000
data_price_hour_rel_+01_amount: 7.99600
data_price_hour_abs_14_amount: 7.99600
data_price_hour_rel_+02_amount: 8.34700
data_price_hour_abs_15_amount: 8.34700
data_price_hour_rel_+03_amount: 9.18600
data_price_hour_abs_16_amount: 9.18600
data_price_hour_rel_+04_amount: 10.14400
data_price_hour_abs_17_amount: 10.14400
data_price_hour_rel_+05_amount: 9.37800
data_price_hour_abs_18_amount: 9.37800
data_price_hour_rel_+06_amount: 8.29900
data_price_hour_abs_19_amount: 8.29900
data_price_hour_rel_+07_amount: 7.87200
data_price_hour_abs_20_amount: 7.87200
data_price_hour_rel_+08_amount: 6.80000
data_price_hour_abs_21_amount: 6.80000
data_price_hour_rel_+09_amount: 6.46400
data_price_hour_abs_22_amount: 6.46400
data_price_hour_rel_+10_amount: 4.68100
data_price_hour_abs_23_amount: 4.68100