date_now: 2026-03-12 13:53:35
date_now_epoch: 1773320015578
date_now_day: 12
date_now_month: 3
date_now_year: 2026
date_start: 2026-03-12 00:00:00
date_end: 2026-03-12 23:59:59
price_low: -0.24900
price_high: 13.71400
price_median: 8.75900
price_average: 6.90471
price_current: -0.24900
price_unit: Cent/kWh
price_threshold_00: -0.24900
price_threshold_01: -0.10900
price_threshold_02: -0.09000
price_threshold_03: 0.03400
price_threshold_04: 0.36000
price_threshold_05: 1.79000
price_threshold_06: 2.84800
price_threshold_07: 5.11700
price_threshold_08: 6.25600
price_threshold_09: 6.97900
price_threshold_10: 8.00000
price_threshold_11: 8.65700
price_threshold_12: 8.86100
price_threshold_13: 8.88100
price_threshold_14: 8.96600
price_threshold_15: 9.20400
price_threshold_16: 9.98200
price_threshold_17: 10.01900
price_threshold_18: 10.48100
price_threshold_19: 10.60000
price_threshold_20: 10.85800
price_threshold_21: 11.48700
price_threshold_22: 13.06700
price_threshold_23: 13.71400
data_price_hour_rel_-13_amount: 10.01900
data_price_hour_abs_00_amount: 10.01900
data_price_hour_rel_-12_amount: 9.20400
data_price_hour_abs_01_amount: 9.20400
data_price_hour_rel_-11_amount: 8.88100
data_price_hour_abs_02_amount: 8.88100
data_price_hour_rel_-10_amount: 8.86100
data_price_hour_abs_03_amount: 8.86100
data_price_hour_rel_-09_amount: 8.96600
data_price_hour_abs_04_amount: 8.96600
data_price_hour_rel_-08_amount: 9.98200
data_price_hour_abs_05_amount: 9.98200
data_price_hour_rel_-07_amount: 13.06700
data_price_hour_abs_06_amount: 13.06700
data_price_hour_rel_-06_amount: 13.71400
data_price_hour_abs_07_amount: 13.71400
data_price_hour_rel_-05_amount: 10.48100
data_price_hour_abs_08_amount: 10.48100
data_price_hour_rel_-04_amount: 8.00000
data_price_hour_abs_09_amount: 8.00000
data_price_hour_rel_-03_amount: 2.84800
data_price_hour_abs_10_amount: 2.84800
data_price_hour_rel_-02_amount: 0.03400
data_price_hour_abs_11_amount: 0.03400
data_price_hour_rel_-01_amount: -0.10900
data_price_hour_abs_12_amount: -0.10900
data_price_hour_rel_+00_amount: -0.24900
data_price_hour_abs_13_amount: -0.24900
data_price_hour_rel_+01_amount: -0.09000
data_price_hour_abs_14_amount: -0.09000
data_price_hour_rel_+02_amount: 0.36000
data_price_hour_abs_15_amount: 0.36000
data_price_hour_rel_+03_amount: 5.11700
data_price_hour_abs_16_amount: 5.11700
data_price_hour_rel_+04_amount: 10.85800
data_price_hour_abs_17_amount: 10.85800
data_price_hour_rel_+05_amount: 11.48700
data_price_hour_abs_18_amount: 11.48700
data_price_hour_rel_+06_amount: 10.60000
data_price_hour_abs_19_amount: 10.60000
data_price_hour_rel_+07_amount: 8.65700
data_price_hour_abs_20_amount: 8.65700
data_price_hour_rel_+08_amount: 6.97900
data_price_hour_abs_21_amount: 6.97900
data_price_hour_rel_+09_amount: 6.25600
data_price_hour_abs_22_amount: 6.25600
data_price_hour_rel_+10_amount: 1.79000
data_price_hour_abs_23_amount: 1.79000