date_now: 2026-05-04 15:51:29
date_now_epoch: 1777902689386
date_now_day: 4
date_now_month: 5
date_now_year: 2026
date_start: 2026-05-04 00:00:00
date_end: 2026-05-04 23:59:59
price_low: 6.94100
price_high: 26.68400
price_median: 11.54950
price_average: 13.10646
price_current: 9.40000
price_unit: Cent/kWh
price_threshold_00: 6.94100
price_threshold_01: 7.50700
price_threshold_02: 8.10800
price_threshold_03: 9.31000
price_threshold_04: 9.40000
price_threshold_05: 9.99900
price_threshold_06: 10.63500
price_threshold_07: 10.79700
price_threshold_08: 10.84100
price_threshold_09: 10.99100
price_threshold_10: 11.05600
price_threshold_11: 11.36300
price_threshold_12: 11.73600
price_threshold_13: 12.88800
price_threshold_14: 12.89900
price_threshold_15: 13.46000
price_threshold_16: 13.72000
price_threshold_17: 14.95500
price_threshold_18: 15.12700
price_threshold_19: 15.30500
price_threshold_20: 16.90000
price_threshold_21: 19.43000
price_threshold_22: 24.50300
price_threshold_23: 26.68400
data_price_hour_rel_-15_amount: 11.73600
data_price_hour_abs_00_amount: 11.73600
data_price_hour_rel_-14_amount: 10.84100
data_price_hour_abs_01_amount: 10.84100
data_price_hour_rel_-13_amount: 11.05600
data_price_hour_abs_02_amount: 11.05600
data_price_hour_rel_-12_amount: 10.63500
data_price_hour_abs_03_amount: 10.63500
data_price_hour_rel_-11_amount: 10.99100
data_price_hour_abs_04_amount: 10.99100
data_price_hour_rel_-10_amount: 12.88800
data_price_hour_abs_05_amount: 12.88800
data_price_hour_rel_-09_amount: 14.95500
data_price_hour_abs_06_amount: 14.95500
data_price_hour_rel_-08_amount: 15.12700
data_price_hour_abs_07_amount: 15.12700
data_price_hour_rel_-07_amount: 13.46000
data_price_hour_abs_08_amount: 13.46000
data_price_hour_rel_-06_amount: 11.36300
data_price_hour_abs_09_amount: 11.36300
data_price_hour_rel_-05_amount: 9.99900
data_price_hour_abs_10_amount: 9.99900
data_price_hour_rel_-04_amount: 9.31000
data_price_hour_abs_11_amount: 9.31000
data_price_hour_rel_-03_amount: 7.50700
data_price_hour_abs_12_amount: 7.50700
data_price_hour_rel_-02_amount: 6.94100
data_price_hour_abs_13_amount: 6.94100
data_price_hour_rel_-01_amount: 8.10800
data_price_hour_abs_14_amount: 8.10800
data_price_hour_rel_+00_amount: 9.40000
data_price_hour_abs_15_amount: 9.40000
data_price_hour_rel_+01_amount: 10.79700
data_price_hour_abs_16_amount: 10.79700
data_price_hour_rel_+02_amount: 12.89900
data_price_hour_abs_17_amount: 12.89900
data_price_hour_rel_+03_amount: 16.90000
data_price_hour_abs_18_amount: 16.90000
data_price_hour_rel_+04_amount: 24.50300
data_price_hour_abs_19_amount: 24.50300
data_price_hour_rel_+05_amount: 26.68400
data_price_hour_abs_20_amount: 26.68400
data_price_hour_rel_+06_amount: 19.43000
data_price_hour_abs_21_amount: 19.43000
data_price_hour_rel_+07_amount: 15.30500
data_price_hour_abs_22_amount: 15.30500
data_price_hour_rel_+08_amount: 13.72000
data_price_hour_abs_23_amount: 13.72000