date_now: 2026-06-03 18:41:35
date_now_epoch: 1780504895323
date_now_day: 3
date_now_month: 6
date_now_year: 2026
date_start: 2026-06-03 00:00:00
date_end: 2026-06-03 23:59:59
price_low: 3.78300
price_high: 14.62400
price_median: 10.99600
price_average: 10.26367
price_current: 12.21900
price_unit: Cent/kWh
price_threshold_00: 3.78300
price_threshold_01: 3.80400
price_threshold_02: 4.71000
price_threshold_03: 5.81700
price_threshold_04: 7.69000
price_threshold_05: 8.02500
price_threshold_06: 9.40900
price_threshold_07: 9.55300
price_threshold_08: 9.94100
price_threshold_09: 10.71900
price_threshold_10: 10.73000
price_threshold_11: 10.80200
price_threshold_12: 11.19000
price_threshold_13: 11.21500
price_threshold_14: 11.32800
price_threshold_15: 11.63000
price_threshold_16: 12.09500
price_threshold_17: 12.21900
price_threshold_18: 13.07400
price_threshold_19: 13.10800
price_threshold_20: 13.34200
price_threshold_21: 13.68300
price_threshold_22: 13.83700
price_threshold_23: 14.62400
data_price_hour_rel_-18_amount: 11.63000
data_price_hour_abs_00_amount: 11.63000
data_price_hour_rel_-17_amount: 11.19000
data_price_hour_abs_01_amount: 11.19000
data_price_hour_rel_-16_amount: 10.80200
data_price_hour_abs_02_amount: 10.80200
data_price_hour_rel_-15_amount: 10.73000
data_price_hour_abs_03_amount: 10.73000
data_price_hour_rel_-14_amount: 10.71900
data_price_hour_abs_04_amount: 10.71900
data_price_hour_rel_-13_amount: 11.32800
data_price_hour_abs_05_amount: 11.32800
data_price_hour_rel_-12_amount: 13.07400
data_price_hour_abs_06_amount: 13.07400
data_price_hour_rel_-11_amount: 13.68300
data_price_hour_abs_07_amount: 13.68300
data_price_hour_rel_-10_amount: 13.10800
data_price_hour_abs_08_amount: 13.10800
data_price_hour_rel_-09_amount: 11.21500
data_price_hour_abs_09_amount: 11.21500
data_price_hour_rel_-08_amount: 9.40900
data_price_hour_abs_10_amount: 9.40900
data_price_hour_rel_-07_amount: 8.02500
data_price_hour_abs_11_amount: 8.02500
data_price_hour_rel_-06_amount: 5.81700
data_price_hour_abs_12_amount: 5.81700
data_price_hour_rel_-05_amount: 3.78300
data_price_hour_abs_13_amount: 3.78300
data_price_hour_rel_-04_amount: 3.80400
data_price_hour_abs_14_amount: 3.80400
data_price_hour_rel_-03_amount: 4.71000
data_price_hour_abs_15_amount: 4.71000
data_price_hour_rel_-02_amount: 7.69000
data_price_hour_abs_16_amount: 7.69000
data_price_hour_rel_-01_amount: 9.55300
data_price_hour_abs_17_amount: 9.55300
data_price_hour_rel_+00_amount: 12.21900
data_price_hour_abs_18_amount: 12.21900
data_price_hour_rel_+01_amount: 13.83700
data_price_hour_abs_19_amount: 13.83700
data_price_hour_rel_+02_amount: 14.62400
data_price_hour_abs_20_amount: 14.62400
data_price_hour_rel_+03_amount: 13.34200
data_price_hour_abs_21_amount: 13.34200
data_price_hour_rel_+04_amount: 12.09500
data_price_hour_abs_22_amount: 12.09500
data_price_hour_rel_+05_amount: 9.94100
data_price_hour_abs_23_amount: 9.94100