date_now: 2026-04-26 15:00:09
date_now_epoch: 1777208409142
date_now_day: 26
date_now_month: 4
date_now_year: 2026
date_start: 2026-04-26 00:00:00
date_end: 2026-04-26 23:59:59
price_low: -41.37700
price_high: 15.78200
price_median: 8.33750
price_average: 0.29854
price_current: -23.58900
price_unit: Cent/kWh
price_threshold_00: -41.37700
price_threshold_01: -41.32500
price_threshold_02: -25.99600
price_threshold_03: -23.58900
price_threshold_04: -12.73700
price_threshold_05: -3.73100
price_threshold_06: -2.81900
price_threshold_07: -0.00100
price_threshold_08: 1.11800
price_threshold_09: 5.43100
price_threshold_10: 7.94400
price_threshold_11: 8.31500
price_threshold_12: 8.36000
price_threshold_13: 8.71000
price_threshold_14: 9.04900
price_threshold_15: 9.41500
price_threshold_16: 9.41900
price_threshold_17: 9.86400
price_threshold_18: 11.31000
price_threshold_19: 12.28800
price_threshold_20: 12.64100
price_threshold_21: 14.06500
price_threshold_22: 15.02900
price_threshold_23: 15.78200
data_price_hour_rel_-15_amount: 7.94400
data_price_hour_abs_00_amount: 7.94400
data_price_hour_rel_-14_amount: 8.36000
data_price_hour_abs_01_amount: 8.36000
data_price_hour_rel_-13_amount: 8.71000
data_price_hour_abs_02_amount: 8.71000
data_price_hour_rel_-12_amount: 9.04900
data_price_hour_abs_03_amount: 9.04900
data_price_hour_rel_-11_amount: 9.41500
data_price_hour_abs_04_amount: 9.41500
data_price_hour_rel_-10_amount: 9.86400
data_price_hour_abs_05_amount: 9.86400
data_price_hour_rel_-09_amount: 9.41900
data_price_hour_abs_06_amount: 9.41900
data_price_hour_rel_-08_amount: 8.31500
data_price_hour_abs_07_amount: 8.31500
data_price_hour_rel_-07_amount: 5.43100
data_price_hour_abs_08_amount: 5.43100
data_price_hour_rel_-06_amount: -0.00100
data_price_hour_abs_09_amount: -0.00100
data_price_hour_rel_-05_amount: -2.81900
data_price_hour_abs_10_amount: -2.81900
data_price_hour_rel_-04_amount: -12.73700
data_price_hour_abs_11_amount: -12.73700
data_price_hour_rel_-03_amount: -25.99600
data_price_hour_abs_12_amount: -25.99600
data_price_hour_rel_-02_amount: -41.37700
data_price_hour_abs_13_amount: -41.37700
data_price_hour_rel_-01_amount: -41.32500
data_price_hour_abs_14_amount: -41.32500
data_price_hour_rel_+00_amount: -23.58900
data_price_hour_abs_15_amount: -23.58900
data_price_hour_rel_+01_amount: -3.73100
data_price_hour_abs_16_amount: -3.73100
data_price_hour_rel_+02_amount: 1.11800
data_price_hour_abs_17_amount: 1.11800
data_price_hour_rel_+03_amount: 11.31000
data_price_hour_abs_18_amount: 11.31000
data_price_hour_rel_+04_amount: 15.02900
data_price_hour_abs_19_amount: 15.02900
data_price_hour_rel_+05_amount: 15.78200
data_price_hour_abs_20_amount: 15.78200
data_price_hour_rel_+06_amount: 14.06500
data_price_hour_abs_21_amount: 14.06500
data_price_hour_rel_+07_amount: 12.64100
data_price_hour_abs_22_amount: 12.64100
data_price_hour_rel_+08_amount: 12.28800
data_price_hour_abs_23_amount: 12.28800