date_now: 2026-03-01 13:41:26
date_now_epoch: 1772368886338
date_now_day: 1
date_now_month: 3
date_now_year: 2026
date_start: 2026-03-01 00:00:00
date_end: 2026-03-01 23:59:59
price_low: -0.07900
price_high: 11.02000
price_median: 5.90800
price_average: 5.29350
price_current: -0.07900
price_unit: Cent/kWh
price_threshold_00: -0.07900
price_threshold_01: -0.03700
price_threshold_02: -0.00300
price_threshold_03: -0.00100
price_threshold_04: 0.00000
price_threshold_05: 1.99800
price_threshold_06: 2.59500
price_threshold_07: 4.76500
price_threshold_08: 5.15500
price_threshold_09: 5.25400
price_threshold_10: 5.42500
price_threshold_11: 5.70700
price_threshold_12: 6.10900
price_threshold_13: 6.50000
price_threshold_14: 6.51800
price_threshold_15: 6.60100
price_threshold_16: 6.81500
price_threshold_17: 7.46700
price_threshold_18: 7.48400
price_threshold_19: 8.13200
price_threshold_20: 9.07400
price_threshold_21: 10.16900
price_threshold_22: 10.37600
price_threshold_23: 11.02000
data_price_hour_rel_-13_amount: 4.76500
data_price_hour_abs_00_amount: 4.76500
data_price_hour_rel_-12_amount: 5.15500
data_price_hour_abs_01_amount: 5.15500
data_price_hour_rel_-11_amount: 5.42500
data_price_hour_abs_02_amount: 5.42500
data_price_hour_rel_-10_amount: 5.70700
data_price_hour_abs_03_amount: 5.70700
data_price_hour_rel_-09_amount: 6.10900
data_price_hour_abs_04_amount: 6.10900
data_price_hour_rel_-08_amount: 6.51800
data_price_hour_abs_05_amount: 6.51800
data_price_hour_rel_-07_amount: 6.60100
data_price_hour_abs_06_amount: 6.60100
data_price_hour_rel_-06_amount: 6.50000
data_price_hour_abs_07_amount: 6.50000
data_price_hour_rel_-05_amount: 5.25400
data_price_hour_abs_08_amount: 5.25400
data_price_hour_rel_-04_amount: 1.99800
data_price_hour_abs_09_amount: 1.99800
data_price_hour_rel_-03_amount: 0.00000
data_price_hour_abs_10_amount: 0.00000
data_price_hour_rel_-02_amount: -0.00300
data_price_hour_abs_11_amount: -0.00300
data_price_hour_rel_-01_amount: -0.03700
data_price_hour_abs_12_amount: -0.03700
data_price_hour_rel_+00_amount: -0.07900
data_price_hour_abs_13_amount: -0.07900
data_price_hour_rel_+01_amount: -0.00100
data_price_hour_abs_14_amount: -0.00100
data_price_hour_rel_+02_amount: 2.59500
data_price_hour_abs_15_amount: 2.59500
data_price_hour_rel_+03_amount: 7.48400
data_price_hour_abs_16_amount: 7.48400
data_price_hour_rel_+04_amount: 10.37600
data_price_hour_abs_17_amount: 10.37600
data_price_hour_rel_+05_amount: 11.02000
data_price_hour_abs_18_amount: 11.02000
data_price_hour_rel_+06_amount: 10.16900
data_price_hour_abs_19_amount: 10.16900
data_price_hour_rel_+07_amount: 9.07400
data_price_hour_abs_20_amount: 9.07400
data_price_hour_rel_+08_amount: 8.13200
data_price_hour_abs_21_amount: 8.13200
data_price_hour_rel_+09_amount: 7.46700
data_price_hour_abs_22_amount: 7.46700
data_price_hour_rel_+10_amount: 6.81500
data_price_hour_abs_23_amount: 6.81500