date_now: 2026-01-12 13:40:54
date_now_epoch: 1768221654643
date_now_day: 12
date_now_month: 1
date_now_year: 2026
date_start: 2026-01-12 00:00:00
date_end: 2026-01-12 23:59:59
price_low: 7.65900
price_high: 13.27600
price_median: 10.01050
price_average: 10.43500
price_current: 13.27600
price_unit: Cent/kWh
price_threshold_00: 7.65900
price_threshold_01: 7.73100
price_threshold_02: 7.90400
price_threshold_03: 8.01600
price_threshold_04: 8.11900
price_threshold_05: 8.12600
price_threshold_06: 8.60500
price_threshold_07: 8.69200
price_threshold_08: 9.18000
price_threshold_09: 9.21700
price_threshold_10: 9.34800
price_threshold_11: 9.78700
price_threshold_12: 10.23400
price_threshold_13: 11.56200
price_threshold_14: 11.65000
price_threshold_15: 11.95800
price_threshold_16: 11.96000
price_threshold_17: 12.44000
price_threshold_18: 12.83700
price_threshold_19: 12.98500
price_threshold_20: 12.98700
price_threshold_21: 12.99600
price_threshold_22: 13.17100
price_threshold_23: 13.27600
data_price_hour_rel_-13_amount: 8.12600
data_price_hour_abs_00_amount: 8.12600
data_price_hour_rel_-12_amount: 8.11900
data_price_hour_abs_01_amount: 8.11900
data_price_hour_rel_-11_amount: 7.90400
data_price_hour_abs_02_amount: 7.90400
data_price_hour_rel_-10_amount: 7.73100
data_price_hour_abs_03_amount: 7.73100
data_price_hour_rel_-09_amount: 7.65900
data_price_hour_abs_04_amount: 7.65900
data_price_hour_rel_-08_amount: 8.01600
data_price_hour_abs_05_amount: 8.01600
data_price_hour_rel_-07_amount: 8.69200
data_price_hour_abs_06_amount: 8.69200
data_price_hour_rel_-06_amount: 9.78700
data_price_hour_abs_07_amount: 9.78700
data_price_hour_rel_-05_amount: 11.56200
data_price_hour_abs_08_amount: 11.56200
data_price_hour_rel_-04_amount: 12.98500
data_price_hour_abs_09_amount: 12.98500
data_price_hour_rel_-03_amount: 12.44000
data_price_hour_abs_10_amount: 12.44000
data_price_hour_rel_-02_amount: 12.98700
data_price_hour_abs_11_amount: 12.98700
data_price_hour_rel_-01_amount: 12.99600
data_price_hour_abs_12_amount: 12.99600
data_price_hour_rel_+00_amount: 13.27600
data_price_hour_abs_13_amount: 13.27600
data_price_hour_rel_+01_amount: 12.83700
data_price_hour_abs_14_amount: 12.83700
data_price_hour_rel_+02_amount: 13.17100
data_price_hour_abs_15_amount: 13.17100
data_price_hour_rel_+03_amount: 11.95800
data_price_hour_abs_16_amount: 11.95800
data_price_hour_rel_+04_amount: 11.96000
data_price_hour_abs_17_amount: 11.96000
data_price_hour_rel_+05_amount: 11.65000
data_price_hour_abs_18_amount: 11.65000
data_price_hour_rel_+06_amount: 10.23400
data_price_hour_abs_19_amount: 10.23400
data_price_hour_rel_+07_amount: 9.34800
data_price_hour_abs_20_amount: 9.34800
data_price_hour_rel_+08_amount: 9.18000
data_price_hour_abs_21_amount: 9.18000
data_price_hour_rel_+09_amount: 9.21700
data_price_hour_abs_22_amount: 9.21700
data_price_hour_rel_+10_amount: 8.60500
data_price_hour_abs_23_amount: 8.60500