date_now: 2026-05-07 15:59:45
date_now_epoch: 1778162385207
date_now_day: 7
date_now_month: 5
date_now_year: 2026
date_start: 2026-05-07 00:00:00
date_end: 2026-05-07 23:59:59
price_low: 10.17300
price_high: 22.14800
price_median: 12.60150
price_average: 13.60296
price_current: 10.74500
price_unit: Cent/kWh
price_threshold_00: 10.17300
price_threshold_01: 10.19200
price_threshold_02: 10.39200
price_threshold_03: 10.74500
price_threshold_04: 11.35300
price_threshold_05: 11.52600
price_threshold_06: 11.64900
price_threshold_07: 11.64900
price_threshold_08: 11.80000
price_threshold_09: 11.91400
price_threshold_10: 12.01300
price_threshold_11: 12.51500
price_threshold_12: 12.68800
price_threshold_13: 13.25600
price_threshold_14: 13.64100
price_threshold_15: 14.27600
price_threshold_16: 14.87100
price_threshold_17: 15.10000
price_threshold_18: 15.44400
price_threshold_19: 15.55900
price_threshold_20: 16.72900
price_threshold_21: 18.27200
price_threshold_22: 18.56600
price_threshold_23: 22.14800
data_price_hour_rel_-15_amount: 12.51500
data_price_hour_abs_00_amount: 12.51500
data_price_hour_rel_-14_amount: 11.64900
data_price_hour_abs_01_amount: 11.64900
data_price_hour_rel_-13_amount: 11.52600
data_price_hour_abs_02_amount: 11.52600
data_price_hour_rel_-12_amount: 11.64900
data_price_hour_abs_03_amount: 11.64900
data_price_hour_rel_-11_amount: 11.91400
data_price_hour_abs_04_amount: 11.91400
data_price_hour_rel_-10_amount: 12.68800
data_price_hour_abs_05_amount: 12.68800
data_price_hour_rel_-09_amount: 15.10000
data_price_hour_abs_06_amount: 15.10000
data_price_hour_rel_-08_amount: 16.72900
data_price_hour_abs_07_amount: 16.72900
data_price_hour_rel_-07_amount: 15.55900
data_price_hour_abs_08_amount: 15.55900
data_price_hour_rel_-06_amount: 13.64100
data_price_hour_abs_09_amount: 13.64100
data_price_hour_rel_-05_amount: 12.01300
data_price_hour_abs_10_amount: 12.01300
data_price_hour_rel_-04_amount: 11.35300
data_price_hour_abs_11_amount: 11.35300
data_price_hour_rel_-03_amount: 10.39200
data_price_hour_abs_12_amount: 10.39200
data_price_hour_rel_-02_amount: 10.19200
data_price_hour_abs_13_amount: 10.19200
data_price_hour_rel_-01_amount: 10.17300
data_price_hour_abs_14_amount: 10.17300
data_price_hour_rel_+00_amount: 10.74500
data_price_hour_abs_15_amount: 10.74500
data_price_hour_rel_+01_amount: 11.80000
data_price_hour_abs_16_amount: 11.80000
data_price_hour_rel_+02_amount: 13.25600
data_price_hour_abs_17_amount: 13.25600
data_price_hour_rel_+03_amount: 14.87100
data_price_hour_abs_18_amount: 14.87100
data_price_hour_rel_+04_amount: 18.56600
data_price_hour_abs_19_amount: 18.56600
data_price_hour_rel_+05_amount: 22.14800
data_price_hour_abs_20_amount: 22.14800
data_price_hour_rel_+06_amount: 18.27200
data_price_hour_abs_21_amount: 18.27200
data_price_hour_rel_+07_amount: 15.44400
data_price_hour_abs_22_amount: 15.44400
data_price_hour_rel_+08_amount: 14.27600
data_price_hour_abs_23_amount: 14.27600