date_now: 2026-01-05 13:40:08
date_now_epoch: 1767616808921
date_now_day: 5
date_now_month: 1
date_now_year: 2026
date_start: 2026-01-05 00:00:00
date_end: 2026-01-05 23:59:59
price_low: 8.63100
price_high: 22.34300
price_median: 13.43000
price_average: 13.44121
price_current: 13.43000
price_unit: Cent/kWh
price_threshold_00: 8.63100
price_threshold_01: 8.65100
price_threshold_02: 8.75000
price_threshold_03: 8.88500
price_threshold_04: 9.08600
price_threshold_05: 9.24500
price_threshold_06: 10.90200
price_threshold_07: 11.13000
price_threshold_08: 12.38500
price_threshold_09: 12.91000
price_threshold_10: 12.93100
price_threshold_11: 13.43000
price_threshold_12: 13.43000
price_threshold_13: 13.65700
price_threshold_14: 14.01500
price_threshold_15: 14.56300
price_threshold_16: 14.70300
price_threshold_17: 14.89900
price_threshold_18: 15.11800
price_threshold_19: 15.21500
price_threshold_20: 18.07100
price_threshold_21: 18.28000
price_threshold_22: 21.35900
price_threshold_23: 22.34300
data_price_hour_rel_-13_amount: 9.24500
data_price_hour_abs_00_amount: 9.24500
data_price_hour_rel_-12_amount: 8.88500
data_price_hour_abs_01_amount: 8.88500
data_price_hour_rel_-11_amount: 8.65100
data_price_hour_abs_02_amount: 8.65100
data_price_hour_rel_-10_amount: 8.63100
data_price_hour_abs_03_amount: 8.63100
data_price_hour_rel_-09_amount: 8.75000
data_price_hour_abs_04_amount: 8.75000
data_price_hour_rel_-08_amount: 9.08600
data_price_hour_abs_05_amount: 9.08600
data_price_hour_rel_-07_amount: 10.90200
data_price_hour_abs_06_amount: 10.90200
data_price_hour_rel_-06_amount: 12.93100
data_price_hour_abs_07_amount: 12.93100
data_price_hour_rel_-05_amount: 15.11800
data_price_hour_abs_08_amount: 15.11800
data_price_hour_rel_-04_amount: 15.21500
data_price_hour_abs_09_amount: 15.21500
data_price_hour_rel_-03_amount: 14.56300
data_price_hour_abs_10_amount: 14.56300
data_price_hour_rel_-02_amount: 13.65700
data_price_hour_abs_11_amount: 13.65700
data_price_hour_rel_-01_amount: 13.43000
data_price_hour_abs_12_amount: 13.43000
data_price_hour_rel_+00_amount: 13.43000
data_price_hour_abs_13_amount: 13.43000
data_price_hour_rel_+01_amount: 14.01500
data_price_hour_abs_14_amount: 14.01500
data_price_hour_rel_+02_amount: 14.89900
data_price_hour_abs_15_amount: 14.89900
data_price_hour_rel_+03_amount: 18.07100
data_price_hour_abs_16_amount: 18.07100
data_price_hour_rel_+04_amount: 22.34300
data_price_hour_abs_17_amount: 22.34300
data_price_hour_rel_+05_amount: 21.35900
data_price_hour_abs_18_amount: 21.35900
data_price_hour_rel_+06_amount: 18.28000
data_price_hour_abs_19_amount: 18.28000
data_price_hour_rel_+07_amount: 14.70300
data_price_hour_abs_20_amount: 14.70300
data_price_hour_rel_+08_amount: 12.91000
data_price_hour_abs_21_amount: 12.91000
data_price_hour_rel_+09_amount: 12.38500
data_price_hour_abs_22_amount: 12.38500
data_price_hour_rel_+10_amount: 11.13000
data_price_hour_abs_23_amount: 11.13000