date_now: 2026-06-30 16:11:41
date_now_epoch: 1782828701508
date_now_day: 30
date_now_month: 6
date_now_year: 2026
date_start: 2026-06-30 00:00:00
date_end: 2026-06-30 23:59:59
price_low: 9.90800
price_high: 50.47700
price_median: 14.83000
price_average: 18.73288
price_current: 12.74000
price_unit: Cent/kWh
price_threshold_00: 9.90800
price_threshold_01: 9.94200
price_threshold_02: 10.18000
price_threshold_03: 10.28900
price_threshold_04: 10.88700
price_threshold_05: 11.61100
price_threshold_06: 12.26000
price_threshold_07: 12.74000
price_threshold_08: 14.02100
price_threshold_09: 14.07200
price_threshold_10: 14.13700
price_threshold_11: 14.53700
price_threshold_12: 15.12300
price_threshold_13: 15.15100
price_threshold_14: 15.60200
price_threshold_15: 16.17400
price_threshold_16: 18.24800
price_threshold_17: 18.66600
price_threshold_18: 18.93100
price_threshold_19: 24.54800
price_threshold_20: 27.35300
price_threshold_21: 39.57400
price_threshold_22: 45.15800
price_threshold_23: 50.47700
data_price_hour_rel_-16_amount: 16.17400
data_price_hour_abs_00_amount: 16.17400
data_price_hour_rel_-15_amount: 14.53700
data_price_hour_abs_01_amount: 14.53700
data_price_hour_rel_-14_amount: 14.02100
data_price_hour_abs_02_amount: 14.02100
data_price_hour_rel_-13_amount: 14.07200
data_price_hour_abs_03_amount: 14.07200
data_price_hour_rel_-12_amount: 14.13700
data_price_hour_abs_04_amount: 14.13700
data_price_hour_rel_-11_amount: 15.15100
data_price_hour_abs_05_amount: 15.15100
data_price_hour_rel_-10_amount: 18.66600
data_price_hour_abs_06_amount: 18.66600
data_price_hour_rel_-09_amount: 18.93100
data_price_hour_abs_07_amount: 18.93100
data_price_hour_rel_-08_amount: 15.60200
data_price_hour_abs_08_amount: 15.60200
data_price_hour_rel_-07_amount: 12.26000
data_price_hour_abs_09_amount: 12.26000
data_price_hour_rel_-06_amount: 10.88700
data_price_hour_abs_10_amount: 10.88700
data_price_hour_rel_-05_amount: 10.18000
data_price_hour_abs_11_amount: 10.18000
data_price_hour_rel_-04_amount: 9.90800
data_price_hour_abs_12_amount: 9.90800
data_price_hour_rel_-03_amount: 9.94200
data_price_hour_abs_13_amount: 9.94200
data_price_hour_rel_-02_amount: 10.28900
data_price_hour_abs_14_amount: 10.28900
data_price_hour_rel_-01_amount: 11.61100
data_price_hour_abs_15_amount: 11.61100
data_price_hour_rel_+00_amount: 12.74000
data_price_hour_abs_16_amount: 12.74000
data_price_hour_rel_+01_amount: 15.12300
data_price_hour_abs_17_amount: 15.12300
data_price_hour_rel_+02_amount: 24.54800
data_price_hour_abs_18_amount: 24.54800
data_price_hour_rel_+03_amount: 45.15800
data_price_hour_abs_19_amount: 45.15800
data_price_hour_rel_+04_amount: 50.47700
data_price_hour_abs_20_amount: 50.47700
data_price_hour_rel_+05_amount: 39.57400
data_price_hour_abs_21_amount: 39.57400
data_price_hour_rel_+06_amount: 27.35300
data_price_hour_abs_22_amount: 27.35300
data_price_hour_rel_+07_amount: 18.24800
data_price_hour_abs_23_amount: 18.24800