date_now: 2026-06-27 15:26:03
date_now_epoch: 1782566763081
date_now_day: 27
date_now_month: 6
date_now_year: 2026
date_start: 2026-06-27 00:00:00
date_end: 2026-06-27 23:59:59
price_low: 0.00300
price_high: 22.12500
price_median: 11.33650
price_average: 9.94263
price_current: 1.27700
price_unit: Cent/kWh
price_threshold_00: 0.00300
price_threshold_01: 0.05300
price_threshold_02: 0.33900
price_threshold_03: 0.96700
price_threshold_04: 1.27700
price_threshold_05: 3.60300
price_threshold_06: 5.10000
price_threshold_07: 7.35700
price_threshold_08: 10.06100
price_threshold_09: 10.28700
price_threshold_10: 10.92700
price_threshold_11: 11.27300
price_threshold_12: 11.40000
price_threshold_13: 11.53300
price_threshold_14: 11.58300
price_threshold_15: 11.80000
price_threshold_16: 12.45000
price_threshold_17: 12.71300
price_threshold_18: 13.20500
price_threshold_19: 14.46000
price_threshold_20: 17.17600
price_threshold_21: 17.50000
price_threshold_22: 21.43100
price_threshold_23: 22.12500
data_price_hour_rel_-15_amount: 13.20500
data_price_hour_abs_00_amount: 13.20500
data_price_hour_rel_-14_amount: 12.45000
data_price_hour_abs_01_amount: 12.45000
data_price_hour_rel_-13_amount: 11.80000
data_price_hour_abs_02_amount: 11.80000
data_price_hour_rel_-12_amount: 11.58300
data_price_hour_abs_03_amount: 11.58300
data_price_hour_rel_-11_amount: 11.53300
data_price_hour_abs_04_amount: 11.53300
data_price_hour_rel_-10_amount: 11.40000
data_price_hour_abs_05_amount: 11.40000
data_price_hour_rel_-09_amount: 11.27300
data_price_hour_abs_06_amount: 11.27300
data_price_hour_rel_-08_amount: 10.92700
data_price_hour_abs_07_amount: 10.92700
data_price_hour_rel_-07_amount: 10.28700
data_price_hour_abs_08_amount: 10.28700
data_price_hour_rel_-06_amount: 7.35700
data_price_hour_abs_09_amount: 7.35700
data_price_hour_rel_-05_amount: 3.60300
data_price_hour_abs_10_amount: 3.60300
data_price_hour_rel_-04_amount: 0.96700
data_price_hour_abs_11_amount: 0.96700
data_price_hour_rel_-03_amount: 0.05300
data_price_hour_abs_12_amount: 0.05300
data_price_hour_rel_-02_amount: 0.00300
data_price_hour_abs_13_amount: 0.00300
data_price_hour_rel_-01_amount: 0.33900
data_price_hour_abs_14_amount: 0.33900
data_price_hour_rel_+00_amount: 1.27700
data_price_hour_abs_15_amount: 1.27700
data_price_hour_rel_+01_amount: 5.10000
data_price_hour_abs_16_amount: 5.10000
data_price_hour_rel_+02_amount: 10.06100
data_price_hour_abs_17_amount: 10.06100
data_price_hour_rel_+03_amount: 12.71300
data_price_hour_abs_18_amount: 12.71300
data_price_hour_rel_+04_amount: 17.17600
data_price_hour_abs_19_amount: 17.17600
data_price_hour_rel_+05_amount: 22.12500
data_price_hour_abs_20_amount: 22.12500
data_price_hour_rel_+06_amount: 21.43100
data_price_hour_abs_21_amount: 21.43100
data_price_hour_rel_+07_amount: 17.50000
data_price_hour_abs_22_amount: 17.50000
data_price_hour_rel_+08_amount: 14.46000
data_price_hour_abs_23_amount: 14.46000