date_now: 2026-02-15 13:43:21
date_now_epoch: 1771159401240
date_now_day: 15
date_now_month: 2
date_now_year: 2026
date_start: 2026-02-15 00:00:00
date_end: 2026-02-15 23:59:59
price_low: 5.80400
price_high: 10.17800
price_median: 8.86400
price_average: 8.42408
price_current: 6.44100
price_unit: Cent/kWh
price_threshold_00: 5.80400
price_threshold_01: 6.44100
price_threshold_02: 6.44200
price_threshold_03: 6.56200
price_threshold_04: 6.72600
price_threshold_05: 6.73700
price_threshold_06: 7.10000
price_threshold_07: 7.19500
price_threshold_08: 7.47200
price_threshold_09: 8.30200
price_threshold_10: 8.36100
price_threshold_11: 8.42100
price_threshold_12: 9.30700
price_threshold_13: 9.41700
price_threshold_14: 9.43600
price_threshold_15: 9.61200
price_threshold_16: 9.63900
price_threshold_17: 9.65200
price_threshold_18: 9.68000
price_threshold_19: 9.80300
price_threshold_20: 9.82000
price_threshold_21: 9.99500
price_threshold_22: 10.07600
price_threshold_23: 10.17800
data_price_hour_rel_-13_amount: 10.17800
data_price_hour_abs_00_amount: 10.17800
data_price_hour_rel_-12_amount: 9.99500
data_price_hour_abs_01_amount: 9.99500
data_price_hour_rel_-11_amount: 10.07600
data_price_hour_abs_02_amount: 10.07600
data_price_hour_rel_-10_amount: 9.80300
data_price_hour_abs_03_amount: 9.80300
data_price_hour_rel_-09_amount: 9.65200
data_price_hour_abs_04_amount: 9.65200
data_price_hour_rel_-08_amount: 9.43600
data_price_hour_abs_05_amount: 9.43600
data_price_hour_rel_-07_amount: 9.41700
data_price_hour_abs_06_amount: 9.41700
data_price_hour_rel_-06_amount: 9.61200
data_price_hour_abs_07_amount: 9.61200
data_price_hour_rel_-05_amount: 9.68000
data_price_hour_abs_08_amount: 9.68000
data_price_hour_rel_-04_amount: 9.30700
data_price_hour_abs_09_amount: 9.30700
data_price_hour_rel_-03_amount: 8.30200
data_price_hour_abs_10_amount: 8.30200
data_price_hour_rel_-02_amount: 7.47200
data_price_hour_abs_11_amount: 7.47200
data_price_hour_rel_-01_amount: 6.73700
data_price_hour_abs_12_amount: 6.73700
data_price_hour_rel_+00_amount: 6.44100
data_price_hour_abs_13_amount: 6.44100
data_price_hour_rel_+01_amount: 6.44200
data_price_hour_abs_14_amount: 6.44200
data_price_hour_rel_+02_amount: 7.19500
data_price_hour_abs_15_amount: 7.19500
data_price_hour_rel_+03_amount: 8.42100
data_price_hour_abs_16_amount: 8.42100
data_price_hour_rel_+04_amount: 9.63900
data_price_hour_abs_17_amount: 9.63900
data_price_hour_rel_+05_amount: 9.82000
data_price_hour_abs_18_amount: 9.82000
data_price_hour_rel_+06_amount: 8.36100
data_price_hour_abs_19_amount: 8.36100
data_price_hour_rel_+07_amount: 7.10000
data_price_hour_abs_20_amount: 7.10000
data_price_hour_rel_+08_amount: 6.72600
data_price_hour_abs_21_amount: 6.72600
data_price_hour_rel_+09_amount: 6.56200
data_price_hour_abs_22_amount: 6.56200
data_price_hour_rel_+10_amount: 5.80400
data_price_hour_abs_23_amount: 5.80400