date_now: 2026-04-12 14:55:25
date_now_epoch: 1775998525769
date_now_day: 12
date_now_month: 4
date_now_year: 2026
date_start: 2026-04-12 00:00:00
date_end: 2026-04-12 23:59:59
price_low: 0.19700
price_high: 14.68000
price_median: 8.28400
price_average: 7.97313
price_current: 0.46300
price_unit: Cent/kWh
price_threshold_00: 0.19700
price_threshold_01: 0.46300
price_threshold_02: 1.49800
price_threshold_03: 1.59100
price_threshold_04: 2.24200
price_threshold_05: 3.02300
price_threshold_06: 5.33200
price_threshold_07: 6.75500
price_threshold_08: 7.25200
price_threshold_09: 7.61000
price_threshold_10: 7.65700
price_threshold_11: 8.04200
price_threshold_12: 8.52600
price_threshold_13: 9.43200
price_threshold_14: 9.51000
price_threshold_15: 9.80500
price_threshold_16: 9.87000
price_threshold_17: 11.01800
price_threshold_18: 12.10200
price_threshold_19: 13.06100
price_threshold_20: 13.53900
price_threshold_21: 13.67300
price_threshold_22: 14.47700
price_threshold_23: 14.68000
data_price_hour_rel_-14_amount: 7.25200
data_price_hour_abs_00_amount: 7.25200
data_price_hour_rel_-13_amount: 7.65700
data_price_hour_abs_01_amount: 7.65700
data_price_hour_rel_-12_amount: 8.04200
data_price_hour_abs_02_amount: 8.04200
data_price_hour_rel_-11_amount: 8.52600
data_price_hour_abs_03_amount: 8.52600
data_price_hour_rel_-10_amount: 9.51000
data_price_hour_abs_04_amount: 9.51000
data_price_hour_rel_-09_amount: 9.80500
data_price_hour_abs_05_amount: 9.80500
data_price_hour_rel_-08_amount: 9.87000
data_price_hour_abs_06_amount: 9.87000
data_price_hour_rel_-07_amount: 9.43200
data_price_hour_abs_07_amount: 9.43200
data_price_hour_rel_-06_amount: 7.61000
data_price_hour_abs_08_amount: 7.61000
data_price_hour_rel_-05_amount: 5.33200
data_price_hour_abs_09_amount: 5.33200
data_price_hour_rel_-04_amount: 3.02300
data_price_hour_abs_10_amount: 3.02300
data_price_hour_rel_-03_amount: 2.24200
data_price_hour_abs_11_amount: 2.24200
data_price_hour_rel_-02_amount: 1.49800
data_price_hour_abs_12_amount: 1.49800
data_price_hour_rel_-01_amount: 0.19700
data_price_hour_abs_13_amount: 0.19700
data_price_hour_rel_+00_amount: 0.46300
data_price_hour_abs_14_amount: 0.46300
data_price_hour_rel_+01_amount: 1.59100
data_price_hour_abs_15_amount: 1.59100
data_price_hour_rel_+02_amount: 6.75500
data_price_hour_abs_16_amount: 6.75500
data_price_hour_rel_+03_amount: 11.01800
data_price_hour_abs_17_amount: 11.01800
data_price_hour_rel_+04_amount: 13.53900
data_price_hour_abs_18_amount: 13.53900
data_price_hour_rel_+05_amount: 14.47700
data_price_hour_abs_19_amount: 14.47700
data_price_hour_rel_+06_amount: 14.68000
data_price_hour_abs_20_amount: 14.68000
data_price_hour_rel_+07_amount: 13.67300
data_price_hour_abs_21_amount: 13.67300
data_price_hour_rel_+08_amount: 13.06100
data_price_hour_abs_22_amount: 13.06100
data_price_hour_rel_+09_amount: 12.10200
data_price_hour_abs_23_amount: 12.10200