date_now: 2026-06-18 17:16:32
date_now_epoch: 1781795792718
date_now_day: 18
date_now_month: 6
date_now_year: 2026
date_start: 2026-06-18 00:00:00
date_end: 2026-06-18 23:59:59
price_low: 1.86700
price_high: 44.19200
price_median: 12.07750
price_average: 13.99192
price_current: 10.55200
price_unit: Cent/kWh
price_threshold_00: 1.86700
price_threshold_01: 2.59000
price_threshold_02: 2.82500
price_threshold_03: 4.40300
price_threshold_04: 4.81000
price_threshold_05: 7.51400
price_threshold_06: 7.90600
price_threshold_07: 10.17200
price_threshold_08: 10.55200
price_threshold_09: 11.87300
price_threshold_10: 11.93100
price_threshold_11: 11.96900
price_threshold_12: 12.18600
price_threshold_13: 12.57300
price_threshold_14: 12.70900
price_threshold_15: 13.52600
price_threshold_16: 13.52700
price_threshold_17: 13.53000
price_threshold_18: 13.57100
price_threshold_19: 16.30200
price_threshold_20: 25.33900
price_threshold_21: 26.43200
price_threshold_22: 43.50700
price_threshold_23: 44.19200
data_price_hour_rel_-17_amount: 13.52600
data_price_hour_abs_00_amount: 13.52600
data_price_hour_rel_-16_amount: 12.57300
data_price_hour_abs_01_amount: 12.57300
data_price_hour_rel_-15_amount: 12.18600
data_price_hour_abs_02_amount: 12.18600
data_price_hour_rel_-14_amount: 11.96900
data_price_hour_abs_03_amount: 11.96900
data_price_hour_rel_-13_amount: 11.93100
data_price_hour_abs_04_amount: 11.93100
data_price_hour_rel_-12_amount: 12.70900
data_price_hour_abs_05_amount: 12.70900
data_price_hour_rel_-11_amount: 13.53000
data_price_hour_abs_06_amount: 13.53000
data_price_hour_rel_-10_amount: 13.52700
data_price_hour_abs_07_amount: 13.52700
data_price_hour_rel_-09_amount: 11.87300
data_price_hour_abs_08_amount: 11.87300
data_price_hour_rel_-08_amount: 10.17200
data_price_hour_abs_09_amount: 10.17200
data_price_hour_rel_-07_amount: 7.51400
data_price_hour_abs_10_amount: 7.51400
data_price_hour_rel_-06_amount: 4.40300
data_price_hour_abs_11_amount: 4.40300
data_price_hour_rel_-05_amount: 2.82500
data_price_hour_abs_12_amount: 2.82500
data_price_hour_rel_-04_amount: 1.86700
data_price_hour_abs_13_amount: 1.86700
data_price_hour_rel_-03_amount: 2.59000
data_price_hour_abs_14_amount: 2.59000
data_price_hour_rel_-02_amount: 4.81000
data_price_hour_abs_15_amount: 4.81000
data_price_hour_rel_-01_amount: 7.90600
data_price_hour_abs_16_amount: 7.90600
data_price_hour_rel_+00_amount: 10.55200
data_price_hour_abs_17_amount: 10.55200
data_price_hour_rel_+01_amount: 13.57100
data_price_hour_abs_18_amount: 13.57100
data_price_hour_rel_+02_amount: 25.33900
data_price_hour_abs_19_amount: 25.33900
data_price_hour_rel_+03_amount: 43.50700
data_price_hour_abs_20_amount: 43.50700
data_price_hour_rel_+04_amount: 44.19200
data_price_hour_abs_21_amount: 44.19200
data_price_hour_rel_+05_amount: 26.43200
data_price_hour_abs_22_amount: 26.43200
data_price_hour_rel_+06_amount: 16.30200
data_price_hour_abs_23_amount: 16.30200