date_now: 2026-06-11 17:53:20
date_now_epoch: 1781193200885
date_now_day: 11
date_now_month: 6
date_now_year: 2026
date_start: 2026-06-11 00:00:00
date_end: 2026-06-11 23:59:59
price_low: 3.15800
price_high: 17.48600
price_median: 12.61250
price_average: 11.20642
price_current: 10.16000
price_unit: Cent/kWh
price_threshold_00: 3.15800
price_threshold_01: 4.53100
price_threshold_02: 5.10300
price_threshold_03: 6.02700
price_threshold_04: 7.69700
price_threshold_05: 7.84700
price_threshold_06: 9.05400
price_threshold_07: 10.16000
price_threshold_08: 10.38000
price_threshold_09: 11.60600
price_threshold_10: 12.57600
price_threshold_11: 12.60500
price_threshold_12: 12.62000
price_threshold_13: 12.66400
price_threshold_14: 12.66600
price_threshold_15: 12.79800
price_threshold_16: 13.34900
price_threshold_17: 13.72300
price_threshold_18: 13.83300
price_threshold_19: 13.88000
price_threshold_20: 14.07300
price_threshold_21: 14.62400
price_threshold_22: 16.49400
price_threshold_23: 17.48600
data_price_hour_rel_-17_amount: 14.07300
data_price_hour_abs_00_amount: 14.07300
data_price_hour_rel_-16_amount: 13.34900
data_price_hour_abs_01_amount: 13.34900
data_price_hour_rel_-15_amount: 12.62000
data_price_hour_abs_02_amount: 12.62000
data_price_hour_rel_-14_amount: 12.57600
data_price_hour_abs_03_amount: 12.57600
data_price_hour_rel_-13_amount: 12.60500
data_price_hour_abs_04_amount: 12.60500
data_price_hour_rel_-12_amount: 12.66600
data_price_hour_abs_05_amount: 12.66600
data_price_hour_rel_-11_amount: 13.83300
data_price_hour_abs_06_amount: 13.83300
data_price_hour_rel_-10_amount: 13.88000
data_price_hour_abs_07_amount: 13.88000
data_price_hour_rel_-09_amount: 12.66400
data_price_hour_abs_08_amount: 12.66400
data_price_hour_rel_-08_amount: 10.38000
data_price_hour_abs_09_amount: 10.38000
data_price_hour_rel_-07_amount: 9.05400
data_price_hour_abs_10_amount: 9.05400
data_price_hour_rel_-06_amount: 7.69700
data_price_hour_abs_11_amount: 7.69700
data_price_hour_rel_-05_amount: 6.02700
data_price_hour_abs_12_amount: 6.02700
data_price_hour_rel_-04_amount: 4.53100
data_price_hour_abs_13_amount: 4.53100
data_price_hour_rel_-03_amount: 3.15800
data_price_hour_abs_14_amount: 3.15800
data_price_hour_rel_-02_amount: 5.10300
data_price_hour_abs_15_amount: 5.10300
data_price_hour_rel_-01_amount: 7.84700
data_price_hour_abs_16_amount: 7.84700
data_price_hour_rel_+00_amount: 10.16000
data_price_hour_abs_17_amount: 10.16000
data_price_hour_rel_+01_amount: 12.79800
data_price_hour_abs_18_amount: 12.79800
data_price_hour_rel_+02_amount: 14.62400
data_price_hour_abs_19_amount: 14.62400
data_price_hour_rel_+03_amount: 17.48600
data_price_hour_abs_20_amount: 17.48600
data_price_hour_rel_+04_amount: 16.49400
data_price_hour_abs_21_amount: 16.49400
data_price_hour_rel_+05_amount: 13.72300
data_price_hour_abs_22_amount: 13.72300
data_price_hour_rel_+06_amount: 11.60600
data_price_hour_abs_23_amount: 11.60600