date_now: 2026-03-29 14:50:04
date_now_epoch: 1774788604415
date_now_day: 29
date_now_month: 3
date_now_year: 2026
date_start: 2026-03-29 00:00:00
date_end: 2026-03-29 23:59:59
price_low: -0.21000
price_high: 11.50300
price_median: 7.48100
price_average: 6.88800
price_current: -0.17900
price_unit: Cent/kWh
price_threshold_00: -0.21000
price_threshold_01: -0.17900
price_threshold_02: -0.00100
price_threshold_03: 0.08700
price_threshold_04: 0.97300
price_threshold_05: 2.56400
price_threshold_06: 3.33100
price_threshold_07: 4.47000
price_threshold_08: 6.68500
price_threshold_09: 7.48100
price_threshold_10: 7.48100
price_threshold_11: 8.92600
price_threshold_12: 9.44000
price_threshold_13: 9.51800
price_threshold_14: 10.11700
price_threshold_15: 10.46100
price_threshold_16: 10.52300
price_threshold_17: 10.56800
price_threshold_18: 10.77000
price_threshold_19: 10.97600
price_threshold_20: 11.45600
price_threshold_21: 11.48400
price_threshold_22: 11.50300
data_price_hour_rel_-14_amount: 11.45600
data_price_hour_abs_00_amount: 11.45600
data_price_hour_rel_-13_amount: 10.77000
data_price_hour_abs_01_amount: 10.77000
data_price_hour_rel_-11_amount: 10.11700
data_price_hour_abs_03_amount: 10.11700
data_price_hour_rel_-10_amount: 10.52300
data_price_hour_abs_04_amount: 10.52300
data_price_hour_rel_-09_amount: 10.46100
data_price_hour_abs_05_amount: 10.46100
data_price_hour_rel_-08_amount: 10.97600
data_price_hour_abs_06_amount: 10.97600
data_price_hour_rel_-07_amount: 11.50300
data_price_hour_abs_07_amount: 11.50300
data_price_hour_rel_-06_amount: 11.48400
data_price_hour_abs_08_amount: 11.48400
data_price_hour_rel_-05_amount: 9.44000
data_price_hour_abs_09_amount: 9.44000
data_price_hour_rel_-04_amount: 7.48100
data_price_hour_abs_10_amount: 7.48100
data_price_hour_rel_-03_amount: 4.47000
data_price_hour_abs_11_amount: 4.47000
data_price_hour_rel_-02_amount: 0.97300
data_price_hour_abs_12_amount: 0.97300
data_price_hour_rel_-01_amount: -0.00100
data_price_hour_abs_13_amount: -0.00100
data_price_hour_rel_+00_amount: -0.17900
data_price_hour_abs_14_amount: -0.17900
data_price_hour_rel_+01_amount: -0.21000
data_price_hour_abs_15_amount: -0.21000
data_price_hour_rel_+02_amount: 0.08700
data_price_hour_abs_16_amount: 0.08700
data_price_hour_rel_+03_amount: 3.33100
data_price_hour_abs_17_amount: 3.33100
data_price_hour_rel_+04_amount: 8.92600
data_price_hour_abs_18_amount: 8.92600
data_price_hour_rel_+05_amount: 10.56800
data_price_hour_abs_19_amount: 10.56800
data_price_hour_rel_+06_amount: 9.51800
data_price_hour_abs_20_amount: 9.51800
data_price_hour_rel_+07_amount: 7.48100
data_price_hour_abs_21_amount: 7.48100
data_price_hour_rel_+08_amount: 6.68500
data_price_hour_abs_22_amount: 6.68500
data_price_hour_rel_+09_amount: 2.56400
data_price_hour_abs_23_amount: 2.56400