date_now: 2026-06-22 18:49:34
date_now_epoch: 1782146974811
date_now_day: 22
date_now_month: 6
date_now_year: 2026
date_start: 2026-06-22 00:00:00
date_end: 2026-06-22 23:59:59
price_low: 3.23400
price_high: 27.17800
price_median: 11.86250
price_average: 12.40871
price_current: 14.55900
price_unit: Cent/kWh
price_threshold_00: 3.23400
price_threshold_01: 3.95200
price_threshold_02: 4.18100
price_threshold_03: 5.73000
price_threshold_04: 6.35200
price_threshold_05: 8.46500
price_threshold_06: 9.09000
price_threshold_07: 10.71600
price_threshold_08: 11.40700
price_threshold_09: 11.49600
price_threshold_10: 11.52300
price_threshold_11: 11.71300
price_threshold_12: 12.01200
price_threshold_13: 12.38900
price_threshold_14: 12.83800
price_threshold_15: 12.88200
price_threshold_16: 14.03400
price_threshold_17: 14.55900
price_threshold_18: 14.60400
price_threshold_19: 15.60000
price_threshold_20: 18.95700
price_threshold_21: 19.85100
price_threshold_22: 25.04600
price_threshold_23: 27.17800
data_price_hour_rel_-18_amount: 12.83800
data_price_hour_abs_00_amount: 12.83800
data_price_hour_rel_-17_amount: 12.01200
data_price_hour_abs_01_amount: 12.01200
data_price_hour_rel_-16_amount: 11.49600
data_price_hour_abs_02_amount: 11.49600
data_price_hour_rel_-15_amount: 11.52300
data_price_hour_abs_03_amount: 11.52300
data_price_hour_rel_-14_amount: 11.71300
data_price_hour_abs_04_amount: 11.71300
data_price_hour_rel_-13_amount: 12.38900
data_price_hour_abs_05_amount: 12.38900
data_price_hour_rel_-12_amount: 14.03400
data_price_hour_abs_06_amount: 14.03400
data_price_hour_rel_-11_amount: 14.60400
data_price_hour_abs_07_amount: 14.60400
data_price_hour_rel_-10_amount: 12.88200
data_price_hour_abs_08_amount: 12.88200
data_price_hour_rel_-09_amount: 10.71600
data_price_hour_abs_09_amount: 10.71600
data_price_hour_rel_-08_amount: 8.46500
data_price_hour_abs_10_amount: 8.46500
data_price_hour_rel_-07_amount: 5.73000
data_price_hour_abs_11_amount: 5.73000
data_price_hour_rel_-06_amount: 3.95200
data_price_hour_abs_12_amount: 3.95200
data_price_hour_rel_-05_amount: 3.23400
data_price_hour_abs_13_amount: 3.23400
data_price_hour_rel_-04_amount: 4.18100
data_price_hour_abs_14_amount: 4.18100
data_price_hour_rel_-03_amount: 6.35200
data_price_hour_abs_15_amount: 6.35200
data_price_hour_rel_-02_amount: 9.09000
data_price_hour_abs_16_amount: 9.09000
data_price_hour_rel_-01_amount: 11.40700
data_price_hour_abs_17_amount: 11.40700
data_price_hour_rel_+00_amount: 14.55900
data_price_hour_abs_18_amount: 14.55900
data_price_hour_rel_+01_amount: 19.85100
data_price_hour_abs_19_amount: 19.85100
data_price_hour_rel_+02_amount: 27.17800
data_price_hour_abs_20_amount: 27.17800
data_price_hour_rel_+03_amount: 25.04600
data_price_hour_abs_21_amount: 25.04600
data_price_hour_rel_+04_amount: 18.95700
data_price_hour_abs_22_amount: 18.95700
data_price_hour_rel_+05_amount: 15.60000
data_price_hour_abs_23_amount: 15.60000