date_now: 2026-02-25 13:58:05
date_now_epoch: 1772024285621
date_now_day: 25
date_now_month: 2
date_now_year: 2026
date_start: 2026-02-25 00:00:00
date_end: 2026-02-25 23:59:59
price_low: 6.02000
price_high: 13.07300
price_median: 8.97200
price_average: 9.36567
price_current: 6.02000
price_unit: Cent/kWh
price_threshold_00: 6.02000
price_threshold_01: 6.58000
price_threshold_02: 6.78500
price_threshold_03: 7.91200
price_threshold_04: 7.98500
price_threshold_05: 8.09800
price_threshold_06: 8.48300
price_threshold_07: 8.68300
price_threshold_08: 8.72800
price_threshold_09: 8.74000
price_threshold_10: 8.81000
price_threshold_11: 8.86100
price_threshold_12: 9.08300
price_threshold_13: 9.21400
price_threshold_14: 9.31700
price_threshold_15: 9.42600
price_threshold_16: 10.13700
price_threshold_17: 10.71500
price_threshold_18: 10.71800
price_threshold_19: 11.38200
price_threshold_20: 11.86400
price_threshold_21: 11.98500
price_threshold_22: 12.17700
price_threshold_23: 13.07300
data_price_hour_rel_-13_amount: 9.21400
data_price_hour_abs_00_amount: 9.21400
data_price_hour_rel_-12_amount: 8.74000
data_price_hour_abs_01_amount: 8.74000
data_price_hour_rel_-11_amount: 8.48300
data_price_hour_abs_02_amount: 8.48300
data_price_hour_rel_-10_amount: 8.81000
data_price_hour_abs_03_amount: 8.81000
data_price_hour_rel_-09_amount: 8.86100
data_price_hour_abs_04_amount: 8.86100
data_price_hour_rel_-08_amount: 9.31700
data_price_hour_abs_05_amount: 9.31700
data_price_hour_rel_-07_amount: 11.38200
data_price_hour_abs_06_amount: 11.38200
data_price_hour_rel_-06_amount: 13.07300
data_price_hour_abs_07_amount: 13.07300
data_price_hour_rel_-05_amount: 11.98500
data_price_hour_abs_08_amount: 11.98500
data_price_hour_rel_-04_amount: 10.71800
data_price_hour_abs_09_amount: 10.71800
data_price_hour_rel_-03_amount: 9.08300
data_price_hour_abs_10_amount: 9.08300
data_price_hour_rel_-02_amount: 7.98500
data_price_hour_abs_11_amount: 7.98500
data_price_hour_rel_-01_amount: 6.58000
data_price_hour_abs_12_amount: 6.58000
data_price_hour_rel_+00_amount: 6.02000
data_price_hour_abs_13_amount: 6.02000
data_price_hour_rel_+01_amount: 6.78500
data_price_hour_abs_14_amount: 6.78500
data_price_hour_rel_+02_amount: 8.09800
data_price_hour_abs_15_amount: 8.09800
data_price_hour_rel_+03_amount: 10.13700
data_price_hour_abs_16_amount: 10.13700
data_price_hour_rel_+04_amount: 11.86400
data_price_hour_abs_17_amount: 11.86400
data_price_hour_rel_+05_amount: 12.17700
data_price_hour_abs_18_amount: 12.17700
data_price_hour_rel_+06_amount: 10.71500
data_price_hour_abs_19_amount: 10.71500
data_price_hour_rel_+07_amount: 9.42600
data_price_hour_abs_20_amount: 9.42600
data_price_hour_rel_+08_amount: 8.72800
data_price_hour_abs_21_amount: 8.72800
data_price_hour_rel_+09_amount: 8.68300
data_price_hour_abs_22_amount: 8.68300
data_price_hour_rel_+10_amount: 7.91200
data_price_hour_abs_23_amount: 7.91200