date_now: 2026-04-20 15:23:18
date_now_epoch: 1776691398843
date_now_day: 20
date_now_month: 4
date_now_year: 2026
date_start: 2026-04-20 00:00:00
date_end: 2026-04-20 23:59:59
price_low: 2.95700
price_high: 14.22100
price_median: 10.43050
price_average: 9.77088
price_current: 4.64800
price_unit: Cent/kWh
price_threshold_00: 2.95700
price_threshold_01: 3.26000
price_threshold_02: 4.64800
price_threshold_03: 5.11800
price_threshold_04: 7.58900
price_threshold_05: 7.83300
price_threshold_06: 9.02000
price_threshold_07: 9.72500
price_threshold_08: 9.90100
price_threshold_09: 9.90400
price_threshold_10: 10.11100
price_threshold_11: 10.23000
price_threshold_12: 10.63100
price_threshold_13: 10.67900
price_threshold_14: 11.00200
price_threshold_15: 11.16000
price_threshold_16: 11.29100
price_threshold_17: 11.59700
price_threshold_18: 12.19400
price_threshold_19: 12.34100
price_threshold_20: 12.71800
price_threshold_21: 12.93900
price_threshold_22: 13.43200
price_threshold_23: 14.22100
data_price_hour_rel_-15_amount: 10.63100
data_price_hour_abs_00_amount: 10.63100
data_price_hour_rel_-14_amount: 10.11100
data_price_hour_abs_01_amount: 10.11100
data_price_hour_rel_-13_amount: 9.90100
data_price_hour_abs_02_amount: 9.90100
data_price_hour_rel_-12_amount: 9.90400
data_price_hour_abs_03_amount: 9.90400
data_price_hour_rel_-11_amount: 10.23000
data_price_hour_abs_04_amount: 10.23000
data_price_hour_rel_-10_amount: 11.16000
data_price_hour_abs_05_amount: 11.16000
data_price_hour_rel_-09_amount: 12.93900
data_price_hour_abs_06_amount: 12.93900
data_price_hour_rel_-08_amount: 14.22100
data_price_hour_abs_07_amount: 14.22100
data_price_hour_rel_-07_amount: 13.43200
data_price_hour_abs_08_amount: 13.43200
data_price_hour_rel_-06_amount: 11.00200
data_price_hour_abs_09_amount: 11.00200
data_price_hour_rel_-05_amount: 9.02000
data_price_hour_abs_10_amount: 9.02000
data_price_hour_rel_-04_amount: 7.58900
data_price_hour_abs_11_amount: 7.58900
data_price_hour_rel_-03_amount: 5.11800
data_price_hour_abs_12_amount: 5.11800
data_price_hour_rel_-02_amount: 3.26000
data_price_hour_abs_13_amount: 3.26000
data_price_hour_rel_-01_amount: 2.95700
data_price_hour_abs_14_amount: 2.95700
data_price_hour_rel_+00_amount: 4.64800
data_price_hour_abs_15_amount: 4.64800
data_price_hour_rel_+01_amount: 7.83300
data_price_hour_abs_16_amount: 7.83300
data_price_hour_rel_+02_amount: 9.72500
data_price_hour_abs_17_amount: 9.72500
data_price_hour_rel_+03_amount: 11.29100
data_price_hour_abs_18_amount: 11.29100
data_price_hour_rel_+04_amount: 12.34100
data_price_hour_abs_19_amount: 12.34100
data_price_hour_rel_+05_amount: 12.71800
data_price_hour_abs_20_amount: 12.71800
data_price_hour_rel_+06_amount: 12.19400
data_price_hour_abs_21_amount: 12.19400
data_price_hour_rel_+07_amount: 11.59700
data_price_hour_abs_22_amount: 11.59700
data_price_hour_rel_+08_amount: 10.67900
data_price_hour_abs_23_amount: 10.67900