date_now: 2026-05-01 15:13:27
date_now_epoch: 1777641207015
date_now_day: 1
date_now_month: 5
date_now_year: 2026
date_start: 2026-05-01 00:00:00
date_end: 2026-05-01 23:59:59
price_low: -49.90000
price_high: 17.33300
price_median: 9.47550
price_average: -0.20779
price_current: -20.58800
price_unit: Cent/kWh
price_threshold_00: -49.90000
price_threshold_01: -47.49700
price_threshold_02: -31.85800
price_threshold_03: -20.58800
price_threshold_04: -10.86200
price_threshold_05: -2.62500
price_threshold_06: -2.11800
price_threshold_07: -0.00300
price_threshold_08: 0.55600
price_threshold_09: 3.53300
price_threshold_10: 8.03400
price_threshold_11: 9.25300
price_threshold_12: 9.69800
price_threshold_13: 9.75000
price_threshold_14: 9.79800
price_threshold_15: 9.92500
price_threshold_16: 10.13900
price_threshold_17: 10.30900
price_threshold_18: 10.37700
price_threshold_19: 10.72300
price_threshold_20: 11.32200
price_threshold_21: 14.29500
price_threshold_22: 15.41900
price_threshold_23: 17.33300
data_price_hour_rel_-15_amount: 10.72300
data_price_hour_abs_00_amount: 10.72300
data_price_hour_rel_-14_amount: 10.30900
data_price_hour_abs_01_amount: 10.30900
data_price_hour_rel_-13_amount: 10.13900
data_price_hour_abs_02_amount: 10.13900
data_price_hour_rel_-12_amount: 9.92500
data_price_hour_abs_03_amount: 9.92500
data_price_hour_rel_-11_amount: 9.79800
data_price_hour_abs_04_amount: 9.79800
data_price_hour_rel_-10_amount: 9.75000
data_price_hour_abs_05_amount: 9.75000
data_price_hour_rel_-09_amount: 10.37700
data_price_hour_abs_06_amount: 10.37700
data_price_hour_rel_-08_amount: 8.03400
data_price_hour_abs_07_amount: 8.03400
data_price_hour_rel_-07_amount: 3.53300
data_price_hour_abs_08_amount: 3.53300
data_price_hour_rel_-06_amount: -0.00300
data_price_hour_abs_09_amount: -0.00300
data_price_hour_rel_-05_amount: -2.11800
data_price_hour_abs_10_amount: -2.11800
data_price_hour_rel_-04_amount: -10.86200
data_price_hour_abs_11_amount: -10.86200
data_price_hour_rel_-03_amount: -31.85800
data_price_hour_abs_12_amount: -31.85800
data_price_hour_rel_-02_amount: -49.90000
data_price_hour_abs_13_amount: -49.90000
data_price_hour_rel_-01_amount: -47.49700
data_price_hour_abs_14_amount: -47.49700
data_price_hour_rel_+00_amount: -20.58800
data_price_hour_abs_15_amount: -20.58800
data_price_hour_rel_+01_amount: -2.62500
data_price_hour_abs_16_amount: -2.62500
data_price_hour_rel_+02_amount: 0.55600
data_price_hour_abs_17_amount: 0.55600
data_price_hour_rel_+03_amount: 9.25300
data_price_hour_abs_18_amount: 9.25300
data_price_hour_rel_+04_amount: 15.41900
data_price_hour_abs_19_amount: 15.41900
data_price_hour_rel_+05_amount: 17.33300
data_price_hour_abs_20_amount: 17.33300
data_price_hour_rel_+06_amount: 14.29500
data_price_hour_abs_21_amount: 14.29500
data_price_hour_rel_+07_amount: 11.32200
data_price_hour_abs_22_amount: 11.32200
data_price_hour_rel_+08_amount: 9.69800
data_price_hour_abs_23_amount: 9.69800