date_now: 2026-02-10 14:06:18
date_now_epoch: 1770728778337
date_now_day: 10
date_now_month: 2
date_now_year: 2026
date_start: 2026-02-10 00:00:00
date_end: 2026-02-10 23:59:59
price_low: 10.05300
price_high: 14.38300
price_median: 11.37350
price_average: 11.68458
price_current: 11.62200
price_unit: Cent/kWh
price_threshold_00: 10.05300
price_threshold_01: 10.24400
price_threshold_02: 10.24400
price_threshold_03: 10.27500
price_threshold_04: 10.37500
price_threshold_05: 10.46400
price_threshold_06: 10.54300
price_threshold_07: 10.66900
price_threshold_08: 10.71600
price_threshold_09: 10.92200
price_threshold_10: 10.94700
price_threshold_11: 11.12500
price_threshold_12: 11.62200
price_threshold_13: 11.94400
price_threshold_14: 11.99200
price_threshold_15: 12.03300
price_threshold_16: 12.76600
price_threshold_17: 12.81200
price_threshold_18: 12.90900
price_threshold_19: 13.17100
price_threshold_20: 13.20800
price_threshold_21: 13.48900
price_threshold_22: 13.52400
price_threshold_23: 14.38300
data_price_hour_rel_-14_amount: 10.46400
data_price_hour_abs_00_amount: 10.46400
data_price_hour_rel_-13_amount: 10.37500
data_price_hour_abs_01_amount: 10.37500
data_price_hour_rel_-12_amount: 10.27500
data_price_hour_abs_02_amount: 10.27500
data_price_hour_rel_-11_amount: 10.24400
data_price_hour_abs_03_amount: 10.24400
data_price_hour_rel_-10_amount: 10.24400
data_price_hour_abs_04_amount: 10.24400
data_price_hour_rel_-09_amount: 10.54300
data_price_hour_abs_05_amount: 10.54300
data_price_hour_rel_-08_amount: 11.99200
data_price_hour_abs_06_amount: 11.99200
data_price_hour_rel_-07_amount: 13.48900
data_price_hour_abs_07_amount: 13.48900
data_price_hour_rel_-06_amount: 14.38300
data_price_hour_abs_08_amount: 14.38300
data_price_hour_rel_-05_amount: 13.20800
data_price_hour_abs_09_amount: 13.20800
data_price_hour_rel_-04_amount: 12.90900
data_price_hour_abs_10_amount: 12.90900
data_price_hour_rel_-03_amount: 11.94400
data_price_hour_abs_11_amount: 11.94400
data_price_hour_rel_-02_amount: 10.92200
data_price_hour_abs_12_amount: 10.92200
data_price_hour_rel_-01_amount: 10.94700
data_price_hour_abs_13_amount: 10.94700
data_price_hour_rel_+00_amount: 11.62200
data_price_hour_abs_14_amount: 11.62200
data_price_hour_rel_+01_amount: 12.81200
data_price_hour_abs_15_amount: 12.81200
data_price_hour_rel_+02_amount: 12.76600
data_price_hour_abs_16_amount: 12.76600
data_price_hour_rel_+03_amount: 13.52400
data_price_hour_abs_17_amount: 13.52400
data_price_hour_rel_+04_amount: 13.17100
data_price_hour_abs_18_amount: 13.17100
data_price_hour_rel_+05_amount: 12.03300
data_price_hour_abs_19_amount: 12.03300
data_price_hour_rel_+06_amount: 11.12500
data_price_hour_abs_20_amount: 11.12500
data_price_hour_rel_+07_amount: 10.71600
data_price_hour_abs_21_amount: 10.71600
data_price_hour_rel_+08_amount: 10.66900
data_price_hour_abs_22_amount: 10.66900
data_price_hour_rel_+09_amount: 10.05300
data_price_hour_abs_23_amount: 10.05300