date_now: 2026-03-27 13:59:29
date_now_epoch: 1774616369391
date_now_day: 27
date_now_month: 3
date_now_year: 2026
date_start: 2026-03-27 00:00:00
date_end: 2026-03-27 23:59:59
price_low: 5.96000
price_high: 17.64000
price_median: 11.84150
price_average: 11.85258
price_current: 5.96000
price_unit: Cent/kWh
price_threshold_00: 5.96000
price_threshold_01: 6.33200
price_threshold_02: 7.28100
price_threshold_03: 7.40800
price_threshold_04: 8.72600
price_threshold_05: 9.23200
price_threshold_06: 10.30800
price_threshold_07: 10.60100
price_threshold_08: 11.40000
price_threshold_09: 11.66600
price_threshold_10: 11.73400
price_threshold_11: 11.78300
price_threshold_12: 11.90000
price_threshold_13: 11.93900
price_threshold_14: 11.95000
price_threshold_15: 12.02500
price_threshold_16: 13.64600
price_threshold_17: 13.90500
price_threshold_18: 14.28900
price_threshold_19: 14.75600
price_threshold_20: 15.89300
price_threshold_21: 16.82500
price_threshold_22: 17.26300
price_threshold_23: 17.64000
data_price_hour_rel_-13_amount: 11.93900
data_price_hour_abs_00_amount: 11.93900
data_price_hour_rel_-12_amount: 11.95000
data_price_hour_abs_01_amount: 11.95000
data_price_hour_rel_-11_amount: 11.73400
data_price_hour_abs_02_amount: 11.73400
data_price_hour_rel_-10_amount: 11.78300
data_price_hour_abs_03_amount: 11.78300
data_price_hour_rel_-09_amount: 12.02500
data_price_hour_abs_04_amount: 12.02500
data_price_hour_rel_-08_amount: 13.64600
data_price_hour_abs_05_amount: 13.64600
data_price_hour_rel_-07_amount: 17.26300
data_price_hour_abs_06_amount: 17.26300
data_price_hour_rel_-06_amount: 17.64000
data_price_hour_abs_07_amount: 17.64000
data_price_hour_rel_-05_amount: 14.75600
data_price_hour_abs_08_amount: 14.75600
data_price_hour_rel_-04_amount: 11.40000
data_price_hour_abs_09_amount: 11.40000
data_price_hour_rel_-03_amount: 8.72600
data_price_hour_abs_10_amount: 8.72600
data_price_hour_rel_-02_amount: 7.28100
data_price_hour_abs_11_amount: 7.28100
data_price_hour_rel_-01_amount: 6.33200
data_price_hour_abs_12_amount: 6.33200
data_price_hour_rel_+00_amount: 5.96000
data_price_hour_abs_13_amount: 5.96000
data_price_hour_rel_+01_amount: 7.40800
data_price_hour_abs_14_amount: 7.40800
data_price_hour_rel_+02_amount: 9.23200
data_price_hour_abs_15_amount: 9.23200
data_price_hour_rel_+03_amount: 10.30800
data_price_hour_abs_16_amount: 10.30800
data_price_hour_rel_+04_amount: 13.90500
data_price_hour_abs_17_amount: 13.90500
data_price_hour_rel_+05_amount: 15.89300
data_price_hour_abs_18_amount: 15.89300
data_price_hour_rel_+06_amount: 16.82500
data_price_hour_abs_19_amount: 16.82500
data_price_hour_rel_+07_amount: 14.28900
data_price_hour_abs_20_amount: 14.28900
data_price_hour_rel_+08_amount: 11.90000
data_price_hour_abs_21_amount: 11.90000
data_price_hour_rel_+09_amount: 11.66600
data_price_hour_abs_22_amount: 11.66600
data_price_hour_rel_+10_amount: 10.60100
data_price_hour_abs_23_amount: 10.60100