date_now: 2026-02-03 13:53:33
date_now_epoch: 1770123213257
date_now_day: 3
date_now_month: 2
date_now_year: 2026
date_start: 2026-02-03 00:00:00
date_end: 2026-02-03 23:59:59
price_low: 7.68400
price_high: 12.63500
price_median: 9.62500
price_average: 9.84771
price_current: 8.99100
price_unit: Cent/kWh
price_threshold_00: 7.68400
price_threshold_01: 7.99400
price_threshold_02: 8.21600
price_threshold_03: 8.40100
price_threshold_04: 8.79500
price_threshold_05: 8.93700
price_threshold_06: 8.99100
price_threshold_07: 9.08300
price_threshold_08: 9.11600
price_threshold_09: 9.17200
price_threshold_10: 9.31500
price_threshold_11: 9.48100
price_threshold_12: 9.76900
price_threshold_13: 9.99400
price_threshold_14: 10.04100
price_threshold_15: 10.09000
price_threshold_16: 10.32900
price_threshold_17: 10.62700
price_threshold_18: 10.66200
price_threshold_19: 10.82300
price_threshold_20: 11.29000
price_threshold_21: 12.32300
price_threshold_22: 12.57700
price_threshold_23: 12.63500
data_price_hour_rel_-13_amount: 9.17200
data_price_hour_abs_00_amount: 9.17200
data_price_hour_rel_-12_amount: 8.93700
data_price_hour_abs_01_amount: 8.93700
data_price_hour_rel_-11_amount: 8.40100
data_price_hour_abs_02_amount: 8.40100
data_price_hour_rel_-10_amount: 7.99400
data_price_hour_abs_03_amount: 7.99400
data_price_hour_rel_-09_amount: 7.68400
data_price_hour_abs_04_amount: 7.68400
data_price_hour_rel_-08_amount: 8.21600
data_price_hour_abs_05_amount: 8.21600
data_price_hour_rel_-07_amount: 9.11600
data_price_hour_abs_06_amount: 9.11600
data_price_hour_rel_-06_amount: 9.76900
data_price_hour_abs_07_amount: 9.76900
data_price_hour_rel_-05_amount: 10.62700
data_price_hour_abs_08_amount: 10.62700
data_price_hour_rel_-04_amount: 10.82300
data_price_hour_abs_09_amount: 10.82300
data_price_hour_rel_-03_amount: 9.99400
data_price_hour_abs_10_amount: 9.99400
data_price_hour_rel_-02_amount: 9.08300
data_price_hour_abs_11_amount: 9.08300
data_price_hour_rel_-01_amount: 8.79500
data_price_hour_abs_12_amount: 8.79500
data_price_hour_rel_+00_amount: 8.99100
data_price_hour_abs_13_amount: 8.99100
data_price_hour_rel_+01_amount: 9.31500
data_price_hour_abs_14_amount: 9.31500
data_price_hour_rel_+02_amount: 10.04100
data_price_hour_abs_15_amount: 10.04100
data_price_hour_rel_+03_amount: 10.66200
data_price_hour_abs_16_amount: 10.66200
data_price_hour_rel_+04_amount: 12.57700
data_price_hour_abs_17_amount: 12.57700
data_price_hour_rel_+05_amount: 12.63500
data_price_hour_abs_18_amount: 12.63500
data_price_hour_rel_+06_amount: 12.32300
data_price_hour_abs_19_amount: 12.32300
data_price_hour_rel_+07_amount: 11.29000
data_price_hour_abs_20_amount: 11.29000
data_price_hour_rel_+08_amount: 10.32900
data_price_hour_abs_21_amount: 10.32900
data_price_hour_rel_+09_amount: 10.09000
data_price_hour_abs_22_amount: 10.09000
data_price_hour_rel_+10_amount: 9.48100
data_price_hour_abs_23_amount: 9.48100