date_now: 2026-04-06 15:03:35
date_now_epoch: 1775480615411
date_now_day: 6
date_now_month: 4
date_now_year: 2026
date_start: 2026-04-06 00:00:00
date_end: 2026-04-06 23:59:59
price_low: -12.56400
price_high: 11.60100
price_median: 0.11950
price_average: 0.30362
price_current: -8.46200
price_unit: Cent/kWh
price_threshold_00: -12.56400
price_threshold_01: -12.35400
price_threshold_02: -8.46200
price_threshold_03: -7.95200
price_threshold_04: -5.97600
price_threshold_05: -2.87200
price_threshold_06: -2.60000
price_threshold_07: -1.11100
price_threshold_08: -0.56100
price_threshold_09: -0.09400
price_threshold_10: 0.10400
price_threshold_11: 0.10600
price_threshold_12: 0.13300
price_threshold_13: 0.13600
price_threshold_14: 0.19900
price_threshold_15: 0.19900
price_threshold_16: 0.21100
price_threshold_17: 0.32400
price_threshold_18: 4.86300
price_threshold_19: 10.76900
price_threshold_20: 10.88100
price_threshold_21: 10.92200
price_threshold_22: 11.38500
price_threshold_23: 11.60100
data_price_hour_rel_-15_amount: 0.32400
data_price_hour_abs_00_amount: 0.32400
data_price_hour_rel_-14_amount: 0.19900
data_price_hour_abs_01_amount: 0.19900
data_price_hour_rel_-13_amount: 0.10400
data_price_hour_abs_02_amount: 0.10400
data_price_hour_rel_-12_amount: 0.13600
data_price_hour_abs_03_amount: 0.13600
data_price_hour_rel_-11_amount: 0.10600
data_price_hour_abs_04_amount: 0.10600
data_price_hour_rel_-10_amount: 0.21100
data_price_hour_abs_05_amount: 0.21100
data_price_hour_rel_-09_amount: 0.19900
data_price_hour_abs_06_amount: 0.19900
data_price_hour_rel_-08_amount: 0.13300
data_price_hour_abs_07_amount: 0.13300
data_price_hour_rel_-07_amount: -0.09400
data_price_hour_abs_08_amount: -0.09400
data_price_hour_rel_-06_amount: -1.11100
data_price_hour_abs_09_amount: -1.11100
data_price_hour_rel_-05_amount: -2.60000
data_price_hour_abs_10_amount: -2.60000
data_price_hour_rel_-04_amount: -5.97600
data_price_hour_abs_11_amount: -5.97600
data_price_hour_rel_-03_amount: -7.95200
data_price_hour_abs_12_amount: -7.95200
data_price_hour_rel_-02_amount: -12.56400
data_price_hour_abs_13_amount: -12.56400
data_price_hour_rel_-01_amount: -12.35400
data_price_hour_abs_14_amount: -12.35400
data_price_hour_rel_+00_amount: -8.46200
data_price_hour_abs_15_amount: -8.46200
data_price_hour_rel_+01_amount: -2.87200
data_price_hour_abs_16_amount: -2.87200
data_price_hour_rel_+02_amount: -0.56100
data_price_hour_abs_17_amount: -0.56100
data_price_hour_rel_+03_amount: 4.86300
data_price_hour_abs_18_amount: 4.86300
data_price_hour_rel_+04_amount: 10.76900
data_price_hour_abs_19_amount: 10.76900
data_price_hour_rel_+05_amount: 11.60100
data_price_hour_abs_20_amount: 11.60100
data_price_hour_rel_+06_amount: 10.92200
data_price_hour_abs_21_amount: 10.92200
data_price_hour_rel_+07_amount: 11.38500
data_price_hour_abs_22_amount: 11.38500
data_price_hour_rel_+08_amount: 10.88100
data_price_hour_abs_23_amount: 10.88100