date_now: 2026-04-14 15:18:59
date_now_epoch: 1776172739175
date_now_day: 14
date_now_month: 4
date_now_year: 2026
date_start: 2026-04-14 00:00:00
date_end: 2026-04-14 23:59:59
price_low: 10.47000
price_high: 23.42800
price_median: 12.52650
price_average: 13.80887
price_current: 11.55700
price_unit: Cent/kWh
price_threshold_00: 10.47000
price_threshold_01: 10.89100
price_threshold_02: 10.95100
price_threshold_03: 11.33900
price_threshold_04: 11.36700
price_threshold_05: 11.46800
price_threshold_06: 11.49900
price_threshold_07: 11.55700
price_threshold_08: 11.60600
price_threshold_09: 11.73300
price_threshold_10: 11.81500
price_threshold_11: 12.17000
price_threshold_12: 12.88300
price_threshold_13: 13.53700
price_threshold_14: 13.74400
price_threshold_15: 13.87200
price_threshold_16: 14.43300
price_threshold_17: 14.82600
price_threshold_18: 16.00200
price_threshold_19: 16.30200
price_threshold_20: 16.45000
price_threshold_21: 16.59500
price_threshold_22: 22.47500
price_threshold_23: 23.42800
data_price_hour_rel_-15_amount: 11.60600
data_price_hour_abs_00_amount: 11.60600
data_price_hour_rel_-14_amount: 11.36700
data_price_hour_abs_01_amount: 11.36700
data_price_hour_rel_-13_amount: 11.49900
data_price_hour_abs_02_amount: 11.49900
data_price_hour_rel_-12_amount: 11.33900
data_price_hour_abs_03_amount: 11.33900
data_price_hour_rel_-11_amount: 11.46800
data_price_hour_abs_04_amount: 11.46800
data_price_hour_rel_-10_amount: 11.81500
data_price_hour_abs_05_amount: 11.81500
data_price_hour_rel_-09_amount: 13.87200
data_price_hour_abs_06_amount: 13.87200
data_price_hour_rel_-08_amount: 16.30200
data_price_hour_abs_07_amount: 16.30200
data_price_hour_rel_-07_amount: 16.45000
data_price_hour_abs_08_amount: 16.45000
data_price_hour_rel_-06_amount: 14.43300
data_price_hour_abs_09_amount: 14.43300
data_price_hour_rel_-05_amount: 12.88300
data_price_hour_abs_10_amount: 12.88300
data_price_hour_rel_-04_amount: 11.73300
data_price_hour_abs_11_amount: 11.73300
data_price_hour_rel_-03_amount: 10.95100
data_price_hour_abs_12_amount: 10.95100
data_price_hour_rel_-02_amount: 10.47000
data_price_hour_abs_13_amount: 10.47000
data_price_hour_rel_-01_amount: 10.89100
data_price_hour_abs_14_amount: 10.89100
data_price_hour_rel_+00_amount: 11.55700
data_price_hour_abs_15_amount: 11.55700
data_price_hour_rel_+01_amount: 12.17000
data_price_hour_abs_16_amount: 12.17000
data_price_hour_rel_+02_amount: 13.74400
data_price_hour_abs_17_amount: 13.74400
data_price_hour_rel_+03_amount: 16.00200
data_price_hour_abs_18_amount: 16.00200
data_price_hour_rel_+04_amount: 22.47500
data_price_hour_abs_19_amount: 22.47500
data_price_hour_rel_+05_amount: 23.42800
data_price_hour_abs_20_amount: 23.42800
data_price_hour_rel_+06_amount: 16.59500
data_price_hour_abs_21_amount: 16.59500
data_price_hour_rel_+07_amount: 14.82600
data_price_hour_abs_22_amount: 14.82600
data_price_hour_rel_+08_amount: 13.53700
data_price_hour_abs_23_amount: 13.53700