date_now: 2026-07-19 15:10:16
date_now_epoch: 1784466616177
date_now_day: 19
date_now_month: 7
date_now_year: 2026
date_start: 2026-07-19 00:00:00
date_end: 2026-07-19 23:59:59
price_low: -0.50000
price_high: 14.96800
price_median: 9.51550
price_average: 7.09579
price_current: -0.49600
price_unit: Cent/kWh
price_threshold_00: -0.50000
price_threshold_01: -0.49600
price_threshold_02: -0.26800
price_threshold_03: -0.24400
price_threshold_04: -0.07400
price_threshold_05: -0.04000
price_threshold_06: -0.00500
price_threshold_07: 0.00200
price_threshold_08: 0.41700
price_threshold_09: 4.31600
price_threshold_10: 4.78400
price_threshold_11: 8.84600
price_threshold_12: 10.18500
price_threshold_13: 10.94200
price_threshold_14: 11.52800
price_threshold_15: 11.71600
price_threshold_16: 11.89000
price_threshold_17: 12.19000
price_threshold_18: 13.07400
price_threshold_19: 13.82000
price_threshold_20: 13.87000
price_threshold_21: 14.41200
price_threshold_22: 14.96600
price_threshold_23: 14.96800
data_price_hour_rel_-15_amount: 13.87000
data_price_hour_abs_00_amount: 13.87000
data_price_hour_rel_-14_amount: 13.07400
data_price_hour_abs_01_amount: 13.07400
data_price_hour_rel_-13_amount: 12.19000
data_price_hour_abs_02_amount: 12.19000
data_price_hour_rel_-12_amount: 11.89000
data_price_hour_abs_03_amount: 11.89000
data_price_hour_rel_-11_amount: 11.52800
data_price_hour_abs_04_amount: 11.52800
data_price_hour_rel_-10_amount: 10.94200
data_price_hour_abs_05_amount: 10.94200
data_price_hour_rel_-09_amount: 10.18500
data_price_hour_abs_06_amount: 10.18500
data_price_hour_rel_-08_amount: 8.84600
data_price_hour_abs_07_amount: 8.84600
data_price_hour_rel_-07_amount: 4.31600
data_price_hour_abs_08_amount: 4.31600
data_price_hour_rel_-06_amount: 0.41700
data_price_hour_abs_09_amount: 0.41700
data_price_hour_rel_-05_amount: 0.00200
data_price_hour_abs_10_amount: 0.00200
data_price_hour_rel_-04_amount: -0.00500
data_price_hour_abs_11_amount: -0.00500
data_price_hour_rel_-03_amount: -0.07400
data_price_hour_abs_12_amount: -0.07400
data_price_hour_rel_-02_amount: -0.26800
data_price_hour_abs_13_amount: -0.26800
data_price_hour_rel_-01_amount: -0.50000
data_price_hour_abs_14_amount: -0.50000
data_price_hour_rel_+00_amount: -0.49600
data_price_hour_abs_15_amount: -0.49600
data_price_hour_rel_+01_amount: -0.24400
data_price_hour_abs_16_amount: -0.24400
data_price_hour_rel_+02_amount: -0.04000
data_price_hour_abs_17_amount: -0.04000
data_price_hour_rel_+03_amount: 4.78400
data_price_hour_abs_18_amount: 4.78400
data_price_hour_rel_+04_amount: 11.71600
data_price_hour_abs_19_amount: 11.71600
data_price_hour_rel_+05_amount: 14.41200
data_price_hour_abs_20_amount: 14.41200
data_price_hour_rel_+06_amount: 14.96800
data_price_hour_abs_21_amount: 14.96800
data_price_hour_rel_+07_amount: 14.96600
data_price_hour_abs_22_amount: 14.96600
data_price_hour_rel_+08_amount: 13.82000
data_price_hour_abs_23_amount: 13.82000