date_now: 2026-01-25 13:37:01
date_now_epoch: 1769344621051
date_now_day: 25
date_now_month: 1
date_now_year: 2026
date_start: 2026-01-25 00:00:00
date_end: 2026-01-25 23:59:59
price_low: 9.99700
price_high: 13.73800
price_median: 11.18450
price_average: 11.19292
price_current: 11.61100
price_unit: Cent/kWh
price_threshold_00: 9.99700
price_threshold_01: 10.05100
price_threshold_02: 10.08600
price_threshold_03: 10.13200
price_threshold_04: 10.14400
price_threshold_05: 10.17600
price_threshold_06: 10.17700
price_threshold_07: 10.20600
price_threshold_08: 10.37600
price_threshold_09: 10.44900
price_threshold_10: 10.88900
price_threshold_11: 11.17500
price_threshold_12: 11.19400
price_threshold_13: 11.31900
price_threshold_14: 11.40200
price_threshold_15: 11.43200
price_threshold_16: 11.60200
price_threshold_17: 11.61100
price_threshold_18: 11.69000
price_threshold_19: 12.00300
price_threshold_20: 12.40200
price_threshold_21: 13.12100
price_threshold_22: 13.25800
price_threshold_23: 13.73800
data_price_hour_rel_-13_amount: 10.14400
data_price_hour_abs_00_amount: 10.14400
data_price_hour_rel_-12_amount: 10.17600
data_price_hour_abs_01_amount: 10.17600
data_price_hour_rel_-11_amount: 10.13200
data_price_hour_abs_02_amount: 10.13200
data_price_hour_rel_-10_amount: 10.17700
data_price_hour_abs_03_amount: 10.17700
data_price_hour_rel_-09_amount: 10.08600
data_price_hour_abs_04_amount: 10.08600
data_price_hour_rel_-08_amount: 10.05100
data_price_hour_abs_05_amount: 10.05100
data_price_hour_rel_-07_amount: 9.99700
data_price_hour_abs_06_amount: 9.99700
data_price_hour_rel_-06_amount: 10.20600
data_price_hour_abs_07_amount: 10.20600
data_price_hour_rel_-05_amount: 10.37600
data_price_hour_abs_08_amount: 10.37600
data_price_hour_rel_-04_amount: 10.88900
data_price_hour_abs_09_amount: 10.88900
data_price_hour_rel_-03_amount: 11.31900
data_price_hour_abs_10_amount: 11.31900
data_price_hour_rel_-02_amount: 11.60200
data_price_hour_abs_11_amount: 11.60200
data_price_hour_rel_-01_amount: 12.00300
data_price_hour_abs_12_amount: 12.00300
data_price_hour_rel_+00_amount: 11.61100
data_price_hour_abs_13_amount: 11.61100
data_price_hour_rel_+01_amount: 11.43200
data_price_hour_abs_14_amount: 11.43200
data_price_hour_rel_+02_amount: 11.17500
data_price_hour_abs_15_amount: 11.17500
data_price_hour_rel_+03_amount: 11.69000
data_price_hour_abs_16_amount: 11.69000
data_price_hour_rel_+04_amount: 13.12100
data_price_hour_abs_17_amount: 13.12100
data_price_hour_rel_+05_amount: 13.73800
data_price_hour_abs_18_amount: 13.73800
data_price_hour_rel_+06_amount: 13.25800
data_price_hour_abs_19_amount: 13.25800
data_price_hour_rel_+07_amount: 12.40200
data_price_hour_abs_20_amount: 12.40200
data_price_hour_rel_+08_amount: 11.40200
data_price_hour_abs_21_amount: 11.40200
data_price_hour_rel_+09_amount: 11.19400
data_price_hour_abs_22_amount: 11.19400
data_price_hour_rel_+10_amount: 10.44900
data_price_hour_abs_23_amount: 10.44900