date_now: 2026-03-28 13:49:39
date_now_epoch: 1774702179761
date_now_day: 28
date_now_month: 3
date_now_year: 2026
date_start: 2026-03-28 00:00:00
date_end: 2026-03-28 23:59:59
price_low: 0.67000
price_high: 15.40700
price_median: 8.80200
price_average: 8.10004
price_current: 0.78500
price_unit: Cent/kWh
price_threshold_00: 0.67000
price_threshold_01: 0.76400
price_threshold_02: 0.78500
price_threshold_03: 1.75800
price_threshold_04: 2.04800
price_threshold_05: 4.49100
price_threshold_06: 5.42400
price_threshold_07: 6.83000
price_threshold_08: 7.91900
price_threshold_09: 8.10500
price_threshold_10: 8.72600
price_threshold_11: 8.79200
price_threshold_12: 8.81200
price_threshold_13: 8.95500
price_threshold_14: 9.16100
price_threshold_15: 9.26700
price_threshold_16: 9.51400
price_threshold_17: 11.03400
price_threshold_18: 11.95800
price_threshold_19: 12.53300
price_threshold_20: 13.16000
price_threshold_21: 13.89300
price_threshold_22: 14.39500
price_threshold_23: 15.40700
data_price_hour_rel_-13_amount: 9.51400
data_price_hour_abs_00_amount: 9.51400
data_price_hour_rel_-12_amount: 9.26700
data_price_hour_abs_01_amount: 9.26700
data_price_hour_rel_-11_amount: 8.95500
data_price_hour_abs_02_amount: 8.95500
data_price_hour_rel_-10_amount: 8.72600
data_price_hour_abs_03_amount: 8.72600
data_price_hour_rel_-09_amount: 8.81200
data_price_hour_abs_04_amount: 8.81200
data_price_hour_rel_-08_amount: 9.16100
data_price_hour_abs_05_amount: 9.16100
data_price_hour_rel_-07_amount: 8.79200
data_price_hour_abs_06_amount: 8.79200
data_price_hour_rel_-06_amount: 7.91900
data_price_hour_abs_07_amount: 7.91900
data_price_hour_rel_-05_amount: 6.83000
data_price_hour_abs_08_amount: 6.83000
data_price_hour_rel_-04_amount: 4.49100
data_price_hour_abs_09_amount: 4.49100
data_price_hour_rel_-03_amount: 1.75800
data_price_hour_abs_10_amount: 1.75800
data_price_hour_rel_-02_amount: 0.76400
data_price_hour_abs_11_amount: 0.76400
data_price_hour_rel_-01_amount: 0.67000
data_price_hour_abs_12_amount: 0.67000
data_price_hour_rel_+00_amount: 0.78500
data_price_hour_abs_13_amount: 0.78500
data_price_hour_rel_+01_amount: 2.04800
data_price_hour_abs_14_amount: 2.04800
data_price_hour_rel_+02_amount: 5.42400
data_price_hour_abs_15_amount: 5.42400
data_price_hour_rel_+03_amount: 8.10500
data_price_hour_abs_16_amount: 8.10500
data_price_hour_rel_+04_amount: 11.03400
data_price_hour_abs_17_amount: 11.03400
data_price_hour_rel_+05_amount: 13.89300
data_price_hour_abs_18_amount: 13.89300
data_price_hour_rel_+06_amount: 15.40700
data_price_hour_abs_19_amount: 15.40700
data_price_hour_rel_+07_amount: 14.39500
data_price_hour_abs_20_amount: 14.39500
data_price_hour_rel_+08_amount: 13.16000
data_price_hour_abs_21_amount: 13.16000
data_price_hour_rel_+09_amount: 12.53300
data_price_hour_abs_22_amount: 12.53300
data_price_hour_rel_+10_amount: 11.95800
data_price_hour_abs_23_amount: 11.95800