date_now: 2026-01-21 13:42:49
date_now_epoch: 1768999369262
date_now_day: 21
date_now_month: 1
date_now_year: 2026
date_start: 2026-01-21 00:00:00
date_end: 2026-01-21 23:59:59
price_low: 9.86900
price_high: 17.64000
price_median: 10.51050
price_average: 11.69979
price_current: 10.34800
price_unit: Cent/kWh
price_threshold_00: 9.86900
price_threshold_01: 9.87600
price_threshold_02: 9.88500
price_threshold_03: 9.91300
price_threshold_04: 9.93800
price_threshold_05: 10.09100
price_threshold_06: 10.09900
price_threshold_07: 10.14900
price_threshold_08: 10.17200
price_threshold_09: 10.24400
price_threshold_10: 10.34800
price_threshold_11: 10.47600
price_threshold_12: 10.54500
price_threshold_13: 10.78700
price_threshold_14: 10.86200
price_threshold_15: 11.83000
price_threshold_16: 12.69300
price_threshold_17: 12.78300
price_threshold_18: 13.89100
price_threshold_19: 13.91100
price_threshold_20: 14.28900
price_threshold_21: 14.50400
price_threshold_22: 16.00000
price_threshold_23: 17.64000
data_price_hour_rel_-13_amount: 10.14900
data_price_hour_abs_00_amount: 10.14900
data_price_hour_rel_-12_amount: 10.17200
data_price_hour_abs_01_amount: 10.17200
data_price_hour_rel_-11_amount: 9.87600
data_price_hour_abs_02_amount: 9.87600
data_price_hour_rel_-10_amount: 10.09100
data_price_hour_abs_03_amount: 10.09100
data_price_hour_rel_-09_amount: 9.88500
data_price_hour_abs_04_amount: 9.88500
data_price_hour_rel_-08_amount: 9.86900
data_price_hour_abs_05_amount: 9.86900
data_price_hour_rel_-07_amount: 10.78700
data_price_hour_abs_06_amount: 10.78700
data_price_hour_rel_-06_amount: 16.00000
data_price_hour_abs_07_amount: 16.00000
data_price_hour_rel_-05_amount: 17.64000
data_price_hour_abs_08_amount: 17.64000
data_price_hour_rel_-04_amount: 14.28900
data_price_hour_abs_09_amount: 14.28900
data_price_hour_rel_-03_amount: 11.83000
data_price_hour_abs_10_amount: 11.83000
data_price_hour_rel_-02_amount: 10.09900
data_price_hour_abs_11_amount: 10.09900
data_price_hour_rel_-01_amount: 9.91300
data_price_hour_abs_12_amount: 9.91300
data_price_hour_rel_+00_amount: 10.34800
data_price_hour_abs_13_amount: 10.34800
data_price_hour_rel_+01_amount: 10.86200
data_price_hour_abs_14_amount: 10.86200
data_price_hour_rel_+02_amount: 12.69300
data_price_hour_abs_15_amount: 12.69300
data_price_hour_rel_+03_amount: 14.50400
data_price_hour_abs_16_amount: 14.50400
data_price_hour_rel_+04_amount: 13.91100
data_price_hour_abs_17_amount: 13.91100
data_price_hour_rel_+05_amount: 13.89100
data_price_hour_abs_18_amount: 13.89100
data_price_hour_rel_+06_amount: 12.78300
data_price_hour_abs_19_amount: 12.78300
data_price_hour_rel_+07_amount: 10.54500
data_price_hour_abs_20_amount: 10.54500
data_price_hour_rel_+08_amount: 10.24400
data_price_hour_abs_21_amount: 10.24400
data_price_hour_rel_+09_amount: 10.47600
data_price_hour_abs_22_amount: 10.47600
data_price_hour_rel_+10_amount: 9.93800
data_price_hour_abs_23_amount: 9.93800