date_now: 2026-03-19 13:58:13
date_now_epoch: 1773925093525
date_now_day: 19
date_now_month: 3
date_now_year: 2026
date_start: 2026-03-19 00:00:00
date_end: 2026-03-19 23:59:59
price_low: 0.00000
price_high: 21.43800
price_median: 12.18150
price_average: 11.37954
price_current: 0.25300
price_unit: Cent/kWh
price_threshold_00: 0.00000
price_threshold_01: 0.25300
price_threshold_02: 0.78700
price_threshold_03: 4.37200
price_threshold_04: 5.53000
price_threshold_05: 8.59500
price_threshold_06: 9.09000
price_threshold_07: 10.92500
price_threshold_08: 11.26400
price_threshold_09: 11.39900
price_threshold_10: 11.55300
price_threshold_11: 12.03500
price_threshold_12: 12.32800
price_threshold_13: 13.22400
price_threshold_14: 13.27800
price_threshold_15: 13.86000
price_threshold_16: 13.95500
price_threshold_17: 14.90400
price_threshold_18: 15.21800
price_threshold_19: 15.82400
price_threshold_20: 16.01300
price_threshold_21: 16.33700
price_threshold_22: 20.92700
price_threshold_23: 21.43800
data_price_hour_rel_-13_amount: 10.92500
data_price_hour_abs_00_amount: 10.92500
data_price_hour_rel_-12_amount: 11.26400
data_price_hour_abs_01_amount: 11.26400
data_price_hour_rel_-11_amount: 11.39900
data_price_hour_abs_02_amount: 11.39900
data_price_hour_rel_-10_amount: 11.55300
data_price_hour_abs_03_amount: 11.55300
data_price_hour_rel_-09_amount: 12.32800
data_price_hour_abs_04_amount: 12.32800
data_price_hour_rel_-08_amount: 13.27800
data_price_hour_abs_05_amount: 13.27800
data_price_hour_rel_-07_amount: 16.01300
data_price_hour_abs_06_amount: 16.01300
data_price_hour_rel_-06_amount: 15.82400
data_price_hour_abs_07_amount: 15.82400
data_price_hour_rel_-05_amount: 13.86000
data_price_hour_abs_08_amount: 13.86000
data_price_hour_rel_-04_amount: 9.09000
data_price_hour_abs_09_amount: 9.09000
data_price_hour_rel_-03_amount: 5.53000
data_price_hour_abs_10_amount: 5.53000
data_price_hour_rel_-02_amount: 0.78700
data_price_hour_abs_11_amount: 0.78700
data_price_hour_rel_-01_amount: 0.00000
data_price_hour_abs_12_amount: 0.00000
data_price_hour_rel_+00_amount: 0.25300
data_price_hour_abs_13_amount: 0.25300
data_price_hour_rel_+01_amount: 4.37200
data_price_hour_abs_14_amount: 4.37200
data_price_hour_rel_+02_amount: 8.59500
data_price_hour_abs_15_amount: 8.59500
data_price_hour_rel_+03_amount: 12.03500
data_price_hour_abs_16_amount: 12.03500
data_price_hour_rel_+04_amount: 15.21800
data_price_hour_abs_17_amount: 15.21800
data_price_hour_rel_+05_amount: 20.92700
data_price_hour_abs_18_amount: 20.92700
data_price_hour_rel_+06_amount: 21.43800
data_price_hour_abs_19_amount: 21.43800
data_price_hour_rel_+07_amount: 16.33700
data_price_hour_abs_20_amount: 16.33700
data_price_hour_rel_+08_amount: 14.90400
data_price_hour_abs_21_amount: 14.90400
data_price_hour_rel_+09_amount: 13.95500
data_price_hour_abs_22_amount: 13.95500
data_price_hour_rel_+10_amount: 13.22400
data_price_hour_abs_23_amount: 13.22400