date_now: 2026-04-30 15:47:39
date_now_epoch: 1777556859161
date_now_day: 30
date_now_month: 4
date_now_year: 2026
date_start: 2026-04-30 00:00:00
date_end: 2026-04-30 23:59:59
price_low: -3.20200
price_high: 17.86200
price_median: 9.90250
price_average: 7.20621
price_current: -1.20500
price_unit: Cent/kWh
price_threshold_00: -3.20200
price_threshold_01: -2.89300
price_threshold_02: -1.62500
price_threshold_03: -1.20500
price_threshold_04: -0.38800
price_threshold_05: -0.22900
price_threshold_06: -0.00400
price_threshold_07: 2.05800
price_threshold_08: 4.55600
price_threshold_09: 9.24300
price_threshold_10: 9.62200
price_threshold_11: 9.85700
price_threshold_12: 9.94800
price_threshold_13: 10.01100
price_threshold_14: 10.03200
price_threshold_15: 10.40900
price_threshold_16: 10.96100
price_threshold_17: 11.41000
price_threshold_18: 11.89200
price_threshold_19: 12.22900
price_threshold_20: 13.90900
price_threshold_21: 13.91200
price_threshold_22: 14.58400
price_threshold_23: 17.86200
data_price_hour_rel_-15_amount: 10.03200
data_price_hour_abs_00_amount: 10.03200
data_price_hour_rel_-14_amount: 10.01100
data_price_hour_abs_01_amount: 10.01100
data_price_hour_rel_-13_amount: 9.85700
data_price_hour_abs_02_amount: 9.85700
data_price_hour_rel_-12_amount: 9.94800
data_price_hour_abs_03_amount: 9.94800
data_price_hour_rel_-11_amount: 10.40900
data_price_hour_abs_04_amount: 10.40900
data_price_hour_rel_-10_amount: 11.41000
data_price_hour_abs_05_amount: 11.41000
data_price_hour_rel_-09_amount: 13.91200
data_price_hour_abs_06_amount: 13.91200
data_price_hour_rel_-08_amount: 12.22900
data_price_hour_abs_07_amount: 12.22900
data_price_hour_rel_-07_amount: 9.62200
data_price_hour_abs_08_amount: 9.62200
data_price_hour_rel_-06_amount: 4.55600
data_price_hour_abs_09_amount: 4.55600
data_price_hour_rel_-05_amount: -0.00400
data_price_hour_abs_10_amount: -0.00400
data_price_hour_rel_-04_amount: -0.38800
data_price_hour_abs_11_amount: -0.38800
data_price_hour_rel_-03_amount: -1.62500
data_price_hour_abs_12_amount: -1.62500
data_price_hour_rel_-02_amount: -3.20200
data_price_hour_abs_13_amount: -3.20200
data_price_hour_rel_-01_amount: -2.89300
data_price_hour_abs_14_amount: -2.89300
data_price_hour_rel_+00_amount: -1.20500
data_price_hour_abs_15_amount: -1.20500
data_price_hour_rel_+01_amount: -0.22900
data_price_hour_abs_16_amount: -0.22900
data_price_hour_rel_+02_amount: 2.05800
data_price_hour_abs_17_amount: 2.05800
data_price_hour_rel_+03_amount: 9.24300
data_price_hour_abs_18_amount: 9.24300
data_price_hour_rel_+04_amount: 13.90900
data_price_hour_abs_19_amount: 13.90900
data_price_hour_rel_+05_amount: 17.86200
data_price_hour_abs_20_amount: 17.86200
data_price_hour_rel_+06_amount: 14.58400
data_price_hour_abs_21_amount: 14.58400
data_price_hour_rel_+07_amount: 11.89200
data_price_hour_abs_22_amount: 11.89200
data_price_hour_rel_+08_amount: 10.96100
data_price_hour_abs_23_amount: 10.96100