date_now: 2026-04-27 15:45:37
date_now_epoch: 1777297537503
date_now_day: 27
date_now_month: 4
date_now_year: 2026
date_start: 2026-04-27 00:00:00
date_end: 2026-04-27 23:59:59
price_low: -0.08300
price_high: 18.81200
price_median: 11.41150
price_average: 9.83558
price_current: 0.51400
price_unit: Cent/kWh
price_threshold_00: -0.08300
price_threshold_01: -0.01600
price_threshold_02: -0.01000
price_threshold_03: 0.41400
price_threshold_04: 0.51400
price_threshold_05: 5.91400
price_threshold_06: 6.86700
price_threshold_07: 9.25300
price_threshold_08: 10.71900
price_threshold_09: 11.27100
price_threshold_10: 11.28300
price_threshold_11: 11.30300
price_threshold_12: 11.52000
price_threshold_13: 11.67400
price_threshold_14: 11.84500
price_threshold_15: 12.56500
price_threshold_16: 12.56700
price_threshold_17: 12.65500
price_threshold_18: 12.98500
price_threshold_19: 14.84600
price_threshold_20: 15.36900
price_threshold_21: 16.55700
price_threshold_22: 17.23000
price_threshold_23: 18.81200
data_price_hour_rel_-15_amount: 11.84500
data_price_hour_abs_00_amount: 11.84500
data_price_hour_rel_-14_amount: 11.30300
data_price_hour_abs_01_amount: 11.30300
data_price_hour_rel_-13_amount: 11.27100
data_price_hour_abs_02_amount: 11.27100
data_price_hour_rel_-12_amount: 11.28300
data_price_hour_abs_03_amount: 11.28300
data_price_hour_rel_-11_amount: 11.67400
data_price_hour_abs_04_amount: 11.67400
data_price_hour_rel_-10_amount: 12.56700
data_price_hour_abs_05_amount: 12.56700
data_price_hour_rel_-09_amount: 16.55700
data_price_hour_abs_06_amount: 16.55700
data_price_hour_rel_-08_amount: 15.36900
data_price_hour_abs_07_amount: 15.36900
data_price_hour_rel_-07_amount: 12.65500
data_price_hour_abs_08_amount: 12.65500
data_price_hour_rel_-06_amount: 9.25300
data_price_hour_abs_09_amount: 9.25300
data_price_hour_rel_-05_amount: 5.91400
data_price_hour_abs_10_amount: 5.91400
data_price_hour_rel_-04_amount: 0.41400
data_price_hour_abs_11_amount: 0.41400
data_price_hour_rel_-03_amount: -0.01000
data_price_hour_abs_12_amount: -0.01000
data_price_hour_rel_-02_amount: -0.08300
data_price_hour_abs_13_amount: -0.08300
data_price_hour_rel_-01_amount: -0.01600
data_price_hour_abs_14_amount: -0.01600
data_price_hour_rel_+00_amount: 0.51400
data_price_hour_abs_15_amount: 0.51400
data_price_hour_rel_+01_amount: 6.86700
data_price_hour_abs_16_amount: 6.86700
data_price_hour_rel_+02_amount: 10.71900
data_price_hour_abs_17_amount: 10.71900
data_price_hour_rel_+03_amount: 12.98500
data_price_hour_abs_18_amount: 12.98500
data_price_hour_rel_+04_amount: 17.23000
data_price_hour_abs_19_amount: 17.23000
data_price_hour_rel_+05_amount: 18.81200
data_price_hour_abs_20_amount: 18.81200
data_price_hour_rel_+06_amount: 14.84600
data_price_hour_abs_21_amount: 14.84600
data_price_hour_rel_+07_amount: 12.56500
data_price_hour_abs_22_amount: 12.56500
data_price_hour_rel_+08_amount: 11.52000
data_price_hour_abs_23_amount: 11.52000