date_now: 2026-07-01 16:27:53
date_now_epoch: 1782916073613
date_now_day: 1
date_now_month: 7
date_now_year: 2026
date_start: 2026-07-01 00:00:00
date_end: 2026-07-01 23:59:59
price_low: 9.72800
price_high: 24.34600
price_median: 14.86550
price_average: 15.14346
price_current: 9.93900
price_unit: Cent/kWh
price_threshold_00: 9.72800
price_threshold_01: 9.93900
price_threshold_02: 9.97200
price_threshold_03: 10.14100
price_threshold_04: 11.03900
price_threshold_05: 11.58600
price_threshold_06: 11.94500
price_threshold_07: 12.02700
price_threshold_08: 12.54100
price_threshold_09: 14.57000
price_threshold_10: 14.67800
price_threshold_11: 14.70000
price_threshold_12: 15.03100
price_threshold_13: 15.10400
price_threshold_14: 15.66700
price_threshold_15: 16.03600
price_threshold_16: 16.49000
price_threshold_17: 16.80000
price_threshold_18: 18.02400
price_threshold_19: 19.63300
price_threshold_20: 19.94700
price_threshold_21: 20.33000
price_threshold_22: 23.16900
price_threshold_23: 24.34600
data_price_hour_rel_-16_amount: 16.49000
data_price_hour_abs_00_amount: 16.49000
data_price_hour_rel_-15_amount: 15.03100
data_price_hour_abs_01_amount: 15.03100
data_price_hour_rel_-14_amount: 14.67800
data_price_hour_abs_02_amount: 14.67800
data_price_hour_rel_-13_amount: 14.70000
data_price_hour_abs_03_amount: 14.70000
data_price_hour_rel_-12_amount: 15.10400
data_price_hour_abs_04_amount: 15.10400
data_price_hour_rel_-11_amount: 16.03600
data_price_hour_abs_05_amount: 16.03600
data_price_hour_rel_-10_amount: 19.63300
data_price_hour_abs_06_amount: 19.63300
data_price_hour_rel_-09_amount: 20.33000
data_price_hour_abs_07_amount: 20.33000
data_price_hour_rel_-08_amount: 18.02400
data_price_hour_abs_08_amount: 18.02400
data_price_hour_rel_-07_amount: 14.57000
data_price_hour_abs_09_amount: 14.57000
data_price_hour_rel_-06_amount: 12.54100
data_price_hour_abs_10_amount: 12.54100
data_price_hour_rel_-05_amount: 11.94500
data_price_hour_abs_11_amount: 11.94500
data_price_hour_rel_-04_amount: 11.58600
data_price_hour_abs_12_amount: 11.58600
data_price_hour_rel_-03_amount: 11.03900
data_price_hour_abs_13_amount: 11.03900
data_price_hour_rel_-02_amount: 9.97200
data_price_hour_abs_14_amount: 9.97200
data_price_hour_rel_-01_amount: 9.72800
data_price_hour_abs_15_amount: 9.72800
data_price_hour_rel_+00_amount: 9.93900
data_price_hour_abs_16_amount: 9.93900
data_price_hour_rel_+01_amount: 10.14100
data_price_hour_abs_17_amount: 10.14100
data_price_hour_rel_+02_amount: 12.02700
data_price_hour_abs_18_amount: 12.02700
data_price_hour_rel_+03_amount: 16.80000
data_price_hour_abs_19_amount: 16.80000
data_price_hour_rel_+04_amount: 23.16900
data_price_hour_abs_20_amount: 23.16900
data_price_hour_rel_+05_amount: 24.34600
data_price_hour_abs_21_amount: 24.34600
data_price_hour_rel_+06_amount: 19.94700
data_price_hour_abs_22_amount: 19.94700
data_price_hour_rel_+07_amount: 15.66700
data_price_hour_abs_23_amount: 15.66700