date_now: 2026-07-11 15:10:56
date_now_epoch: 1783775456062
date_now_day: 11
date_now_month: 7
date_now_year: 2026
date_start: 2026-07-11 00:00:00
date_end: 2026-07-11 23:59:59
price_low: -0.09800
price_high: 15.63800
price_median: 13.03100
price_average: 9.46042
price_current: -0.05000
price_unit: Cent/kWh
price_threshold_00: -0.09800
price_threshold_01: -0.07000
price_threshold_02: -0.05000
price_threshold_03: -0.00100
price_threshold_04: 0.03300
price_threshold_05: 0.61700
price_threshold_06: 1.60900
price_threshold_07: 7.38600
price_threshold_08: 7.47000
price_threshold_09: 11.53500
price_threshold_10: 12.03500
price_threshold_11: 12.42800
price_threshold_12: 13.63400
price_threshold_13: 13.88600
price_threshold_14: 14.04600
price_threshold_15: 14.06700
price_threshold_16: 14.10000
price_threshold_17: 14.11100
price_threshold_18: 14.39500
price_threshold_19: 14.55800
price_threshold_20: 15.05000
price_threshold_21: 15.18200
price_threshold_22: 15.48900
price_threshold_23: 15.63800
data_price_hour_rel_-15_amount: 15.05000
data_price_hour_abs_00_amount: 15.05000
data_price_hour_rel_-14_amount: 14.39500
data_price_hour_abs_01_amount: 14.39500
data_price_hour_rel_-13_amount: 14.11100
data_price_hour_abs_02_amount: 14.11100
data_price_hour_rel_-12_amount: 14.06700
data_price_hour_abs_03_amount: 14.06700
data_price_hour_rel_-11_amount: 14.04600
data_price_hour_abs_04_amount: 14.04600
data_price_hour_rel_-10_amount: 13.88600
data_price_hour_abs_05_amount: 13.88600
data_price_hour_rel_-09_amount: 13.63400
data_price_hour_abs_06_amount: 13.63400
data_price_hour_rel_-08_amount: 12.42800
data_price_hour_abs_07_amount: 12.42800
data_price_hour_rel_-07_amount: 11.53500
data_price_hour_abs_08_amount: 11.53500
data_price_hour_rel_-06_amount: 7.38600
data_price_hour_abs_09_amount: 7.38600
data_price_hour_rel_-05_amount: 1.60900
data_price_hour_abs_10_amount: 1.60900
data_price_hour_rel_-04_amount: 0.03300
data_price_hour_abs_11_amount: 0.03300
data_price_hour_rel_-03_amount: -0.00100
data_price_hour_abs_12_amount: -0.00100
data_price_hour_rel_-02_amount: -0.07000
data_price_hour_abs_13_amount: -0.07000
data_price_hour_rel_-01_amount: -0.09800
data_price_hour_abs_14_amount: -0.09800
data_price_hour_rel_+00_amount: -0.05000
data_price_hour_abs_15_amount: -0.05000
data_price_hour_rel_+01_amount: 0.61700
data_price_hour_abs_16_amount: 0.61700
data_price_hour_rel_+02_amount: 7.47000
data_price_hour_abs_17_amount: 7.47000
data_price_hour_rel_+03_amount: 12.03500
data_price_hour_abs_18_amount: 12.03500
data_price_hour_rel_+04_amount: 14.10000
data_price_hour_abs_19_amount: 14.10000
data_price_hour_rel_+05_amount: 15.18200
data_price_hour_abs_20_amount: 15.18200
data_price_hour_rel_+06_amount: 15.63800
data_price_hour_abs_21_amount: 15.63800
data_price_hour_rel_+07_amount: 15.48900
data_price_hour_abs_22_amount: 15.48900
data_price_hour_rel_+08_amount: 14.55800
data_price_hour_abs_23_amount: 14.55800