date_now: 2026-02-06 13:52:58
date_now_epoch: 1770382378794
date_now_day: 6
date_now_month: 2
date_now_year: 2026
date_start: 2026-02-06 00:00:00
date_end: 2026-02-06 23:59:59
price_low: 9.80900
price_high: 14.47400
price_median: 12.89100
price_average: 12.18829
price_current: 13.58900
price_unit: Cent/kWh
price_threshold_00: 9.80900
price_threshold_01: 9.82300
price_threshold_02: 9.87400
price_threshold_03: 9.91300
price_threshold_04: 9.93100
price_threshold_05: 10.22400
price_threshold_06: 10.23300
price_threshold_07: 10.62600
price_threshold_08: 10.88500
price_threshold_09: 11.09800
price_threshold_10: 11.54200
price_threshold_11: 12.56300
price_threshold_12: 13.21900
price_threshold_13: 13.39600
price_threshold_14: 13.56700
price_threshold_15: 13.58900
price_threshold_16: 13.62100
price_threshold_17: 13.71900
price_threshold_18: 13.89100
price_threshold_19: 13.94600
price_threshold_20: 13.94700
price_threshold_21: 14.20900
price_threshold_22: 14.42000
price_threshold_23: 14.47400
data_price_hour_rel_-13_amount: 9.93100
data_price_hour_abs_00_amount: 9.93100
data_price_hour_rel_-12_amount: 9.91300
data_price_hour_abs_01_amount: 9.91300
data_price_hour_rel_-11_amount: 9.80900
data_price_hour_abs_02_amount: 9.80900
data_price_hour_rel_-10_amount: 9.82300
data_price_hour_abs_03_amount: 9.82300
data_price_hour_rel_-09_amount: 9.87400
data_price_hour_abs_04_amount: 9.87400
data_price_hour_rel_-08_amount: 10.23300
data_price_hour_abs_05_amount: 10.23300
data_price_hour_rel_-07_amount: 11.54200
data_price_hour_abs_06_amount: 11.54200
data_price_hour_rel_-06_amount: 13.94600
data_price_hour_abs_07_amount: 13.94600
data_price_hour_rel_-05_amount: 14.47400
data_price_hour_abs_08_amount: 14.47400
data_price_hour_rel_-04_amount: 14.42000
data_price_hour_abs_09_amount: 14.42000
data_price_hour_rel_-03_amount: 14.20900
data_price_hour_abs_10_amount: 14.20900
data_price_hour_rel_-02_amount: 13.89100
data_price_hour_abs_11_amount: 13.89100
data_price_hour_rel_-01_amount: 13.62100
data_price_hour_abs_12_amount: 13.62100
data_price_hour_rel_+00_amount: 13.58900
data_price_hour_abs_13_amount: 13.58900
data_price_hour_rel_+01_amount: 13.56700
data_price_hour_abs_14_amount: 13.56700
data_price_hour_rel_+02_amount: 13.94700
data_price_hour_abs_15_amount: 13.94700
data_price_hour_rel_+03_amount: 13.39600
data_price_hour_abs_16_amount: 13.39600
data_price_hour_rel_+04_amount: 13.71900
data_price_hour_abs_17_amount: 13.71900
data_price_hour_rel_+05_amount: 13.21900
data_price_hour_abs_18_amount: 13.21900
data_price_hour_rel_+06_amount: 12.56300
data_price_hour_abs_19_amount: 12.56300
data_price_hour_rel_+07_amount: 11.09800
data_price_hour_abs_20_amount: 11.09800
data_price_hour_rel_+08_amount: 10.88500
data_price_hour_abs_21_amount: 10.88500
data_price_hour_rel_+09_amount: 10.62600
data_price_hour_abs_22_amount: 10.62600
data_price_hour_rel_+10_amount: 10.22400
data_price_hour_abs_23_amount: 10.22400