date_now: 2026-01-15 13:39:49
date_now_epoch: 1768480789393
date_now_day: 15
date_now_month: 1
date_now_year: 2026
date_start: 2026-01-15 00:00:00
date_end: 2026-01-15 23:59:59
price_low: 8.11600
price_high: 14.55000
price_median: 9.93000
price_average: 10.14667
price_current: 10.06200
price_unit: Cent/kWh
price_threshold_00: 8.11600
price_threshold_01: 8.29300
price_threshold_02: 8.48100
price_threshold_03: 8.60000
price_threshold_04: 8.83900
price_threshold_05: 8.93400
price_threshold_06: 9.10000
price_threshold_07: 9.40500
price_threshold_08: 9.52800
price_threshold_09: 9.78600
price_threshold_10: 9.81600
price_threshold_11: 9.82000
price_threshold_12: 10.04000
price_threshold_13: 10.06200
price_threshold_14: 10.06200
price_threshold_15: 10.14200
price_threshold_16: 10.49800
price_threshold_17: 10.51200
price_threshold_18: 10.54900
price_threshold_19: 10.56500
price_threshold_20: 11.97500
price_threshold_21: 12.31000
price_threshold_22: 13.53700
price_threshold_23: 14.55000
data_price_hour_rel_-13_amount: 10.06200
data_price_hour_abs_00_amount: 10.06200
data_price_hour_rel_-12_amount: 9.40500
data_price_hour_abs_01_amount: 9.40500
data_price_hour_rel_-11_amount: 8.93400
data_price_hour_abs_02_amount: 8.93400
data_price_hour_rel_-10_amount: 8.48100
data_price_hour_abs_03_amount: 8.48100
data_price_hour_rel_-09_amount: 8.29300
data_price_hour_abs_04_amount: 8.29300
data_price_hour_rel_-08_amount: 8.60000
data_price_hour_abs_05_amount: 8.60000
data_price_hour_rel_-07_amount: 9.82000
data_price_hour_abs_06_amount: 9.82000
data_price_hour_rel_-06_amount: 10.51200
data_price_hour_abs_07_amount: 10.51200
data_price_hour_rel_-05_amount: 10.49800
data_price_hour_abs_08_amount: 10.49800
data_price_hour_rel_-04_amount: 10.14200
data_price_hour_abs_09_amount: 10.14200
data_price_hour_rel_-03_amount: 10.04000
data_price_hour_abs_10_amount: 10.04000
data_price_hour_rel_-02_amount: 9.78600
data_price_hour_abs_11_amount: 9.78600
data_price_hour_rel_-01_amount: 9.52800
data_price_hour_abs_12_amount: 9.52800
data_price_hour_rel_+00_amount: 10.06200
data_price_hour_abs_13_amount: 10.06200
data_price_hour_rel_+01_amount: 10.56500
data_price_hour_abs_14_amount: 10.56500
data_price_hour_rel_+02_amount: 12.31000
data_price_hour_abs_15_amount: 12.31000
data_price_hour_rel_+03_amount: 13.53700
data_price_hour_abs_16_amount: 13.53700
data_price_hour_rel_+04_amount: 14.55000
data_price_hour_abs_17_amount: 14.55000
data_price_hour_rel_+05_amount: 11.97500
data_price_hour_abs_18_amount: 11.97500
data_price_hour_rel_+06_amount: 10.54900
data_price_hour_abs_19_amount: 10.54900
data_price_hour_rel_+07_amount: 9.81600
data_price_hour_abs_20_amount: 9.81600
data_price_hour_rel_+08_amount: 9.10000
data_price_hour_abs_21_amount: 9.10000
data_price_hour_rel_+09_amount: 8.83900
data_price_hour_abs_22_amount: 8.83900
data_price_hour_rel_+10_amount: 8.11600
data_price_hour_abs_23_amount: 8.11600