date_now: 2026-07-08 15:55:40
date_now_epoch: 1783518940673
date_now_day: 8
date_now_month: 7
date_now_year: 2026
date_start: 2026-07-08 00:00:00
date_end: 2026-07-08 23:59:59
price_low: 0.79000
price_high: 16.06200
price_median: 11.26700
price_average: 9.89583
price_current: 0.97900
price_unit: Cent/kWh
price_threshold_00: 0.79000
price_threshold_01: 0.97900
price_threshold_02: 1.72500
price_threshold_03: 3.50200
price_threshold_04: 4.90100
price_threshold_05: 7.10800
price_threshold_06: 7.73100
price_threshold_07: 7.95800
price_threshold_08: 10.04200
price_threshold_09: 10.44300
price_threshold_10: 10.81700
price_threshold_11: 11.17600
price_threshold_12: 11.35800
price_threshold_13: 11.49200
price_threshold_14: 11.58500
price_threshold_15: 11.97100
price_threshold_16: 12.57900
price_threshold_17: 13.07500
price_threshold_18: 13.19100
price_threshold_19: 13.50500
price_threshold_20: 14.50500
price_threshold_21: 15.08500
price_threshold_22: 15.92000
price_threshold_23: 16.06200
data_price_hour_rel_-15_amount: 11.49200
data_price_hour_abs_00_amount: 11.49200
data_price_hour_rel_-14_amount: 11.58500
data_price_hour_abs_01_amount: 11.58500
data_price_hour_rel_-13_amount: 11.17600
data_price_hour_abs_02_amount: 11.17600
data_price_hour_rel_-12_amount: 10.81700
data_price_hour_abs_03_amount: 10.81700
data_price_hour_rel_-11_amount: 11.35800
data_price_hour_abs_04_amount: 11.35800
data_price_hour_rel_-10_amount: 11.97100
data_price_hour_abs_05_amount: 11.97100
data_price_hour_rel_-09_amount: 13.07500
data_price_hour_abs_06_amount: 13.07500
data_price_hour_rel_-08_amount: 13.19100
data_price_hour_abs_07_amount: 13.19100
data_price_hour_rel_-07_amount: 12.57900
data_price_hour_abs_08_amount: 12.57900
data_price_hour_rel_-06_amount: 10.04200
data_price_hour_abs_09_amount: 10.04200
data_price_hour_rel_-05_amount: 7.95800
data_price_hour_abs_10_amount: 7.95800
data_price_hour_rel_-04_amount: 7.10800
data_price_hour_abs_11_amount: 7.10800
data_price_hour_rel_-03_amount: 4.90100
data_price_hour_abs_12_amount: 4.90100
data_price_hour_rel_-02_amount: 1.72500
data_price_hour_abs_13_amount: 1.72500
data_price_hour_rel_-01_amount: 0.79000
data_price_hour_abs_14_amount: 0.79000
data_price_hour_rel_+00_amount: 0.97900
data_price_hour_abs_15_amount: 0.97900
data_price_hour_rel_+01_amount: 3.50200
data_price_hour_abs_16_amount: 3.50200
data_price_hour_rel_+02_amount: 7.73100
data_price_hour_abs_17_amount: 7.73100
data_price_hour_rel_+03_amount: 10.44300
data_price_hour_abs_18_amount: 10.44300
data_price_hour_rel_+04_amount: 13.50500
data_price_hour_abs_19_amount: 13.50500
data_price_hour_rel_+05_amount: 15.08500
data_price_hour_abs_20_amount: 15.08500
data_price_hour_rel_+06_amount: 16.06200
data_price_hour_abs_21_amount: 16.06200
data_price_hour_rel_+07_amount: 15.92000
data_price_hour_abs_22_amount: 15.92000
data_price_hour_rel_+08_amount: 14.50500
data_price_hour_abs_23_amount: 14.50500